outputs/DTF_triangulation/38_2014-11-25_152058_DSC_0559-G_DN141125_01_2018-04-26_163331_martin_nocomment.ecsv
# %ECSV 0.9
# ---
# datatype:
# - {name: x_image, unit: pix, datatype: float64}
# - {name: y_image, unit: pix, datatype: float64}
# - {name: time_err_minus, unit: s, datatype: float64}
# - {name: time_err_plus, unit: s, datatype: float64}
# - {name: de_bruijn_sequence_element_index, datatype: object}
# - {name: dash_start_end, datatype: object}
# - {name: zero_or_one, datatype: int64}
# - {name: err_minus_x_image, unit: pix, datatype: float64}
# - {name: err_plus_x_image, unit: pix, datatype: float64}
# - {name: err_minus_y_image, unit: pix, datatype: float64}
# - {name: err_plus_y_image, unit: pix, datatype: float64}
# - {name: periodic_pulse, datatype: object}
# - {name: pick_flag, datatype: object}
# - {name: encoding_type, datatype: object}
# - {name: brightness_dash_V, unit: adu, datatype: float64}
# - {name: flux_dash_V, unit: adu / s, datatype: float64}
# - {name: aperture_exptime, unit: s, datatype: float64}
# - {name: datetime, datatype: string}
# - {name: altitude, datatype: float64}
# - {name: azimuth, datatype: float64}
# - {name: err_minus_altitude, datatype: float64}
# - {name: err_plus_altitude, datatype: float64}
# - {name: err_minus_azimuth, datatype: float64}
# - {name: err_plus_azimuth, datatype: float64}
# - {name: JD, datatype: float64, description: Julian Date}
# - {name: m_V, unit: adu / s, datatype: float64}
# - {name: longitude, unit: deg, datatype: float64}
# - {name: latitude, unit: deg, datatype: float64}
# - {name: height, unit: m, datatype: float64}
# - {name: X_geo, unit: m, datatype: float64}
# - {name: Y_geo, unit: m, datatype: float64}
# - {name: Z_geo, unit: m, datatype: float64}
# - {name: cross_track_error, unit: m, datatype: float64}
# - {name: timing, datatype: bool}
# - {name: t_rel, unit: s, datatype: float64}
# - {name: X_eci, unit: m, datatype: float64}
# - {name: Y_eci, unit: m, datatype: float64}
# - {name: Z_eci, unit: m, datatype: float64}
# - {name: pos_err, unit: m, datatype: float64}
# - {name: D_DT_geo, unit: m / s, datatype: float64}
# - {name: D_DT_eci, unit: m / s, datatype: float64}
# - {name: D_DT_err, unit: m / s, datatype: float64}
# - {name: along_track_error, unit: m, datatype: float64}
# - {name: range, unit: m, datatype: float64}
# delimiter: ','
# meta: !!omap
# - {origin: Desert Fireball Network}
# - {exposure_time: 25.0}
# - {lens_type: Fisheye}
# - {telescope: DFNSMALL38}
# - {observer: 'DFN automated software http://adsabs.harvard.edu/abs/2012M%26PSA..75.5123T'}
# - {creator: raw_to_fits 6.0}
# - {timing_correction_dictionary_version: DEBUG}
# - {isodate_mid_obs: '2014-11-25T15:21:10.500'}
# - {sidereal_time_hour: 4.670575946357566}
# - {point_picking_user_comment: nocomment}
# - {point_picking_hostname: work-desktop-debian}
# - {obs_latitude: -30.85765}
# - {original_raw_filename: 38_2014-11-25_152058_DSC_0559.NEF}
# - {cropped: false}
# - {obs_elevation: 164.4}
# - {instrument: Nikon D800E}
# - {gps_lock: Y}
# - {filter_pattern: RG/GB}
# - {location: NorthWell}
# - {aperture: 4.0}
# - {isodate_start_obs: '2014-11-25T15:20:58'}
# - {image_file: 38_2014-11-25_152058_DSC_0559-G.tiff}
# - {timing_corrected: true}
# - {NAXIS2: 4924}
# - {NAXIS1: 7378}
# - {event_codename: DN141125_01}
# - {jd_mid_obs: 2456987.139704861}
# - {lens: Samyang_8mm_F3.5}
# - {timing_de_bruijn_encoding_type: pulse_width}
[...]
# - {triangulation_dec_ecef_end_err: 0.02114299389599593}
# - {triangulation_slope_end: 25.517101553974424}
# - {triangulation_slope_end_err: 0.01340281265707172}
# - {triangulation_azimuth_end: -128.32272534964818}
# - {triangulation_azimuth_end_err: 0.02117553906607739}
# - {triangulation_file_1: 38_2014-11-25_152058_DSC_0559-G_DN141125_01_2018-04-26_163331_martin_nocomment.ecsv}
# - {triangulation_file_2: 40_2014-11-25_152058_DSC_0617-G_DN141125_01_2018-04-26_163631_martin_nocomment.ecsv}
# - {triangulation_file_3: 41_2014-11-25_152059_DSC_0674-G_DN141125_01_2018-01-01_212656_ellie_nocomment.ecsv}
# - {triangulation_file_4: 40_2014-11-25_152058_DSC_0617-G_DN141125_01_2018-04-26_163631_martin_nocomment.ecsv}
# - {triangulation_file_5: 38_2014-11-25_152058_DSC_0559-G_DN141125_01_2018-04-26_163331_martin_nocomment.ecsv}
# - {triangulation_t0: '2014-11-25T15:21:15.386'}
# - {triangulation_file_0: 36_2014-11-25_152058_DSC_0594-G_DN141125_01_2018-04-26_163106_martin_nocomment.ecsv}
# - {astropy_version: 3.0.1}
# - {numpy_version: 1.14.2}
# - {scipy_version: 1.0.1}
# schema: astropy-2.0
x_image,y_image,time_err_minus,time_err_plus,de_bruijn_sequence_element_index,dash_start_end,zero_or_one,err_minus_x_image,err_plus_x_image,err_minus_y_image,err_plus_y_image,periodic_pulse,pick_flag,encoding_type,brightness_dash_V,flux_dash_V,aperture_exptime,datetime,altitude,azimuth,err_minus_altitude,err_plus_altitude,err_minus_azimuth,err_plus_azimuth,JD,m_V,longitude,latitude,height,X_geo,Y_geo,Z_geo,cross_track_error,timing,t_rel,X_eci,Y_eci,Z_eci,pos_err,D_DT_geo,D_DT_eci,D_DT_err,along_track_error,range
1835.66373616,1830.43819104,0.00065,5e-05,172,E,1,0.5,0.5,0.5,0.5,-,M,PW,nan,nan,nan,2014-11-25T15:21:18.286,24.7163171375,243.109979504,0.027799569442,0.027799569442,0.023019944143,0.023019944143,2456987.13979,nan,134.05050653455208,-31.381578358394858,61949.200476607664,-3826170.8772510095,3955132.7913390812,-3334343.6892355806,-132.21660215131558,True,2.9,1996301.1052170822,5126365.270072491,-3337014.8084308724,21.1212880955087,13849.004765243792,14121.223266506122,9.546396753453694,-76.50119258144207,144854.9551816027
1834.65265052,1831.44927669,0.00065,5e-05,173,S,1,0.5,0.5,0.5,0.5,-,M,PW,520054.183256,8442438.03987,0.0616,2014-11-25T15:21:18.326,24.6988761772,243.145826834,0.027799569442,0.027799569442,0.023019944143,0.023019944143,2456987.1398,-4.83002359454,134.05437336895588,-31.378665731737847,61699.1997051732,-3826407.4534793645,3954843.196452216,-3333935.122895566,-99.08000375748263,True,2.94,1995924.9176645854,5126465.479273135,-3336605.689217478,20.874350899787025,13843.81380484151,14116.025908872118,9.509851537910759,-119.45406140378905,144316.68747528194
1832.63047923,1834.2803165,0.00065,5e-05,173,E,1,0.5,0.5,0.5,0.5,-,M,PW,nan,nan,nan,2014-11-25T15:21:18.386,24.6714923181,243.238683133,0.027799569442,0.027799569442,0.023019944143,0.023019944143,2456987.1398,nan,134.06017075311928,-31.37429813387585,61324.43482569592,-3826762.1293834834,3954409.02129319,-3333322.549415482,-58.43531758747569,True,3.0,1995360.910744867,5126615.708165153,-3335992.2868041513,20.51192418425276,13835.713943630519,14107.91643417026,9.4529504848983,-96.38968610307786,143509.89978736074
1832.83269635,1835.6958364,0.00065,5e-05,174,S,1,0.5,0.5,0.5,0.5,-,M,PW,609904.214179,9901042.43798,0.0616,2014-11-25T15:21:18.426,24.6900969074,243.27399269,0.0277167215644,0.0277167215644,0.022996338018,0.022996338018,2456987.1398,-5.00305619458,134.0640335271358,-31.371387349721562,61074.75343303678,-3826998.4384933985,3954119.7323010894,-3332914.3584178137,-114.99074348313495,True,3.04,1994985.0955461145,5126715.802465488,-3335583.543474882,20.275696925452937,13830.097890925834,14102.294036479452,9.413601378859452,-154.0913439546984,142972.47512074778
1831.21495932,1838.72909333,0.00065,5e-05,174,E,1,0.5,0.5,0.5,0.5,-,M,PW,nan,nan,nan,2014-11-25T15:21:18.486,24.6751708747,243.368407013,0.0277167215644,0.0277167215644,0.022996338018,0.022996338018,2456987.1398,nan,134.06982484549388,-31.367022688926433,60700.482038858296,-3827352.7171917413,3953686.0160839274,-3332302.3719424293,-105.96942280117631,True,3.1,1994421.6683538596,5126865.853480163,-3334970.7289228304,19.929643996235612,13821.337049418373,14093.52374053332,9.352408792230692,-135.06375937500775,142166.969863653
1830.40609081,1840.14461324,0.00065,5e-05,175,S,0,0.5,0.5,0.5,0.5,-,M,PW,824284.351673,35529497.9169,0.0232,2014-11-25T15:21:18.526,24.6667130369,243.412939912,0.0277167215644,0.0277167215644,0.022996338018,0.022996338018,2456987.1398,-6.39032656541,134.0736835869117,-31.36411398210816,60451.13963246392,-3827588.763533415,3953397.033554418,-3331894.588831564,-98.32401422767462,True,3.14,1994046.2542452267,5126965.825387751,-3334562.3940629917,19.704559810439207,13815.264393173891,14087.444825388957,9.310198221672287,-165.14470293090648,141630.4127426378
1828.58613664,1843.17787017,0.00065,5e-05,175,E,0,0.5,0.5,0.5,0.5,-,M,PW,nan,nan,nan,2014-11-25T15:21:18.546,24.6461589544,243.509106578,0.0277167215644,0.0277167215644,0.022996338018,0.022996338018,2456987.1398,nan,134.07561229699166,-31.36265996390151,60326.52120201283,-3827706.7436600095,3953252.5921980916,-3331690.761706023,-76.4712815255428,True,3.16,1993858.6102306594,5127015.792232804,-3334358.291165309,19.5937333456701,13812.15641766145,14084.333755068248,9.288621960271733,-10.895965852068308,141362.27129865056
1822.7218399,1855.10868078,0.00065,5e-05,177,E,1,0.5,0.5,0.5,0.5,-,M,PW,nan,nan,nan,2014-11-25T15:21:18.786,24.5983691642,243.875248915,0.0276407945831,0.0276407945831,0.0229579449714,0.0229579449714,2456987.1398,nan,134.09871954579563,-31.345231251119632,58834.02080558335,-3829120.089036917,3951522.109787417,-3329248.4758241847,-69.99713600681778,True,3.4,1991610.4149618384,5127614.334295722,-3331912.7011204027,18.35564395084056,13770.860298508955,14043.001128803364,9.0062022990408,1.8217459563744178,138152.16073326897
1822.51962277,1856.52420069,0.00065,5e-05,178,S,0,0.5,0.5,0.5,0.5,-,M,PW,707132.065355,30479830.4032,0.0232,2014-11-25T15:21:18.826,24.6057470101,243.914288681,0.0275599777647,0.0275599777647,0.0229405079731,0.0229405079731,2456987.1398,-6.223885255,134.10256343440201,-31.34233036380766,58585.828003694514,-3829355.1735626943,3951234.247227841,-3328842.136397493,-99.19253800883921,True,3.44,1991236.3983711144,5127713.888393804,-3331505.811989953,18.16620097488171,13763.207293248963,14035.342211106888,8.954754189304548,-52.056076100349365,137618.5964042311
1821.10410287,1859.55745762,0.00065,5e-05,178,E,0,0.5,0.5,0.5,0.5,-,M,PW,nan,nan,nan,2014-11-25T15:21:18.846,24.5951754943,244.006619629,0.0275599777647,0.0275599777647,0.0229405079731,0.0229405079731,2456987.1398,nan,134.10448463476223,-31.34088038269041,58461.79505285265,-3829472.66838806,3951090.372774857,-3328639.048780677,-101.45388652635461,True,3.46,1991049.4687065769,5127763.6422709245,-3331302.4496433437,18.07332637619346,13759.2923575187,14031.42433282414,8.928567839080273,82.66715187213751,137351.9717248114
1820.29523435,1861.57962891,0.00065,5e-05,179,S,0,0.5,0.5,0.5,0.5,-,M,PW,634406.381646,27345102.6572,0.0232,2014-11-25T15:21:18.926,24.5916540816,244.066973293,0.0275599777647,0.0275599777647,0.0229405079731,0.0229405079731,2456987.1398,-6.10605278488,134.11216371865288,-31.33508369147603,57966.09875553136,-3829942.2807409223,3950515.3060316313,-3327827.266362173,-110.88671184182049,True,3.54,1990302.2925254407,5127962.498539613,-3330489.569113243,17.71361895304867,13743.023283288576,14015.143657619072,8.82102699690465,-60.71439660762959,136286.5979699551
1818.67749732,1864.20845159,0.00065,5e-05,179,E,0,0.5,0.5,0.5,0.5,-,M,PW,nan,nan,nan,2014-11-25T15:21:18.946,24.5718136376,244.150363528,0.0275599777647,0.0275599777647,0.0229405079731,0.0229405079731,2456987.1398,nan,134.11408201709253,-31.333635359757146,57842.286333805176,-3830059.589484302,3950371.650364241,-3327624.4673302136,-88.91726711268635,True,3.56,1990115.6381264417,5128012.171747744,-3330286.4957644558,17.626930172659282,13738.799391764342,14010.916876511523,8.793277844067738,55.416071644198496,136020.542618887
1817.86862881,1866.43284001,0.00065,5e-05,180,S,0,0.5,0.5,0.5,0.5,-,M,PW,711984.031364,30688966.8691,0.0232,2014-11-25T15:21:19.026,24.5699358817,244.216012657,0.0275599777647,0.0275599777647,0.0229405079731,0.0229405079731,2456987.1398,-6.23130956045,134.12174888509065,-31.32784560405744,57347.500142081386,-3830528.418982971,3949797.5028174547,-3326813.8859459977,-103.90168536222552,True,3.64,1989369.6041614122,5128210.694619935,-3329474.8179269796,17.292643893148874,13721.250527704746,13993.356664503961,8.679045644918967,-80.6249631399398,134957.5292397533
1816.4531089,1869.26387982,0.00065,5e-05,180,E,0,0.5,0.5,0.5,0.5,-,M,PW,nan,nan,nan,2014-11-25T15:21:19.046,24.5570870435,244.302901027,0.0275599777647,0.0275599777647,0.0229405079731,0.0229405079731,2456987.1398,nan,134.12366405827208,-31.326399093009712,57223.92242267415,-3830645.5279666577,3949654.082580056,-3326611.399158709,-99.71359001294073,True,3.66,1989183.2458929617,5128260.281723965,-3329272.057254227,17.21218433740736,13716.695435479507,13988.798767032738,8.649704847943395,38.322425716982515,134692.07860218672
1815.64424039,1871.89270249,0.00065,5e-05,181,S,1,0.5,0.5,0.5,0.5,-,M,PW,1044809.40248,16961191.5987,0.0616,2014-11-25T15:21:19.126,24.5585947406,244.379192767,0.0275599777647,0.0275599777647,0.0229405079731,0.0229405079731,2456987.1398,-5.58749478985,134.13131811959948,-31.32061697992999,56730.10519542827,-3831113.5412018937,3949080.901026407,-3325802.116663085,-125.6205530273329,True,3.74,1988438.4405099568,5128458.4487042,-3328461.6801268887,16.90274636271668,13697.775218006163,13969.867486351084,8.529296548628807,-79.99443785275753,133631.545365945
1813.6220691,1876.74591359,0.00065,5e-05,181,E,1,0.5,0.5,0.5,0.5,-,M,PW,nan,nan,nan,2014-11-25T15:21:19.186,24.5469132924,244.52457196,0.0275599777647,0.0275599777647,0.0229405079731,0.0229405079731,2456987.13981,nan,134.137051256132,-31.316284735790205,56360.27834632999,-3831464.078735961,3948651.5712935035,-3325195.8821558743,-141.5576785785248,True,3.8,1987880.5215696935,5128606.876655209,-3327854.6256600386,16.683605193182544,13682.823389744992,13954.907520073404,8.435780495872962,18.03877545933011,132837.52182605313
1813.6220691,1878.56586775,0.00065,5e-05,182,S,1,0.5,0.5,0.5,0.5,-,M,PW,1125035.89422,18263569.7114,0.0616,2014-11-25T15:21:19.226,24.5627952681,244.572607231,0.0275599777647,0.0275599777647,0.0229405079731,0.0229405079731,2456987.13981,-5.66781805623,134.14086985641273,-31.31339875888102,56113.99219434798,-3831697.549249788,3948365.6151061323,-3324792.0885847737,-191.87167061200023,True,3.84,1987508.916290122,5128705.730916583,-3327450.2859254023,16.543608066872046,13672.477077358295,13944.555903532722,8.371949818725678,-27.89672503926422,132308.86565223112
1809.57772652,1882.00355895,0.00065,5e-05,182,E,1,0.5,0.5,0.5,0.5,-,M,PW,nan,nan,nan,2014-11-25T15:21:19.286,24.4840538847,244.697699001,0.0275599777647,0.0275599777647,0.0229405079731,0.0229405079731,2456987.13981,nan,134.146592134768,-31.30907323646298,55744.97438430192,-3832047.3984445245,3947937.103871204,-3324186.9651617524,-49.313033021612874,True,3.9,1986952.039554851,5128853.860499944,-3326844.344079122,16.342611725735672,13656.369277767295,13928.44018965702,8.274146365262155,44.97520305473504,131516.9146420678
1809.57772652,1883.62129598,0.00065,5e-05,183,S,1,0.5,0.5,0.5,0.5,-,M,PW,876923.190959,14235766.087,0.0616,2014-11-25T15:21:19.326,24.4980368317,244.740391448,0.0275599777647,0.0275599777647,0.0229405079731,0.0229405079731,2456987.13981,-5.39730599795,134.15040311050842,-31.306191949673362,55499.24499428142,-3832280.385661267,3947651.72132154,-3323783.9412308354,-93.71630016563594,True,3.94,1986581.1545926838,5128952.50920684,-3326440.7750578127,16.214544116745532,13645.226028687606,13917.291802227832,8.207580578171328,-13.598787140274952,130989.669407383
1807.75777236,1887.46342143,0.00065,5e-05,183,E,1,0.5,0.5,0.5,0.5,-,M,PW,nan,nan,nan,2014-11-25T15:21:19.386,24.4822005973,244.857147711,0.0275599777647,0.0275599777647,0.0229405079731,0.0229405079731,2456987.13981,nan,134.1561133597056,-31.301873787434253,55131.089299529674,-3832629.4724367517,3947224.113493286,-3323180.0171911586,-92.59694826711544,True,4.0,1986025.3979285886,5129100.320150628,-3325836.034237249,16.031145482861852,13627.881284688885,13899.939433721865,8.105799927165604,17.352856794436484,130199.93361833389
1807.75777236,1888.6767242,0.00065,5e-05,184,S,0,0.5,0.5,0.5,0.5,-,M,PW,937983.356476,40430317.0895,0.0232,2014-11-25T15:21:19.426,24.49260023,244.889192365,0.0275599777647,0.0275599777647,0.0229405079731,0.0229405079731,2456987.13981,-6.53062175825,134.15991613510297,-31.298997631221123,54885.95325863562,-3832861.941231435,3946939.347631103,-3322777.8237985037,-125.3027429684527,True,4.04,1985655.286973279,5129198.749326582,-3325433.296889693,15.914550642922173,13615.884520662588,13887.937709402671,8.03678417107174,-63.68398214729061,129674.20158846643
1806.14003532,1892.51884965,0.00065,5e-05,184,E,0,0.5,0.5,0.5,0.5,-,M,PW,nan,nan,nan,2014-11-25T15:21:19.446,24.4818966003,245.004214256,0.0275762406903,0.0275762406903,0.0228950861258,0.0228950861258,2456987.13981,nan,134.16181623511568,-31.297560366738203,54763.47790665534,-3832978.094355041,3946797.0615176503,-3322576.8577753818,-135.42658551946414,True,4.06,1985470.3529746002,5129247.92958512,-3325232.0590739083,15.857924490207461,13609.752564220891,13881.803292118484,8.0019287022443,102.20344400305191,129411.57141674681
1804.52229829,1894.54102094,0.00065,5e-05,185,S,1,0.5,0.5,0.5,0.5,-,M,PW,1028781.76191,16701002.6284,0.0616,2014-11-25T15:21:19.526,24.4555513659,245.071088016,0.0275762406903,0.0275762406903,0.0228950861258,0.0228950861258,2456987.13981,-5.57071025054,134.16940775517065,-31.291816959899524,54274.21296901354,-3833442.146922449,3946228.5845176773,-3321773.896122397,-96.33561654607435,True,4.14,1984731.4543733078,5129444.414590562,-3324428.011465904,15.642225998100672,13584.305956523729,13856.347071449374,7.8605502253833,-42.193045718627644,128362.66838713274
1802.500127,1899.7986663,0.00065,5e-05,185,E,1,0.5,0.5,0.5,0.5,-,M,PW,nan,nan,nan,2014-11-25T15:21:19.586,24.4455009935,245.226755957,0.0275762406903,0.0275762406903,0.0228950861258,0.0228950861258,2456987.13981,nan,134.17509153623678,-31.287515618598167,53907.9558298631,-3833789.564481783,3945802.9662844758,-3321172.6611743527,-120.16949032350044,True,4.2,1984178.1938649067,5129591.521619908,-3323825.9634165354,15.491406338987712,13564.220833920468,13836.254975385842,7.75268138785565,56.78321808208619,127577.75892387291
1801.48904136,1901.01196907,0.00065,5e-05,186,S,0,0.5,0.5,0.5,0.5,-,M,PW,873694.667642,37659252.9156,0.0232,2014-11-25T15:21:19.626,24.4284593943,245.267133797,0.0275762406903,0.0275762406903,0.0228950861258,0.0228950861258,2456987.13981,-6.45353314017,134.17887601767308,-31.284651172501626,53664.126651313316,-3834020.8809007197,3945519.5753017305,-3320772.329070553,-94.57042861184175,True,4.24,1983809.8074588994,5129689.465789303,-3323425.0898983,15.395828534512617,13550.334731595953,13822.364314082102,7.680127387214746,-2.4700332610193496,127055.34355665096
1800.27573858,1903.84300888,0.00065,5e-05,186,E,0,0.5,0.5,0.5,0.5,-,M,PW,nan,nan,nan,2014-11-25T15:21:19.646,24.4194585825,245.351919123,0.0275762406903,0.0275762406903,0.0228950861258,0.0228950861258,2456987.13981,nan,134.1807667712668,-31.283219916173966,53542.31737520742,-3834136.4456447824,3945377.991511413,-3320572.3148180377,-99.9879134168719,True,4.26,1983625.7543535568,5129738.398699599,-3323224.8051437624,15.349482949247486,13543.238840496799,13815.266193196467,7.643680283779878,96.60010861285221,126794.40220843347
1798.86021868,1907.07848294,0.00065,5e-05,187,S,1,0.5,0.5,0.5,0.5,-,M,PW,1056189.896,17145939.8701,0.0616,2014-11-25T15:21:19.726,24.408238021,245.449018728,0.0278205052868,0.0278205052868,0.0228764196228,0.0228764196228,2456987.13981,-5.59925713046,134.18831952891745,-31.277501594058016,53055.804190605704,-3834598.060837253,3944812.426855243,-3319773.3057107013,-104.15743974247304,True,4.34,1982890.5075858377,5129933.860938961,-3322424.715464823,15.17327777962031,13513.802388622791,13785.821027990767,7.497229513133866,-0.23959059547822448,125752.46375351994
1796.83804739,1911.52725978,0.00065,5e-05,187,E,1,0.5,0.5,0.5,0.5,-,M,PW,nan,nan,nan,2014-11-25T15:21:19.786,24.3904935631,245.583079609,0.0278205052868,0.0278205052868,0.0228764196228,0.0228764196228,2456987.13981,nan,134.1939727400289,-31.27322021408073,52691.70596348936,-3834943.5589850997,3944389.104885119,-3319175.193699778,-105.37105278076537,True,4.4,1982340.1256618344,5130080.164545109,-3321825.794562583,15.050219613111864,13490.579808236105,13762.592171266835,7.387169784069837,48.72279167601659,124973.00506974579
1796.231396,1913.34721394,0.00065,5e-05,188,S,1,0.5,0.5,0.5,0.5,-,M,PW,1053342.36044,17099713.6435,0.0616,2014-11-25T15:21:19.826,24.3890940579,245.636130332,0.0278205052868,0.0278205052868,0.0228764196228,0.0228764196228,2456987.13981,-5.59632598369,134.19773610039837,-31.2703696432633,52449.36308783831,-3835173.5505962106,3944107.3001531796,-3318777.021957563,-117.97930383128362,True,4.44,1981973.7274257157,5130177.555119421,-3321427.0843240866,14.972195689015464,13474.53013149529,13746.538461231266,7.314040977782401,5.296698525586965,124454.33560588164
