outputs/DTF_triangulation/38_2014-11-25_152058_DSC_0559-G_DN141125_01_2018-04-26_163331_martin_nocomment.ecsv
# %ECSV 0.9
# ---
# datatype:
# - {name: x_image, unit: pix, datatype: float64}
# - {name: y_image, unit: pix, datatype: float64}
# - {name: time_err_minus, unit: s, datatype: float64}
# - {name: time_err_plus, unit: s, datatype: float64}
# - {name: de_bruijn_sequence_element_index, datatype: object}
# - {name: dash_start_end, datatype: object}
# - {name: zero_or_one, datatype: int64}
# - {name: err_minus_x_image, unit: pix, datatype: float64}
# - {name: err_plus_x_image, unit: pix, datatype: float64}
# - {name: err_minus_y_image, unit: pix, datatype: float64}
# - {name: err_plus_y_image, unit: pix, datatype: float64}
# - {name: periodic_pulse, datatype: object}
# - {name: pick_flag, datatype: object}
# - {name: encoding_type, datatype: object}
# - {name: brightness_dash_V, unit: adu, datatype: float64}
# - {name: flux_dash_V, unit: adu / s, datatype: float64}
# - {name: aperture_exptime, unit: s, datatype: float64}
# - {name: datetime, datatype: string}
# - {name: altitude, datatype: float64}
# - {name: azimuth, datatype: float64}
# - {name: err_minus_altitude, datatype: float64}
# - {name: err_plus_altitude, datatype: float64}
# - {name: err_minus_azimuth, datatype: float64}
# - {name: err_plus_azimuth, datatype: float64}
# - {name: JD, datatype: float64, description: Julian Date}
# - {name: m_V, unit: adu / s, datatype: float64}
# - {name: longitude, unit: deg, datatype: float64}
# - {name: latitude, unit: deg, datatype: float64}
# - {name: height, unit: m, datatype: float64}
# - {name: X_geo, unit: m, datatype: float64}
# - {name: Y_geo, unit: m, datatype: float64}
# - {name: Z_geo, unit: m, datatype: float64}
# - {name: cross_track_error, unit: m, datatype: float64}
# - {name: timing, datatype: bool}
# - {name: t_rel, unit: s, datatype: float64}
# - {name: X_eci, unit: m, datatype: float64}
# - {name: Y_eci, unit: m, datatype: float64}
# - {name: Z_eci, unit: m, datatype: float64}
# - {name: pos_err, unit: m, datatype: float64}
# - {name: D_DT_geo, unit: m / s, datatype: float64}
# - {name: D_DT_eci, unit: m / s, datatype: float64}
# - {name: D_DT_err, unit: m / s, datatype: float64}
# - {name: along_track_error, unit: m, datatype: float64}
# - {name: range, unit: m, datatype: float64}
# delimiter: ','
# meta: !!omap
# - {origin: Desert Fireball Network}
# - {exposure_time: 25.0}
# - {lens_type: Fisheye}
# - {telescope: DFNSMALL38}
# - {observer: 'DFN automated software http://adsabs.harvard.edu/abs/2012M%26PSA..75.5123T'}
# - {creator: raw_to_fits 6.0}
# - {timing_correction_dictionary_version: DEBUG}
# - {isodate_mid_obs: '2014-11-25T15:21:10.500'}
# - {sidereal_time_hour: 4.670575946357566}
# - {point_picking_user_comment: nocomment}
# - {point_picking_hostname: work-desktop-debian}
# - {obs_latitude: -30.85765}
# - {original_raw_filename: 38_2014-11-25_152058_DSC_0559.NEF}
# - {cropped: false}
# - {obs_elevation: 164.4}
# - {instrument: Nikon D800E}
# - {gps_lock: Y}
# - {filter_pattern: RG/GB}
# - {location: NorthWell}
# - {aperture: 4.0}
# - {isodate_start_obs: '2014-11-25T15:20:58'}
# - {image_file: 38_2014-11-25_152058_DSC_0559-G.tiff}
# - {timing_corrected: true}
# - {NAXIS2: 4924}
# - {NAXIS1: 7378}
# - {event_codename: DN141125_01}
# - {jd_mid_obs: 2456987.139704861}
# - {lens: Samyang_8mm_F3.5}
# - {timing_de_bruijn_encoding_type: pulse_width}
[...]
# - {triangulation_dec_ecef_end_err: 0.02114299389599593}
# - {triangulation_slope_end: 25.517101553974424}
# - {triangulation_slope_end_err: 0.01340281265707172}
# - {triangulation_azimuth_end: -128.32272534964818}
# - {triangulation_azimuth_end_err: 0.02117553906607739}
# - {triangulation_file_1: 38_2014-11-25_152058_DSC_0559-G_DN141125_01_2018-04-26_163331_martin_nocomment.ecsv}
# - {triangulation_file_2: 40_2014-11-25_152058_DSC_0617-G_DN141125_01_2018-04-26_163631_martin_nocomment.ecsv}
# - {triangulation_file_3: 41_2014-11-25_152059_DSC_0674-G_DN141125_01_2018-01-01_212656_ellie_nocomment.ecsv}
# - {triangulation_file_4: 40_2014-11-25_152058_DSC_0617-G_DN141125_01_2018-04-26_163631_martin_nocomment.ecsv}
# - {triangulation_file_5: 38_2014-11-25_152058_DSC_0559-G_DN141125_01_2018-04-26_163331_martin_nocomment.ecsv}
# - {triangulation_t0: '2014-11-25T15:21:15.386'}
# - {triangulation_file_0: 36_2014-11-25_152058_DSC_0594-G_DN141125_01_2018-04-26_163106_martin_nocomment.ecsv}
# - {astropy_version: 3.0.1}
# - {numpy_version: 1.14.2}
# - {scipy_version: 1.0.1}
# schema: astropy-2.0
x_image,y_image,time_err_minus,time_err_plus,de_bruijn_sequence_element_index,dash_start_end,zero_or_one,err_minus_x_image,err_plus_x_image,err_minus_y_image,err_plus_y_image,periodic_pulse,pick_flag,encoding_type,brightness_dash_V,flux_dash_V,aperture_exptime,datetime,altitude,azimuth,err_minus_altitude,err_plus_altitude,err_minus_azimuth,err_plus_azimuth,JD,m_V,longitude,latitude,height,X_geo,Y_geo,Z_geo,cross_track_error,timing,t_rel,X_eci,Y_eci,Z_eci,pos_err,D_DT_geo,D_DT_eci,D_DT_err,along_track_error,range
[from data line 59]
1747.50852345,2025.48807099,0.00065,5e-05,203,E,1,0.5,0.5,0.5,0.5,-,M,PW,nan,nan,nan,2014-11-25T15:21:21.386,23.8968943973,248.96976358,0.0273165058553,0.0273165058553,0.0225925582897,0.0225925582897,2456987.13983,nan,134.33919894695615,-31.162906347980808,43357.32282166874,-3843813.7779009836,3933514.884862631,-3303798.306211125,-129.21228768844148,True,6.0,1968181.9222602025,5133840.677537598,-3306428.0992319332,12.770414485520616,12317.239674079472,12589.228509016439,7.605084489943318,78.33174940182083,105105.62597692569
1746.47873706,2027.99817532,0.00065,5e-05,204,S,0,0.5,0.5,0.5,0.5,-,M,PW,1005696.53959,43348988.7756,0.0232,2014-11-25T15:21:21.426,23.8853122984,249.043314672,0.0273165058553,0.0273165058553,0.0225925582897,0.0225925582897,2456987.13983,-6.60630131689,134.34262800421448,-31.160293783130818,43137.34139769075,-3844023.090793659,3933258.131631233,-3303434.9224566156,-129.7252667486327,True,6.04,1967846.843125677,5133929.634761526,-3306064.223027094,12.721646143047913,12268.087454304517,12540.081556604347,7.736668677327405,42.295345062524625,104640.90292068383
1744.35480263,2032.69657574,0.00065,5e-05,204,E,0,0.5,0.5,0.5,0.5,-,M,PW,nan,nan,nan,2014-11-25T15:21:21.446,23.8580079458,249.18215094,0.0273165058553,0.0273165058553,0.0225925582897,0.0225925582897,2456987.13983,nan,134.34433732080976,-31.158991331494153,43027.69176116944,-3844127.426735274,3933130.1452460214,-3303253.77686813,-121.53945185573635,True,6.06,1967679.7908648802,5133973.984046191,-3305882.8319344367,12.698123159675593,12243.01376470906,12515.01067177161,7.803553168249441,198.42010615644023,104409.33817742008
1743.38937788,2035.52848832,0.00065,5e-05,205,S,0,0.5,0.5,0.5,0.5,-,M,PW,927603.112739,39982892.7905,0.0232,2014-11-25T15:21:21.526,23.8499937948,249.26379329,0.0273165058553,0.0273165058553,0.0225925582897,0.0225925582897,2456987.13983,-6.51853942068,134.35113857869075,-31.15380790971745,42591.43629832188,-3844542.5556118838,3932620.894257472,-3302532.952722,-130.7578156400306,True,6.14,1967014.9327025283,5134150.492515966,-3305161.0306651727,12.610971126051394,12139.316271241722,12411.32553466318,8.076027849076302,11.806245688301368,103488.54081180516
1741.39416675,2039.84071884,0.00065,5e-05,205,E,0,0.5,0.5,0.5,0.5,-,M,PW,nan,nan,nan,2014-11-25T15:21:21.546,23.8231981389,249.391337444,0.0273165058553,0.0273165058553,0.0225925582897,0.0225925582897,2456987.13983,nan,134.35282973513623,-31.152518835141148,42482.973391556225,-3844645.775290348,3932494.267483381,-3302353.711653553,-120.63310166864943,True,6.16,1966849.5782388332,5134194.391671022,-3304981.5465885946,12.591185707633397,12112.523299531122,12384.535985131237,8.144900985261934,146.94030296169646,103259.75312610896
1739.65640221,2043.95986441,0.00065,5e-05,206,S,1,0.5,0.5,0.5,0.5,-,M,PW,1386918.41313,22514909.3041,0.0616,2014-11-25T15:21:21.626,23.8019362265,249.512026051,0.0275344170951,0.0275344170951,0.0227109269192,0.0227109269192,2456987.13983,-5.89502939423,134.3595560839339,-31.147390801021228,42051.61879305972,-3845056.3022068795,3931990.6258562515,-3301640.763917474,-118.17139994475635,True,6.24,1966191.7383366188,5134369.0407668175,-3304267.6320442753,12.521753589628414,12001.771397472532,12273.798933311522,8.419408566391066,26.2916136990446,102350.33892832938
1736.95321293,2051.03964586,0.00065,5e-05,206,E,1,0.5,0.5,0.5,0.5,-,M,PW,nan,nan,nan,2014-11-25T15:21:21.686,23.7725583449,249.71753507,0.0274607294295,0.0274607294295,0.0226650438735,0.0226650438735,2456987.13983,nan,134.36455923618382,-31.143575547369032,41730.81441099159,-3845361.6416414822,3931616.009499552,-3301110.4209334822,-126.83153244591666,True,6.3,1965702.2475331577,5134498.998410993,-3303736.569682838,12.48149998308163,11914.85051134336,12186.890667521382,8.62227696065936,123.39804208375253,101674.55065099591
1736.11651149,2052.77741039,0.00065,5e-05,207,S,0,0.5,0.5,0.5,0.5,-,M,PW,1032591.39311,44508249.7032,0.0232,2014-11-25T15:21:21.726,23.7604904279,249.768993085,0.0274607294295,0.0274607294295,0.0226650438735,0.0226650438735,2456987.13983,-6.63495517933,134.36787391056365,-31.14104729912384,41518.285283127414,-3845563.9253282957,3931367.8180568353,-3300759.0214513144,-120.70319315558216,True,6.34,1965377.844877864,5134585.127949274,-3303384.6934514223,12.461097428214519,11855.016752237207,12127.0660614804,8.754122026034942,48.22927158407924,101227.13047639666
1734.185662,2056.83219432,0.00065,5e-05,207,E,0,0.5,0.5,0.5,0.5,-,M,PW,nan,nan,nan,2014-11-25T15:21:21.746,23.7327398336,249.888851519,0.0274607294295,0.0274607294295,0.0226650438735,0.0226650438735,2456987.13984,nan,134.36952499504525,-31.139787874092335,41412.43284197045,-3845664.683892466,3931244.1910031387,-3300583.987303892,-107.73563697198642,True,6.36,1965216.2356986457,5134628.036220958,-3303209.421785483,12.452994412001845,11824.523393691,12096.577474183636,8.8186720392659,166.9879739535842,101004.36216664154
1732.89842901,2060.95133989,0.00065,5e-05,208,S,1,0.5,0.5,0.5,0.5,-,M,PW,1431514.55142,23238872.588,0.0616,2014-11-25T15:21:21.826,23.7227680022,250.0065017,0.0274607294295,0.0274607294295,0.0226650438735,0.0226650438735,2456987.13984,-5.9293915267,134.3760858234997,-31.13478247769675,40991.85086911852,-3846065.047762791,3930752.9396756007,-3299888.4223620575,-124.6784575764171,True,6.44,1964573.864790229,5134798.595386777,-3302512.912770152,12.435794501369699,11698.640177983974,11970.714952488213,9.06463761519682,34.27468802327452,100119.7829255437
1730.06651643,2068.03112134,0.00065,5e-05,208,E,1,0.5,0.5,0.5,0.5,-,M,PW,nan,nan,nan,2014-11-25T15:21:21.886,23.6880675173,250.212230032,0.0275421784758,0.0275421784758,0.0226724768845,0.0226724768845,2456987.13984,nan,134.3809592145714,-31.13106354335816,40679.48104392068,-3846362.422567316,3930388.036393284,-3299371.7127962536,-125.36575298628446,True,6.5,1964096.4996948843,5134925.349853567,-3301995.5016495585,12.440304527397455,11600.036696691857,11872.128745396009,9.232972708583674,127.13059157667308,99463.37273211699
1729.22981498,2069.89760917,0.00065,5e-05,209,S,1,0.5,0.5,0.5,0.5,-,M,PW,1450848.33564,23552732.7214,0.0616,2014-11-25T15:21:21.926,23.6763238852,250.266949948,0.0275421784758,0.0275421784758,0.0226724768845,0.0226724768845,2456987.13984,-5.94395714883,134.3841846426086,-31.128601624111106,40472.747905250966,-3846559.229669949,3930146.5251276135,-3299029.692857463,-121.19592592520057,True,6.54,1963780.4361325775,5135009.277821364,-3301653.017201392,12.452262945147732,11532.265128517343,11804.369564675351,9.335542377070436,55.90090996441877,99029.23621779832
1726.655349,2076.01196588,0.00065,5e-05,209,E,1,0.5,0.5,0.5,0.5,-,M,PW,nan,nan,nan,2014-11-25T15:21:21.986,23.6420523782,250.445100598,0.0275421784758,0.0275421784758,0.0226724768845,0.0226724768845,2456987.13984,nan,134.38898689390882,-31.12493568632066,40164.99063164843,-3846852.240971741,3929786.9464541734,-3298520.4641749035,-115.17570207456211,True,6.6,1963309.7173442242,5135134.279607483,-3301143.096737735,12.48433551992601,11427.502872134839,11699.627276142355,9.472310970722571,103.19799922993221,98383.34659842102
1725.62556261,2078.77951681,0.00065,5e-05,210,S,1,0.5,0.5,0.5,0.5,-,M,PW,1194893.14246,19397615.949,0.0616,2014-11-25T15:21:22.026,23.630074625,250.524899757,0.0274831163409,0.0274831163409,0.022858471274,0.022858471274,2456987.13984,-5.73322478094,134.3921636209438,-31.122510213776152,39961.42359757251,-3847046.0627497304,3929549.0815124842,-3298183.5846188418,-118.24641848265183,True,6.64,1962998.2191263135,5135217.004310446,-3300805.759374809,12.51549615998794,11355.566086475446,11627.704729946927,9.55056000194715,70.49074605009582,97956.40021107924
1723.56598982,2084.37898032,0.00065,5e-05,210,E,1,0.5,0.5,0.5,0.5,-,M,PW,nan,nan,nan,2014-11-25T15:21:22.086,23.6061533092,250.686120136,0.0274831163409,0.0274831163409,0.022858471274,0.022858471274,2456987.13984,nan,134.39689037438455,-31.118900643358334,39658.55400206567,-3847334.44517635,3929195.153352483,-3297682.2994396747,-125.16316886776045,True,6.7,1962534.5528916048,5135340.148261104,-3300303.7927649133,12.577115020520935,11244.479407669332,11516.640938871773,9.646080789084271,86.63871373325829,97321.60499634883
1722.60056508,2086.6959997,0.00065,5e-05,211,S,0,0.5,0.5,0.5,0.5,-,M,PW,842344.454983,36307950.6458,0.0232,2014-11-25T15:21:22.126,23.5930123556,250.753424065,0.0274831163409,0.0274831163409,0.022858471274,0.022858471274,2456987.13984,-6.41385823067,134.40001512416814,-31.116513891761073,39458.338654996514,-3847525.079588379,3928961.177200678,-3297350.872347446,-122.75701147078786,True,6.74,1962227.8940727056,5135421.5987748755,-3299971.915000752,12.628456987881606,11168.282623533829,11440.460484694087,9.693562085249765,34.848311909818975,96902.2622506251
1721.18460879,2089.65663558,0.00065,5e-05,211,E,0,0.5,0.5,0.5,0.5,-,M,PW,nan,nan,nan,2014-11-25T15:21:22.146,23.5710971349,250.840387846,0.0274831163409,0.0274831163409,0.022858471274,0.022858471274,2456987.13984,nan,134.4015695284168,-31.11532654366524,39358.75161371769,-3847619.908925778,3928844.7862854027,-3297186.0067776116,-111.80192929306305,True,6.76,1962075.3169879592,5135462.126069345,-3299806.825186374,12.65690151002349,11129.538878679328,11401.725218616679,9.712236935189248,94.88949029263179,96693.75934336057
1719.17899237,2095.327824,0.00065,5e-05,212,S,1,0.5,0.5,0.5,0.5,-,M,PW,1091316.93677,17716184.0385,0.0616,2014-11-25T15:21:22.226,23.5481645565,251.002939699,0.0274831163409,0.0274831163409,0.022858471274,0.022858471274,2456987.13984,-5.63477934749,134.40773204190117,-31.110618422645597,38963.962887710855,-3847995.849843975,3928383.3464473127,-3296532.346700953,-121.18843588236456,True,6.84,1961470.1550609837,5135622.881637121,-3299152.275724593,12.79015860416279,10970.238046207645,11242.46056249021,9.749871424389399,32.42168776448727,95867.76630470621
1716.51003422,2101.86677148,0.00065,5e-05,212,E,1,0.5,0.5,0.5,0.5,-,M,PW,nan,nan,nan,2014-11-25T15:21:22.286,23.5113438713,251.192116246,0.0275373970312,0.0275373970312,0.0228370553993,0.0228370553993,2456987.13984,nan,134.4122943780753,-31.107131976979037,38671.715483466585,-3848274.157458012,3928041.7230486753,-3296048.373597463,-116.03355799957357,True,6.9,1961021.8449801137,5135741.986260607,-3298667.6437656977,12.909627571154491,10846.21020530771,11118.462372272026,9.736185867778593,92.66670811214144,95256.90963175433
1715.71386858,2103.81619848,0.00065,5e-05,213,S,0,0.5,0.5,0.5,0.5,-,M,PW,828931.118978,35729789.6111,0.0232,2014-11-25T15:21:22.326,23.5002314775,251.248471497,0.0275373970312,0.0275373970312,0.0228370553993,0.0228370553993,2456987.13984,-6.39643003695,134.4153065038092,-31.104829642438947,38478.7715514234,-3848457.8919340353,3927816.175337195,-3295728.807816336,-114.23028792601842,True,6.94,1960725.7043644364,5135820.6712814085,-3298347.64276535,12.99772244110004,10761.356721923987,11033.629901485685,9.705906206949782,24.04966839364054,94853.91592717053
1713.97452397,2108.13882314,0.00065,5e-05,213,E,0,0.5,0.5,0.5,0.5,-,M,PW,nan,nan,nan,2014-11-25T15:21:22.346,23.4761081249,251.373219603,0.0275373970312,0.0275373970312,0.0228370553993,0.0228370553993,2456987.13984,nan,134.41680369022276,-31.10368520484525,38382.87733831635,-3848549.2161724484,3927704.0663840934,-3295569.9691149564,-111.56459760224551,True,6.96,1960578.4708133796,5135859.793998874,-3298188.5876746452,13.044226298370084,10718.282112148388,10990.566186601738,9.684103139788665,139.43121959757278,94653.70442014886
1712.37314908,2112.14226037,0.00065,5e-05,214,S,0,0.5,0.5,0.5,0.5,-,M,PW,594783.942879,25637238.9172,0.0232,2014-11-25T15:21:22.426,23.4537838609,251.488615527,0.0275373970312,0.0275373970312,0.0228370553993,0.0228370553993,2456987.13984,-6.03603201625,134.42273129949692,-31.09915340334906,38003.240308993525,-3848910.7695815316,3927260.205604528,-3294941.0574388425,-108.94281818576897,True,7.04,1959995.2453382942,5136014.785901836,-3297558.8188464064,13.244447586735411,10541.684533954516,10814.014866842805,9.551614493346145,7.054552668435716,93861.65224138001
1711.17211791,2116.1456976,0.00065,5e-05,214,E,0,0.5,0.5,0.5,0.5,-,M,PW,nan,nan,nan,2014-11-25T15:21:22.446,23.442238738,251.6018577,0.0275373970312,0.0275373970312,0.0228370553993,0.0228370553993,2456987.13984,nan,134.42419761891136,-31.09803217233825,37909.33479799952,-3849000.203840271,3927150.4064870067,-3294785.47205822,-123.46203173573386,True,7.06,1959850.8939902955,5136053.151944508,-3297403.021307786,13.297604186753901,10496.467754000705,10768.810345112448,9.507038013044355,100.34956150438784,93665.87564266566
1709.03695139,2121.21671809,0.00065,5e-05,215,S,0,0.5,0.5,0.5,0.5,-,M,PW,596485.308817,25710573.6559,0.0232,2014-11-25T15:21:22.526,23.4103929491,251.748360388,0.0275373970312,0.0275373970312,0.0228370553993,0.0228370553993,2456987.13984,-6.03913330649,134.42999862726677,-31.093595499482625,37537.83941638198,-3849354.0055112867,3926716.018146735,-3294169.8888328583,-115.03530996939011,True,7.14,1959279.4737262307,5136205.04576174,-3296786.5983095514,13.519786930616682,10311.40216237395,10583.796756752039,9.28299970507943,18.255981109795712,92891.9529850619
1707.83592022,2125.08670742,0.00065,5e-05,215,E,0,0.5,0.5,0.5,0.5,-,M,PW,nan,nan,nan,2014-11-25T15:21:22.546,23.3976294842,251.857899882,0.0275373970312,0.0275373970312,0.0228370553993,0.0228370553993,2456987.13984,nan,134.43143260508236,-31.092498620707758,37446.015468141806,-3849441.460079065,3926608.639139481,-3294017.713537759,-126.71562405889425,True,7.16,1959138.14204343,5136242.61963151,-3296634.215306191,13.577170948343166,10264.10000534929,10536.508365070342,9.215719026233316,105.68349824650046,92700.79779501357
1705.96764951,2129.62393628,0.00065,5e-05,216,S,0,0.5,0.5,0.5,0.5,-,M,PW,581041.221547,25044880.2391,0.0232,2014-11-25T15:21:22.626,23.3697225314,251.988555679,0.0275373970312,0.0275373970312,0.0228370553993,0.0228370553993,2456987.13985,-6.01065128785,134.43710153975755,-31.08816159277437,37083.02734378527,-3849787.179666132,3926184.1350282505,-3293416.0764270164,-120.35344266249145,True,7.24,1958579.0683650067,5136391.275608241,-3296031.7565406933,13.81053906764632,10070.849766066156,10343.316304757942,8.904347373011564,1.0099889432858993,91945.70716814513
1704.36627462,2133.62737351,0.00065,5e-05,216,E,0,0.5,0.5,0.5,0.5,-,M,PW,nan,nan,nan,2014-11-25T15:21:22.646,23.3461467464,252.103506002,0.0276412400821,0.0276412400821,0.0230477760295,0.0230477760295,2456987.13985,nan,134.43850175061155,-31.087090174847795,36993.37468068529,-3849872.5678908285,3926079.282762956,-3293267.462800693,-116.81970182799893,True,7.26,1958440.8891736495,5136428.023029367,-3295882.9398366977,13.869216212767203,10021.548498203581,10294.030404671928,8.816684696888533,99.108394854123,91759.35163424419
1702.64845372,2138.50712758,0.00065,5e-05,217,S,1,0.5,0.5,0.5,0.5,-,M,PW,855848.175056,13893639.2055,0.0616,2014-11-25T15:21:22.726,23.3235441446,252.242357255,0.0276412400821,0.0276412400821,0.0230477760295,0.0230477760295,2456987.13985,-5.37089393156,134.44403270991063,-31.082857123922153,36639.24369189399,-3850209.843917266,3925665.101669152,-3292680.3636674294,-121.63978970404271,True,7.34,1957894.6806366392,5136573.307409506,-3295295.0379628995,14.101379607996645,9820.531303065836,10093.078085621728,8.433300488577105,6.855333697305878,91023.81238132784
1699.88090279,2144.94329254,0.00065,5e-05,217,E,1,0.5,0.5,0.5,0.5,-,M,PW,nan,nan,nan,2014-11-25T15:21:22.786,23.2793808769,252.427724948,0.0276412400821,0.0276412400821,0.0230477760295,0.0230477760295,2456987.13985,nan,134.4481064013263,-31.079738721960496,36378.44028048726,-3850458.2426255126,3925360.043434569,-3292247.917152213,-106.96831175510538,True,7.4,1957491.9932976097,5136680.445232308,-3294861.9996374696,14.269134295275876,9665.92681721004,9938.526013140478,8.121112520124262,63.595961299704044,90482.68729497571
