outputs/DTF_triangulation/38_2014-11-25_152058_DSC_0559-G_DN141125_01_2018-04-26_163331_martin_nocomment.ecsv
# %ECSV 0.9
# ---
# datatype:
# - {name: x_image, unit: pix, datatype: float64}
# - {name: y_image, unit: pix, datatype: float64}
# - {name: time_err_minus, unit: s, datatype: float64}
# - {name: time_err_plus, unit: s, datatype: float64}
# - {name: de_bruijn_sequence_element_index, datatype: object}
# - {name: dash_start_end, datatype: object}
# - {name: zero_or_one, datatype: int64}
# - {name: err_minus_x_image, unit: pix, datatype: float64}
# - {name: err_plus_x_image, unit: pix, datatype: float64}
# - {name: err_minus_y_image, unit: pix, datatype: float64}
# - {name: err_plus_y_image, unit: pix, datatype: float64}
# - {name: periodic_pulse, datatype: object}
# - {name: pick_flag, datatype: object}
# - {name: encoding_type, datatype: object}
# - {name: brightness_dash_V, unit: adu, datatype: float64}
# - {name: flux_dash_V, unit: adu / s, datatype: float64}
# - {name: aperture_exptime, unit: s, datatype: float64}
# - {name: datetime, datatype: string}
# - {name: altitude, datatype: float64}
# - {name: azimuth, datatype: float64}
# - {name: err_minus_altitude, datatype: float64}
# - {name: err_plus_altitude, datatype: float64}
# - {name: err_minus_azimuth, datatype: float64}
# - {name: err_plus_azimuth, datatype: float64}
# - {name: JD, datatype: float64, description: Julian Date}
# - {name: m_V, unit: adu / s, datatype: float64}
# - {name: longitude, unit: deg, datatype: float64}
# - {name: latitude, unit: deg, datatype: float64}
# - {name: height, unit: m, datatype: float64}
# - {name: X_geo, unit: m, datatype: float64}
# - {name: Y_geo, unit: m, datatype: float64}
# - {name: Z_geo, unit: m, datatype: float64}
# - {name: cross_track_error, unit: m, datatype: float64}
# - {name: timing, datatype: bool}
# - {name: t_rel, unit: s, datatype: float64}
# - {name: X_eci, unit: m, datatype: float64}
# - {name: Y_eci, unit: m, datatype: float64}
# - {name: Z_eci, unit: m, datatype: float64}
# - {name: pos_err, unit: m, datatype: float64}
# - {name: D_DT_geo, unit: m / s, datatype: float64}
# - {name: D_DT_eci, unit: m / s, datatype: float64}
# - {name: D_DT_err, unit: m / s, datatype: float64}
# - {name: along_track_error, unit: m, datatype: float64}
# - {name: range, unit: m, datatype: float64}
# delimiter: ','
# meta: !!omap
# - {origin: Desert Fireball Network}
# - {exposure_time: 25.0}
# - {lens_type: Fisheye}
# - {telescope: DFNSMALL38}
# - {observer: 'DFN automated software http://adsabs.harvard.edu/abs/2012M%26PSA..75.5123T'}
# - {creator: raw_to_fits 6.0}
# - {timing_correction_dictionary_version: DEBUG}
# - {isodate_mid_obs: '2014-11-25T15:21:10.500'}
# - {sidereal_time_hour: 4.670575946357566}
# - {point_picking_user_comment: nocomment}
# - {point_picking_hostname: work-desktop-debian}
# - {obs_latitude: -30.85765}
# - {original_raw_filename: 38_2014-11-25_152058_DSC_0559.NEF}
# - {cropped: false}
# - {obs_elevation: 164.4}
# - {instrument: Nikon D800E}
# - {gps_lock: Y}
# - {filter_pattern: RG/GB}
# - {location: NorthWell}
# - {aperture: 4.0}
# - {isodate_start_obs: '2014-11-25T15:20:58'}
# - {image_file: 38_2014-11-25_152058_DSC_0559-G.tiff}
# - {timing_corrected: true}
# - {NAXIS2: 4924}
# - {NAXIS1: 7378}
# - {event_codename: DN141125_01}
# - {jd_mid_obs: 2456987.139704861}
# - {lens: Samyang_8mm_F3.5}
# - {timing_de_bruijn_encoding_type: pulse_width}
[...]
# - {triangulation_dec_ecef_end_err: 0.02114299389599593}
# - {triangulation_slope_end: 25.517101553974424}
# - {triangulation_slope_end_err: 0.01340281265707172}
# - {triangulation_azimuth_end: -128.32272534964818}
# - {triangulation_azimuth_end_err: 0.02117553906607739}
# - {triangulation_file_1: 38_2014-11-25_152058_DSC_0559-G_DN141125_01_2018-04-26_163331_martin_nocomment.ecsv}
# - {triangulation_file_2: 40_2014-11-25_152058_DSC_0617-G_DN141125_01_2018-04-26_163631_martin_nocomment.ecsv}
# - {triangulation_file_3: 41_2014-11-25_152059_DSC_0674-G_DN141125_01_2018-01-01_212656_ellie_nocomment.ecsv}
# - {triangulation_file_4: 40_2014-11-25_152058_DSC_0617-G_DN141125_01_2018-04-26_163631_martin_nocomment.ecsv}
# - {triangulation_file_5: 38_2014-11-25_152058_DSC_0559-G_DN141125_01_2018-04-26_163331_martin_nocomment.ecsv}
# - {triangulation_t0: '2014-11-25T15:21:15.386'}
# - {triangulation_file_0: 36_2014-11-25_152058_DSC_0594-G_DN141125_01_2018-04-26_163106_martin_nocomment.ecsv}
# - {astropy_version: 3.0.1}
# - {numpy_version: 1.14.2}
# - {scipy_version: 1.0.1}
# schema: astropy-2.0
x_image,y_image,time_err_minus,time_err_plus,de_bruijn_sequence_element_index,dash_start_end,zero_or_one,err_minus_x_image,err_plus_x_image,err_minus_y_image,err_plus_y_image,periodic_pulse,pick_flag,encoding_type,brightness_dash_V,flux_dash_V,aperture_exptime,datetime,altitude,azimuth,err_minus_altitude,err_plus_altitude,err_minus_azimuth,err_plus_azimuth,JD,m_V,longitude,latitude,height,X_geo,Y_geo,Z_geo,cross_track_error,timing,t_rel,X_eci,Y_eci,Z_eci,pos_err,D_DT_geo,D_DT_eci,D_DT_err,along_track_error,range
[from data line 89]
1696.66282032,2153.43903028,0.00065,5e-05,218,E,1,0.5,0.5,0.5,0.5,-,M,PW,nan,nan,nan,2014-11-25T15:21:22.886,23.2321587099,252.66996253,0.0276412400821,0.0276412400821,0.0230477760295,0.0230477760295,2456987.13985,nan,134.45474959394056,-31.074651855541955,35953.14712087648,-3850863.291381307,3924862.5580544258,-3291542.596356962,-104.6646608433187,True,7.5,1956834.48785193,5136855.43704786,-3294155.7125176704,14.52612968715317,9401.471532478607,9674.16557167572,7.5904275980714875,56.76767901352111,89601.36224089064
1695.56867227,2156.39966616,0.00065,5e-05,219,S,1,0.5,0.5,0.5,0.5,-,M,PW,737569.436451,11973529.8125,0.0616,2014-11-25T15:21:22.926,23.2162118608,252.75416175,0.0276412400821,0.0276412400821,0.0230477760295,0.0230477760295,2456987.13985,-5.20940938928,134.45735473095598,-31.072656606096245,35786.3791803319,-3851022.1227531605,3924667.465722082,-3291265.97951094,-104.73451143280765,True,7.54,1956576.358778482,5136924.158369521,-3293878.7163110794,14.617966740725556,9293.493372640049,9566.228097185975,7.390624732763976,36.240024592334606,89256.16533372391
1693.50909949,2162.19221461,0.00065,5e-05,219,E,1,0.5,0.5,0.5,0.5,-,M,PW,nan,nan,nan,2014-11-25T15:21:22.986,23.1868876393,252.918400321,0.0276412400821,0.0276412400821,0.0230477760295,0.0230477760295,2456987.13985,nan,134.4612054527929,-31.069706873084183,35539.88131706708,-3851256.8854160677,3924379.0908753406,-3290857.0711177154,-107.85819947904056,True,7.6,1956194.4839485704,5137025.848777729,-3293469.2466842164,14.740669297546317,9129.387232380042,9402.186044413991,7.125469232025242,61.424698748723515,88746.31312377412
1692.22251502,2164.32039228,0.00065,5e-05,220,S,0,0.5,0.5,0.5,0.5,-,M,PW,320955.8137,13834302.3146,0.0232,2014-11-25T15:21:23.026,23.1613778561,252.98108628,0.0276412400821,0.0276412400821,0.0230477760295,0.0230477760295,2456987.13985,-5.3662470443,134.46373416537264,-31.067769496149047,35378.01325509885,-3851411.0438485513,3924189.716766812,-3290588.524341624,-87.42152481788767,True,7.64,1955943.4881121123,5137092.704013956,-3293200.331028061,14.812078359404357,9018.66441639747,9291.508101049965,6.982563020414899,15.754038234341817,88411.77228047654
1691.42182757,2166.58900671,0.00065,5e-05,220,E,0,0.5,0.5,0.5,0.5,-,M,PW,nan,nan,nan,2014-11-25T15:21:23.046,23.149856353,253.045298546,0.0276412400821,0.0276412400821,0.0230477760295,0.0230477760295,2456987.13985,nan,134.4649868845903,-31.06680962499455,35297.82508305255,-3851487.4116560416,3924095.9004631885,-3290455.479983616,-88.72739545547304,True,7.66,1955819.0763437876,5137125.847575721,-3293067.1038333923,14.844219646021717,8962.936198009525,9235.802947602588,6.924753122592924,38.475448221671755,88246.12209179623
1689.15321314,2172.72761047,0.00065,5e-05,221,S,0,0.5,0.5,0.5,0.5,-,M,PW,145425.835247,6268354.96753,0.0232,2014-11-25T15:21:23.126,23.1154985934,253.219371587,0.0276412400821,0.0276412400821,0.0230477760295,0.0230477760295,2456987.13985,-4.50673784444,134.46991926385905,-31.063029517497963,34982.09061074986,-3851788.082733211,3923726.50702241,-3289931.5759528414,-87.74738577695271,True,7.74,1955328.7397822014,5137256.510333867,-3292542.4791664984,14.947230726781696,8737.82912788309,9010.792575649393,6.809867463489256,12.71628609063978,87594.41887818047
1688.36016753,2175.06454452,0.00065,5e-05,221,E,0,0.5,0.5,0.5,0.5,-,M,PW,nan,nan,nan,2014-11-25T15:21:23.146,23.104226384,253.285279693,0.0276412400821,0.0276412400821,0.0230477760295,0.0230477760295,2456987.13985,nan,134.47113267279713,-31.062099450341073,34904.4206456785,-3851862.04746044,3923635.631889602,-3289802.683885955,-90.07170034217813,True,7.76,1955207.9968368374,5137288.694686892,-3292413.4096375275,14.96627702597317,8681.057441169209,8954.046197930942,6.815134376084141,38.39275501771285,87434.22601690082
1686.08391126,2180.06724539,0.00065,5e-05,222,S,1,0.5,0.5,0.5,0.5,-,M,PW,461570.153471,7493021.97194,0.0616,2014-11-25T15:21:23.226,23.0638679161,253.428766411,0.0276412400821,0.0276412400821,0.0230477760295,0.0230477760295,2456987.13985,-4.70049640482,134.47590664226746,-31.05843962314618,34598.8418863773,-3852153.0369978338,3923278.0919392235,-3289295.5321459933,-71.74744622952684,True,7.84,1954732.4600519785,5137415.488873886,-3291905.5590090607,15.014391978270202,8452.318541571187,8725.413159802229,6.994648948435246,-23.012201881043378,86804.47781062582
1683.54840102,2186.07240124,0.00065,5e-05,222,E,1,0.5,0.5,0.5,0.5,-,M,PW,nan,nan,nan,2014-11-25T15:21:23.286,23.0203833925,253.599919845,0.0276412400821,0.0276412400821,0.0230477760295,0.0230477760295,2456987.13985,nan,134.47940272816288,-31.055758679177476,34375.04913074684,-3852366.120166469,3923016.2497416907,-3288924.0673349835,-57.355872847121866,True,7.9,1954383.6675515939,5137508.5306113055,-3291533.581578513,15.020610727885366,8279.363761905093,8552.542818242675,7.304596728637887,24.098948549122856,86343.80962103521
1682.74771357,2188.8748073,0.00065,5e-05,223,S,1,0.5,0.5,0.5,0.5,-,M,PW,401620.515019,6519813.5555,0.0616,2014-11-25T15:21:23.326,23.0104764473,253.678111701,0.0273151280221,0.0273151280221,0.0230332185699,0.0230332185699,2456987.13985,-4.54944183101,134.48169321265212,-31.054002023951917,34228.436173805,-3852505.717387282,3922844.6998143108,-3288680.688128202,-65.58217120281134,True,7.94,1954154.9048781984,5137569.574656775,-3291289.866166598,15.01072653813685,8163.570198699712,8436.807988013416,7.593382557937483,1.837115080772744,86042.24621958993
1680.61254705,2194.0792757,0.00065,5e-05,223,E,1,0.5,0.5,0.5,0.5,-,M,PW,nan,nan,nan,2014-11-25T15:21:23.386,22.9738892884,253.82591161,0.0273151280221,0.0273151280221,0.0230332185699,0.0230332185699,2456987.13985,nan,134.48506818728754,-31.05141319191057,34012.40325799405,-3852711.4007811407,3922591.920189493,-3288322.039749141,-55.099926672630936,True,8.0,1953817.4302222712,5137659.659877966,-3290930.721806204,14.97583924413247,7989.39390456579,8262.72351353294,8.140264313981831,18.391033728621064,85598.25241943343
1679.67841169,2196.61478595,0.00065,5e-05,224,S,0,0.5,0.5,0.5,0.5,-,M,PW,125730.12158,5419401.79222,0.0232,2014-11-25T15:21:23.426,22.9588551196,253.897419834,0.0273151280221,0.0273151280221,0.0230332185699,0.0230332185699,2456987.13985,-4.34873226615,134.4872775878538,-31.049718142800437,33870.976989410265,-3852846.0433161263,3922426.436700408,-3288087.2300888086,-54.051502763508836,True,8.04,1953596.234222416,5137718.727643806,-3290695.5870541288,14.940162774463593,7873.093535401553,8146.486927840366,8.571881766933947,-8.586911165140629,85307.82554306925
1678.74427634,2198.88340038,0.00065,5e-05,224,E,0,0.5,0.5,0.5,0.5,-,M,PW,nan,nan,nan,2014-11-25T15:21:23.446,22.9426114022,253.96176674,0.0273151280221,0.0273151280221,0.0230332185699,0.0230332185699,2456987.13985,nan,134.48837010266544,-31.048879880404627,33801.043069085696,-3852912.620038686,3922344.6066200556,-3287971.113229719,-49.18997297425942,True,8.06,1953486.7733081302,5137747.964600121,-3290579.3093153755,14.918918004861164,7814.926618979775,8088.3526584309475,8.805680794996036,19.36709593870652,85164.28179087299
1676.74255772,2204.62166041,0.00065,5e-05,225,S,0,0.5,0.5,0.5,0.5,-,M,PW,148345.942928,6394221.67793,0.0232,2014-11-25T15:21:23.526,22.9111743761,254.122941491,0.0272868842582,0.0272868842582,0.023025795704,0.023025795704,2456987.13986,-4.52832311091,134.49265877638496,-31.045588583002058,33526.49994211259,-3853173.953287579,3922023.373950806,-3287515.2310083457,-50.73458820100077,True,8.14,1953056.508456422,5137862.933648694,-3290122.7947418992,14.814672468842003,7582.431211122451,7855.993100002699,9.83802518474579,-5.4708451203194635,84601.23140627691
1675.27463074,2207.29061856,0.00065,5e-05,225,E,0,0.5,0.5,0.5,0.5,-,M,PW,nan,nan,nan,2014-11-25T15:21:23.546,22.8815642958,254.199952096,0.0272868842582,0.0272868842582,0.023025795704,0.023025795704,2456987.13986,nan,134.4937107038693,-31.044781184089075,33459.16074982288,-3853238.0503430623,3921944.580471215,-3287403.4046385973,-30.530676616959884,True,8.16,1952950.8349203838,5137891.181800827,-3290010.81306184,14.784704244835249,7524.412605655222,7798.009758261682,10.116986277981997,44.616980010660974,84463.23601322623
1673.80670375,2212.36163906,0.00065,5e-05,226,S,1,0.5,0.5,0.5,0.5,-,M,PW,151121.981625,2453278.92249,0.0616,2014-11-25T15:21:23.626,22.8615257568,254.340976949,0.0272868842582,0.0272868842582,0.023025795704,0.023025795704,2456987.13986,-3.48822120856,134.49783753454918,-31.04161312085968,33194.972460336736,-3853489.4975133417,3921635.4573673536,-3286964.649835482,-43.04173753620472,True,8.24,1952535.6876689713,5138002.204499245,-3289571.4481109413,14.655583692766891,7293.11660251566,7566.860220590126,11.291090498056159,-4.900290535493569,83922.28039037777
1671.80498514,2216.89886792,0.00065,5e-05,226,E,1,0.5,0.5,0.5,0.5,-,M,PW,nan,nan,nan,2014-11-25T15:21:23.686,22.8242757245,254.469685005,0.0272868842582,0.0272868842582,0.023025795704,0.023025795704,2456987.13986,nan,134.500847944435,-31.039301413195446,33002.232989036005,-3853672.9068196244,3921409.9515036163,-3286644.522640346,-27.500334463148988,True,8.3,1952232.2160760514,5138083.412623517,-3289250.8749099397,14.556493108890605,7120.795937677544,7394.655089070304,12.213521730280968,-1.6138919953353115,83528.08327699327
1671.00429769,2219.9681698,0.00065,5e-05,227,S,1,0.5,0.5,0.5,0.5,-,M,PW,129472.82796,2101831.62272,0.0616,2014-11-25T15:21:23.726,22.8142065897,254.554586554,0.0272096565942,0.0272096565942,0.0231675146759,0.0231675146759,2456987.13986,-3.32034869422,134.50281499927547,-31.03779072284999,32876.29486261792,-3853792.7441972527,3921262.5990255717,-3286435.3337043715,-38.0083400018768,True,8.34,1952033.6336935645,5138136.577493139,-3289041.39410705,14.493853886211964,7006.632409353339,7280.571288203202,12.83997757438402,-3.8061114090046284,83270.70815128314
1669.56656586,2224.49429137,0.00065,5e-05,227,E,1,0.5,0.5,0.5,0.5,-,M,PW,nan,nan,nan,2014-11-25T15:21:23.786,22.792019176,254.680681518,0.0272096565942,0.0272096565942,0.0231675146759,0.0231675146759,2456987.13986,nan,134.50570602948955,-31.03557003411292,32691.19082548332,-3853968.8627853086,3921046.025515597,-3286127.8475880693,-43.42103486403029,True,8.4,1951741.3166994243,5138214.8749527605,-3288733.4783735983,14.41195011292689,6836.68430037154,7110.746936607563,13.7851783189189,-4.313964792835612,82892.7204383429
1668.72986442,2227.06875735,0.00065,5e-05,228,S,1,0.5,0.5,0.5,0.5,-,M,PW,113642.370751,1844843.68103,0.0616,2014-11-25T15:21:23.826,22.7787500234,254.752431772,0.0272096565942,0.0272096565942,0.0231675146759,0.0231675146759,2456987.13986,-3.17875282215,134.5075939836324,-31.034119582394254,32570.30385159034,-3854083.8687634687,3920904.590720969,-3285927.0232686196,-45.66250177145561,True,8.44,1951550.1148181166,5138266.114158882,-3288532.3730511777,14.369767905121591,6724.3715447432805,6998.519437633545,14.413667054072027,-19.62468336333233,82646.06334352244
1667.05646153,2231.70279612,0.00065,5e-05,228,E,1,0.5,0.5,0.5,0.5,-,M,PW,nan,nan,nan,2014-11-25T15:21:23.886,22.7500087636,254.882102857,0.0272096565942,0.0272096565942,0.0231675146759,0.0231675146759,2456987.13986,nan,134.5103672363744,-31.03198847891486,32392.708576900786,-3854252.7926518214,3920696.8270133995,-3285631.9745079847,-43.134275666024514,True,8.5,1951268.7711380406,5138341.548809557,-3288236.910790238,14.333108065655919,6557.576023328939,6831.855938905796,15.345443580807547,-8.917251818188578,82284.00178214832
1666.02667513,2234.4059854,0.00065,5e-05,229,S,0,0.5,0.5,0.5,0.5,-,M,PW,33757.5125866,1455065.1977,0.0232,2014-11-25T15:21:23.926,22.7316229581,254.957877292,0.0271331380066,0.0271331380066,0.0231368334627,0.0231368334627,2456987.13986,-2.92106002302,134.51217755894555,-31.03059717417717,32276.7770958439,-3854363.057324209,3920561.1998637295,-3285439.360267591,-39.53760168400266,True,8.54,1951084.8124426098,5138390.898513754,-3288044.026174941,14.331233135669283,6447.605853145803,6721.976562117929,15.955046237768467,-14.30790925058911,82047.83237215824
1665.25433534,2236.46555818,0.00065,5e-05,229,E,0,0.5,0.5,0.5,0.5,-,M,PW,nan,nan,nan,2014-11-25T15:21:23.946,22.717885843,255.01553557,0.0268464990343,0.0268464990343,0.0229959033905,0.0229959033905,2456987.13986,nan,134.51307123860738,-31.029910271783947,32219.54406637846,-3854417.4884434235,3920494.245206511,-3285344.2674429757,-37.17595437541214,True,8.56,1950993.904308449,5138415.2939497,-3287948.7997369277,14.338309645740367,6393.013459249669,6667.430386401197,16.255428516688532,10.333759186835934,81931.29592292446
1663.66466277,2241.18638712,0.00065,5e-05,230,S,0,0.5,0.5,0.5,0.5,-,M,PW,19365.2095721,834707.309144,0.0232,2014-11-25T15:21:24.026,22.6911723209,255.146969663,0.0268464990343,0.0268464990343,0.0229959033905,0.0229959033905,2456987.13986,-2.31768943068,134.51657030784222,-31.027220324883295,31995.439036883432,-3854630.5930318735,3920232.085810918,-3284971.89728763,-38.46456655899498,True,8.64,1950637.3298134482,5138511.03478308,-3287575.905521211,14.42950077005884,6177.468414441413,6452.07575528612,17.420664131467674,-24.482906468933816,81475.33828010502
1662.73052741,2243.85534527,0.00065,5e-05,230,E,0,0.5,0.5,0.5,0.5,-,M,PW,nan,nan,nan,2014-11-25T15:21:24.046,22.6749551615,255.221346309,0.0268464990343,0.0268464990343,0.0229959033905,0.0229959033905,2456987.13986,nan,134.5174263650851,-31.0265621015059,31940.606486918827,-3854682.726604192,3920167.945640601,-3284880.7836684836,-37.66688687020135,True,8.66,1950549.9317761331,5138534.514721675,-3287484.6634456934,14.469948420854376,6124.327709999379,6398.983992797083,17.701649151888233,23.67322629674817,81363.86587836403
1661.66990076,2249.17810288,0.00065,5e-05,231,S,1,0.5,0.5,0.5,0.5,-,M,PW,27572.5066226,447605.62699,0.0616,2014-11-25T15:21:24.126,22.6645118417,255.36685716,0.0268464990343,0.0268464990343,0.0229959033905,0.0229959033905,2456987.13986,-1.64109273345,134.52077687803165,-31.023985289767847,31725.96757459268,-3854886.758019199,3919916.898077334,-3284524.1085288413,-65.72459158142655,True,8.74,1950207.2013957768,5138626.644958545,-3287127.484584759,14.712727452708402,5914.939526254807,6189.797204357601,18.77806604158111,7.872645008885699,80927.86936943712
1660.02985487,2253.98762284,0.00065,5e-05,231,E,1,0.5,0.5,0.5,0.5,-,M,PW,nan,nan,nan,2014-11-25T15:21:24.186,22.6358896504,255.50054426,0.0268464990343,0.0268464990343,0.0229959033905,0.0229959033905,2456987.13986,nan,134.52321394351384,-31.02211060020542,31569.831782492012,-3855035.1526188627,3919734.2850551615,-3284264.6352283745,-65.35194307036359,True,8.8,1949957.2388634412,5138693.894921511,-3286867.6438968796,14.987888462716615,5761.410540900021,6036.4249451311025,19.53086655976703,36.9289237462795,80611.047869113
1659.40161802,2256.37492287,0.00065,5e-05,232,S,0,0.5,0.5,0.5,0.5,-,M,PW,9126.50083681,393383.656759,0.0232,2014-11-25T15:21:24.226,22.6267058746,255.566246986,0.0269198365743,0.0269198365743,0.0230319454652,0.0230319454652,2456987.13986,-1.50089467226,134.5248032050927,-31.02088784698937,31468.001521581544,-3855131.9177313107,3919615.1947524864,-3284095.402659967,-71.92811783895414,True,8.84,1949793.9042797515,5138737.865830824,-3286698.1712746904,15.218755829391768,5660.8086850252985,5935.930259238184,20.00471848619799,25.0164721946998,80404.58113974576
