outputs/DTF_triangulation/38_2014-11-25_152058_DSC_0559-G_DN141125_01_2018-04-26_163331_martin_nocomment.ecsv
# %ECSV 0.9
# ---
# datatype:
# - {name: x_image, unit: pix, datatype: float64}
# - {name: y_image, unit: pix, datatype: float64}
# - {name: time_err_minus, unit: s, datatype: float64}
# - {name: time_err_plus, unit: s, datatype: float64}
# - {name: de_bruijn_sequence_element_index, datatype: object}
# - {name: dash_start_end, datatype: object}
# - {name: zero_or_one, datatype: int64}
# - {name: err_minus_x_image, unit: pix, datatype: float64}
# - {name: err_plus_x_image, unit: pix, datatype: float64}
# - {name: err_minus_y_image, unit: pix, datatype: float64}
# - {name: err_plus_y_image, unit: pix, datatype: float64}
# - {name: periodic_pulse, datatype: object}
# - {name: pick_flag, datatype: object}
# - {name: encoding_type, datatype: object}
# - {name: brightness_dash_V, unit: adu, datatype: float64}
# - {name: flux_dash_V, unit: adu / s, datatype: float64}
# - {name: aperture_exptime, unit: s, datatype: float64}
# - {name: datetime, datatype: string}
# - {name: altitude, datatype: float64}
# - {name: azimuth, datatype: float64}
# - {name: err_minus_altitude, datatype: float64}
# - {name: err_plus_altitude, datatype: float64}
# - {name: err_minus_azimuth, datatype: float64}
# - {name: err_plus_azimuth, datatype: float64}
# - {name: JD, datatype: float64, description: Julian Date}
# - {name: m_V, unit: adu / s, datatype: float64}
# - {name: longitude, unit: deg, datatype: float64}
# - {name: latitude, unit: deg, datatype: float64}
# - {name: height, unit: m, datatype: float64}
# - {name: X_geo, unit: m, datatype: float64}
# - {name: Y_geo, unit: m, datatype: float64}
# - {name: Z_geo, unit: m, datatype: float64}
# - {name: cross_track_error, unit: m, datatype: float64}
# - {name: timing, datatype: bool}
# - {name: t_rel, unit: s, datatype: float64}
# - {name: X_eci, unit: m, datatype: float64}
# - {name: Y_eci, unit: m, datatype: float64}
# - {name: Z_eci, unit: m, datatype: float64}
# - {name: pos_err, unit: m, datatype: float64}
# - {name: D_DT_geo, unit: m / s, datatype: float64}
# - {name: D_DT_eci, unit: m / s, datatype: float64}
# - {name: D_DT_err, unit: m / s, datatype: float64}
# - {name: along_track_error, unit: m, datatype: float64}
# - {name: range, unit: m, datatype: float64}
# delimiter: ','
# meta: !!omap
# - {origin: Desert Fireball Network}
# - {exposure_time: 25.0}
# - {lens_type: Fisheye}
# - {telescope: DFNSMALL38}
# - {observer: 'DFN automated software http://adsabs.harvard.edu/abs/2012M%26PSA..75.5123T'}
# - {creator: raw_to_fits 6.0}
# - {timing_correction_dictionary_version: DEBUG}
# - {isodate_mid_obs: '2014-11-25T15:21:10.500'}
# - {sidereal_time_hour: 4.670575946357566}
# - {point_picking_user_comment: nocomment}
# - {point_picking_hostname: work-desktop-debian}
# - {obs_latitude: -30.85765}
# - {original_raw_filename: 38_2014-11-25_152058_DSC_0559.NEF}
# - {cropped: false}
# - {obs_elevation: 164.4}
# - {instrument: Nikon D800E}
# - {gps_lock: Y}
# - {filter_pattern: RG/GB}
# - {location: NorthWell}
# - {aperture: 4.0}
# - {isodate_start_obs: '2014-11-25T15:20:58'}
# - {image_file: 38_2014-11-25_152058_DSC_0559-G.tiff}
# - {timing_corrected: true}
# - {NAXIS2: 4924}
# - {NAXIS1: 7378}
# - {event_codename: DN141125_01}
# - {jd_mid_obs: 2456987.139704861}
# - {lens: Samyang_8mm_F3.5}
# - {timing_de_bruijn_encoding_type: pulse_width}
[...]
# - {triangulation_dec_ecef_end_err: 0.02114299389599593}
# - {triangulation_slope_end: 25.517101553974424}
# - {triangulation_slope_end_err: 0.01340281265707172}
# - {triangulation_azimuth_end: -128.32272534964818}
# - {triangulation_azimuth_end_err: 0.02117553906607739}
# - {triangulation_file_1: 38_2014-11-25_152058_DSC_0559-G_DN141125_01_2018-04-26_163331_martin_nocomment.ecsv}
# - {triangulation_file_2: 40_2014-11-25_152058_DSC_0617-G_DN141125_01_2018-04-26_163631_martin_nocomment.ecsv}
# - {triangulation_file_3: 41_2014-11-25_152059_DSC_0674-G_DN141125_01_2018-01-01_212656_ellie_nocomment.ecsv}
# - {triangulation_file_4: 40_2014-11-25_152058_DSC_0617-G_DN141125_01_2018-04-26_163631_martin_nocomment.ecsv}
# - {triangulation_file_5: 38_2014-11-25_152058_DSC_0559-G_DN141125_01_2018-04-26_163331_martin_nocomment.ecsv}
# - {triangulation_t0: '2014-11-25T15:21:15.386'}
# - {triangulation_file_0: 36_2014-11-25_152058_DSC_0594-G_DN141125_01_2018-04-26_163106_martin_nocomment.ecsv}
# - {astropy_version: 3.0.1}
# - {numpy_version: 1.14.2}
# - {scipy_version: 1.0.1}
# schema: astropy-2.0
x_image,y_image,time_err_minus,time_err_plus,de_bruijn_sequence_element_index,dash_start_end,zero_or_one,err_minus_x_image,err_plus_x_image,err_minus_y_image,err_plus_y_image,periodic_pulse,pick_flag,encoding_type,brightness_dash_V,flux_dash_V,aperture_exptime,datetime,altitude,azimuth,err_minus_altitude,err_plus_altitude,err_minus_azimuth,err_plus_azimuth,JD,m_V,longitude,latitude,height,X_geo,Y_geo,Z_geo,cross_track_error,timing,t_rel,X_eci,Y_eci,Z_eci,pos_err,D_DT_geo,D_DT_eci,D_DT_err,along_track_error,range
[from data line 30]
1793.80479045,1919.21151069,0.00065,5e-05,189,S,0,0.5,0.5,0.5,0.5,-,M,PW,1054368.12252,45446901.8326,0.0232,2014-11-25T15:21:19.926,24.3715067928,245.810799261,0.0278830188858,0.0278830188858,0.0227352235222,0.0227352235222,2456987.13981,-6.65761459513,134.20712409531154,-31.263256831573784,51844.92841477548,-3835747.2529746545,3943404.3201849465,-3317783.6864586705,-131.6317150404921,True,4.54,1981059.650898864,5130420.500492816,-3320432.405442601,14.789943793157837,13432.327257966363,13704.325952701674,7.133319595985748,-20.441338267243374,123161.22900361373
1791.58040203,1922.85141901,0.00065,5e-05,189,E,0,0.5,0.5,0.5,0.5,-,M,PW,nan,nan,nan,2014-11-25T15:21:19.946,24.3409211725,245.924823057,0.0278830188858,0.0278830188858,0.0227352235222,0.0227352235222,2456987.13981,nan,134.20899805988827,-31.261836708008506,51724.29398717964,-3835861.7662806264,3943263.996974356,-3317585.3927511303,-100.48817408274472,True,4.56,1980877.1772919002,5130468.995221318,-3320233.8435527906,14.755510627463671,13423.517061417979,13695.51390219825,7.097753652133142,135.27414237619553,122903.23958124797
1790.56931639,1926.2891102,0.00065,5e-05,190,S,1,0.5,0.5,0.5,0.5,-,M,PW,1338634.82896,21731084.8856,0.0616,2014-11-25T15:21:20.026,24.3412732653,246.023869171,0.0278830188858,0.0278830188858,0.0227352235222,0.0227352235222,2456987.13982,-5.85655741019,134.21648104950486,-31.256164790609898,51242.63516382095,-3836319.015071249,3942703.6685693017,-3316793.5244273413,-130.28758933868716,True,4.64,1980148.476413954,5130662.64546216,-3319440.9042797135,14.623668246814331,13386.987488449555,13658.977276930847,6.95844635020096,25.444800963496295,121873.48858345991
1787.94049371,1931.34453843,0.00065,5e-05,190,E,1,0.5,0.5,0.5,0.5,-,M,PW,nan,nan,nan,2014-11-25T15:21:20.086,24.3105971826,246.178392688,0.0278830188858,0.0278830188858,0.0227352235222,0.0227352235222,2456987.13982,nan,134.22207957191168,-31.251920250947546,50882.34619059184,-3836661.096647978,3942284.4527454423,-3316201.0491206264,-111.59827738368712,True,4.7,1979603.2516289507,5130807.525648077,-3318847.6276763435,14.530428480937035,13358.18775277259,13630.172606915836,6.857956810213557,104.26617458182272,121103.54422409755
1787.1316252,1933.77114397,0.00065,5e-05,191,S,1,0.5,0.5,0.5,0.5,-,M,PW,1073204.02437,17422143.2528,0.0616,2014-11-25T15:21:20.126,24.3079756263,246.249006964,0.0278830188858,0.0278830188858,0.0227352235222,0.0227352235222,2456987.13982,-5.61660784056,134.2258050422273,-31.24909525182945,50642.62636246727,-3836888.7223520936,3942005.4914983776,-3315806.7747165347,-126.9036453596964,True,4.74,1979240.41442758,5130903.935307257,-3318452.820018531,14.470574286451267,13338.292535932298,13610.274268056026,6.793406051961262,87.74889752548727,120591.422914998
1785.10945391,1938.01770368,0.00065,5e-05,191,E,1,0.5,0.5,0.5,0.5,-,M,PW,nan,nan,nan,2014-11-25T15:21:20.186,24.28675804,246.377218107,0.0278830188858,0.0278830188858,0.0227352235222,0.0227352235222,2456987.13982,nan,134.23138236632377,-31.244865097401878,50283.78109633566,-3837229.482266375,3941587.8645863077,-3315216.468743106,-120.67815169054488,True,4.8,1978697.1645431884,5131048.274497831,-3317861.7156320983,14.383798011828308,13307.368304873822,13579.34557520323,6.7009545649927045,108.83379416688179,119825.07515930047
1783.49171687,1939.23100646,0.00065,5e-05,192,S,1,0.5,0.5,0.5,0.5,-,M,PW,1002400.66648,16272738.0923,0.0616,2014-11-25T15:21:20.226,24.252497662,246.421782772,0.0278830188858,0.0278830188858,0.0227352235222,0.0227352235222,2456987.13982,-5.54250547605,134.2350933130755,-31.242050074656497,50045.0556426515,-3837456.203880799,3941309.9927539797,-3314823.6938343574,-63.18795932573477,True,4.84,1978335.6908785342,5131144.311293062,-3317468.409473133,14.327677219740327,13286.007994086762,13557.982491528259,6.64289907289224,51.27840283563314,119315.4167672922
1781.67176271,1943.07313191,0.00065,5e-05,192,E,1,0.5,0.5,0.5,0.5,-,M,PW,nan,nan,nan,2014-11-25T15:21:20.286,24.233225671,246.537547906,0.0278830188858,0.0278830188858,0.0227352235222,0.0227352235222,2456987.13982,nan,134.24064823797062,-31.237835485254703,49687.75144666832,-3837795.571513439,3940894.0471376176,-3314235.719878806,-58.0891039770439,True,4.9,1977794.5592333302,5131288.072231419,-3316879.6402479387,14.245614223330282,13252.809471769317,13524.780110318914,6.561955005585765,44.71337417284312,118552.86471940574
1781.46954558,1945.0953032,0.00065,5e-05,193,S,0,0.5,0.5,0.5,0.5,-,M,PW,927040.884958,39958658.8344,0.0232,2014-11-25T15:21:20.326,24.2434523283,246.592734819,0.0278830188858,0.0278830188858,0.0227352235222,0.0227352235222,2456987.13982,-6.51788114763,134.24434360252522,-31.235031251882155,49450.08749248935,-3838021.324507592,3940617.343889716,-3313844.556584476,-95.246286291352,True,4.94,1977434.5478480295,5131383.710499632,-3316487.947844124,14.192065249133776,13229.88136909448,13501.849615350033,6.512660058873089,-9.218577813730548,118045.8243970114
1779.85180855,1948.73521152,0.00065,5e-05,193,E,0,0.5,0.5,0.5,0.5,-,M,PW,nan,nan,nan,2014-11-25T15:21:20.346,24.2277527712,246.701539103,0.0278904562001,0.0278904562001,0.0227784297713,0.0227784297713,2456987.13982,nan,134.24618884154867,-31.23363083475206,49331.421421173,-3838134.0492435033,3940479.1754630697,-3313649.2278601024,-95.53862352341318,True,4.96,1977254.771355076,5131431.46729302,-3316292.3549135886,14.165573227665018,13218.172056845518,13490.139171716592,6.489548372001263,120.67802888821356,117792.71238706878
1778.43628865,1951.56625133,0.00065,5e-05,194,S,1,0.5,0.5,0.5,0.5,-,M,PW,1335900.76425,21686700.7184,0.0616,2014-11-25T15:21:20.426,24.2111350785,246.787298888,0.0278904562001,0.0278904562001,0.0227784297713,0.0227784297713,2456987.13982,-5.85433760495,134.2535527992323,-31.228040913930347,48857.89762780941,-3838583.891879251,3939927.7748897937,-3312869.656660119,-87.16900512826736,True,5.04,1976537.2439680097,5131622.065717757,-3315511.7291884017,14.061012822625159,13169.646630918129,13441.609640553344,6.408637538988303,-24.122168136935453,116783.0777055364
1776.0096831,1956.82389668,0.00065,5e-05,194,E,1,0.5,0.5,0.5,0.5,-,M,PW,nan,nan,nan,2014-11-25T15:21:20.486,24.1854162492,246.944943286,0.0278904562001,0.0278904562001,0.0227784297713,0.0227784297713,2456987.13982,nan,134.25905754845965,-31.223861325782018,48503.99498436723,-3838920.1445151437,3939515.591342368,-3312286.880467774,-82.15756330719309,True,5.1,1976000.8187691232,5131764.548027001,-3314928.164635971,13.983489027519282,13131.413707186948,13403.374122522282,6.361425293426426,40.66071989716135,116028.87905948365
1774.99859745,1959.85715362,0.00065,5e-05,195,S,0,0.5,0.5,0.5,0.5,-,M,PW,791974.689676,34136840.0722,0.0232,2014-11-25T15:21:20.526,24.1809301623,247.032970961,0.0278904562001,0.0278904562001,0.0227784297713,0.0227784297713,2456987.13982,-6.3469121834,134.2627182719538,-31.221081341009594,48268.67407293101,-3839143.748226353,3939241.48513007,-3311899.3083589845,-99.18417707524816,True,5.14,1975644.0559816859,5131859.30504498,-3314540.0681984015,13.931984474850442,13105.01340584644,13376.972317183248,6.337152231750012,47.02163125015563,115527.5803617737
1774.18972894,1962.4859763,0.00065,5e-05,195,E,0,0.5,0.5,0.5,0.5,-,M,PW,nan,nan,nan,2014-11-25T15:21:20.546,24.178760538,247.10875751,0.0278904562001,0.0278904562001,0.0227784297713,0.0227784297713,2456987.13982,nan,134.26454582356294,-31.219693330229983,48151.20275986596,-3839255.375948584,3939104.642647699,-3311705.81409265,-117.23904542890662,True,5.16,1975465.9379929674,5131906.612326874,-3314346.312149174,13.906234589500869,13091.532374535313,13363.490609707957,6.327310774242842,107.32255821391,115277.39225389241
1772.57199191,1965.51923323,0.00065,5e-05,196,S,1,0.5,0.5,0.5,0.5,-,M,PW,1303166.52213,21155300.684,0.0616,2014-11-25T15:21:20.626,24.1575483373,247.201173981,0.0278904562001,0.0278904562001,0.0227784297713,0.0227784297713,2456987.13982,-5.82740189564,134.2718365077128,-31.214154973924174,47682.617870539696,-3839700.676717249,3938558.734613134,-3310933.8479772024,-102.29330030290149,True,5.24,1974755.2799777945,5132095.351566906,-3313573.3016118915,13.802906979156218,13035.676078712415,13307.632130792137,6.304375938667738,-31.06039556101291,114279.81750252131
1769.53873497,1971.38352997,0.00065,5e-05,196,E,1,0.5,0.5,0.5,0.5,-,M,PW,nan,nan,nan,2014-11-25T15:21:20.686,24.1186799523,247.378978244,0.0278904562001,0.0278904562001,0.0227784297713,0.0227784297713,2456987.13982,nan,134.27728355397838,-31.210016171139806,47332.59333542502,-3840033.355411245,3938150.875892754,-3310357.0665656864,-78.49914474637968,True,5.3,1974224.2629563045,5132236.372954066,-3312995.7397830063,13.724725731206016,12991.681080690101,13263.63605487087,6.305665268244996,65.09212859288877,113535.05907842275
1768.72986645,1973.81013552,0.00065,5e-05,197,S,0,0.5,0.5,0.5,0.5,-,M,PW,924210.030104,39836639.2286,0.0232,2014-11-25T15:21:20.726,24.1145614625,247.449293008,0.0278904562001,0.0278904562001,0.0227784297713,0.0227784297713,2456987.13982,-6.51456062098,134.2809044467748,-31.207264423652703,47099.944080113506,-3840254.4934810065,3937879.7547571175,-3309973.635234688,-91.1835748037347,True,5.34,1973871.232609416,5132330.123042894,-3312611.789605401,13.67213238001318,12961.308916109196,13233.263443070837,6.315921739426151,34.54995866664351,113040.24909121553
1767.31434655,1977.45004384,0.00065,5e-05,197,E,0,0.5,0.5,0.5,0.5,-,M,PW,nan,nan,nan,2014-11-25T15:21:20.746,24.1027219946,247.556182328,0.0278904562001,0.0278904562001,0.0227784297713,0.0227784297713,2456987.13982,nan,134.28271149516667,-31.205890854025572,46983.83513731574,-3840364.8512332933,3937744.4474584674,-3309782.255777364,-99.75385366994686,True,5.36,1973695.019960614,5132376.916700975,-3312420.151185502,13.64566988306239,12945.80176042625,13217.756150904383,6.323966098451519,149.31548712588366,112793.36537617532
1766.10104378,1981.2921693,0.00065,5e-05,198,S,0,0.5,0.5,0.5,0.5,-,M,PW,935810.176874,40336645.5549,0.0232,2014-11-25T15:21:20.826,24.0976443023,247.666983573,0.0275863908542,0.0275863908542,0.0227084800906,0.0227084800906,2456987.13982,-6.52810333688,134.28991812179112,-31.20041248219434,46520.88242426932,-3840804.954024216,3937204.839553406,-3309019.0546387318,-122.36381749322682,True,5.44,1972992.252330705,5132563.531587003,-3311655.917207679,13.538338774654795,12881.564881423117,13153.519339633061,6.376124239632156,30.759895192653175,111809.41977168099
1764.62872223,1985.97001817,0.00065,5e-05,198,E,0,0.5,0.5,0.5,0.5,-,M,PW,nan,nan,nan,2014-11-25T15:21:20.846,24.0913010367,247.801825069,0.0272508647135,0.0272508647135,0.0227326244236,0.0227326244236,2456987.13982,nan,134.29171406228244,-31.199046985982747,46405.524882153106,-3840914.6265805773,3937070.3658504556,-3308828.850058061,-149.95223311706647,True,5.46,1972817.0957319245,5132610.041590048,-3311465.4552132413,13.511260481554748,12864.938550196466,13136.893212414818,6.394278863376693,190.2518285294369,111564.34606192389
1763.53457419,1988.8662924,0.00065,5e-05,199,S,1,0.5,0.5,0.5,0.5,-,M,PW,1412936.60958,22937282.623,0.0616,2014-11-25T15:21:20.926,24.082242011,247.886565015,0.0272508647135,0.0272508647135,0.0227326244236,0.0227326244236,2456987.13983,-5.9152088041,134.29887398930848,-31.193602135005897,45945.67851189074,-3841351.845004798,3936534.25658287,-3308070.5172979897,-156.95063823536202,True,5.54,1972118.7009272636,5132795.483273136,-3310706.0960485996,13.401704265250249,12796.073036939048,13068.02909704394,6.487602960963015,23.70260270505535,110587.85225693445
1760.76702326,1994.98064911,0.00065,5e-05,199,E,1,0.5,0.5,0.5,0.5,-,M,PW,nan,nan,nan,2014-11-25T15:21:20.986,24.0502327235,248.068513119,0.0272508647135,0.0272508647135,0.0227326244236,0.0227326244236,2456987.13983,nan,134.3042177987035,-31.189537211038996,45602.516358304514,-3841678.1446063896,3936134.1311748982,-3307504.47726884,-149.46418270626523,True,5.6,1971597.3357415358,5132933.913514371,-3310139.2897832114,13.318385651261867,12741.856208597554,13013.81401415127,6.579249572454265,110.63786089844938,109859.61912756991
1759.54415192,1997.23330684,0.00065,5e-05,200,S,1,0.5,0.5,0.5,0.5,-,M,PW,1258123.22677,20424078.3566,0.0616,2014-11-25T15:21:21.026,24.0327557412,248.136883736,0.0272508647135,0.0272508647135,0.0227326244236,0.0227326244236,2456987.13983,-5.7892100595,134.30776756419044,-31.18683657413077,45374.59480027405,-3841894.8904554206,3935868.3386173095,-3307128.462666881,-136.40186186649007,True,5.64,1971250.9650722612,5133025.877733872,-3309762.7661385112,13.262452237584245,12704.442277962427,12976.401639657295,6.651297150853474,74.63315183221047,109376.15793933172
1757.80638738,2001.73862231,0.00065,5e-05,200,E,1,0.5,0.5,0.5,0.5,-,M,PW,nan,nan,nan,2014-11-25T15:21:21.086,24.016855672,248.268717595,0.0272508647135,0.0272508647135,0.0227326244236,0.0227326244236,2456987.13983,nan,134.31307216184496,-31.182800143020845,45034.03794704853,-3842218.7729050075,3935471.151570904,-3306566.5353711015,-145.03498144212907,True,5.7,1970733.2855159459,5133163.3226957945,-3309200.0780288274,13.178063151492035,12646.34815858879,12918.310447222895,6.773028358223521,66.14008498162616,108654.12200587163
1756.26170779,2004.69925819,0.00065,5e-05,201,S,1,0.5,0.5,0.5,0.5,-,M,PW,1104935.13818,17937258.7367,0.0616,2014-11-25T15:21:21.126,23.9952592269,248.358018196,0.0272508647135,0.0272508647135,0.0227326244236,0.0227326244236,2456987.13983,-5.64824407131,134.3165947585879,-31.18011920654646,44807.911176929156,-3842433.8438228806,3935207.3938884023,-3306193.359635886,-130.81476062782522,True,5.74,1970389.4572966418,5133254.607911782,-3308826.3969820123,13.121746865402622,12606.264122808552,12878.228764281599,6.863601592013164,65.36215948783108,108174.92921335678
1754.4595816,2009.26893531,0.00065,5e-05,201,E,1,0.5,0.5,0.5,0.5,-,M,PW,nan,nan,nan,2014-11-25T15:21:21.186,23.9775297797,248.491850933,0.0272508647135,0.0272508647135,0.0227326244236,0.0227326244236,2456987.13983,nan,134.321857013463,-31.17611342046613,44470.13640556531,-3842755.115711508,3934813.37673699,-3305635.841243612,-137.00707737256485,True,5.8,1969875.7238979137,5133390.999994962,-3308268.1235727826,13.037663142235546,12544.036378865629,12816.005192466608,7.012726230752524,57.62396297910397,107459.50719193745
1753.49415686,2011.26414644,0.00065,5e-05,202,S,0,0.5,0.5,0.5,0.5,-,M,PW,1236676.59958,53305025.8442,0.0232,2014-11-25T15:21:21.226,23.9648173799,248.551442867,0.0272508647135,0.0272508647135,0.0227326244236,0.0227326244236,2456987.13983,-6.83077428522,134.32535051798757,-31.17345366560075,44245.926058429344,-3842968.3944865926,3934551.7977610594,-3305265.7081844956,-130.8389789830172,True,5.84,1969534.6174056348,5133481.559695212,-3307897.489200581,12.982194508741218,12501.109128318694,12773.081169056444,7.120348909028044,1.933048537266496,106984.8499147365
1751.88511562,2014.61095222,0.00065,5e-05,202,E,0,0.5,0.5,0.5,0.5,-,M,PW,nan,nan,nan,2014-11-25T15:21:21.246,23.9436370033,248.651277347,0.0272508647135,0.0272508647135,0.0227326244236,0.0227326244236,2456987.13983,nan,134.32709271495855,-31.17212711289891,44134.120462684805,-3843074.7533906642,3934421.34940038,-3305081.118351189,-121.24352869255942,True,5.86,1969364.4902648458,5133526.726088625,-3307712.6493330454,12.954712444176828,12479.20214869913,12751.175937517277,7.176445301944704,96.19055278299666,106748.22808376659
