outputs/DTF_triangulation/40_2014-11-25_152058_DSC_0617-G_DN141125_01_2018-04-26_163631_martin_nocomment.ecsv
# %ECSV 0.9
# ---
# datatype:
# - {name: x_image, unit: pix, datatype: float64}
# - {name: y_image, unit: pix, datatype: float64}
# - {name: time_err_minus, unit: s, datatype: float64}
# - {name: time_err_plus, unit: s, datatype: float64}
# - {name: de_bruijn_sequence_element_index, datatype: object}
# - {name: dash_start_end, datatype: object}
# - {name: zero_or_one, datatype: int64}
# - {name: err_minus_x_image, unit: pix, datatype: float64}
# - {name: err_plus_x_image, unit: pix, datatype: float64}
# - {name: err_minus_y_image, unit: pix, datatype: float64}
# - {name: err_plus_y_image, unit: pix, datatype: float64}
# - {name: periodic_pulse, datatype: object}
# - {name: pick_flag, datatype: object}
# - {name: encoding_type, datatype: object}
# - {name: brightness_dash_V, unit: adu, datatype: float64}
# - {name: flux_dash_V, unit: adu / s, datatype: float64}
# - {name: aperture_exptime, unit: s, datatype: float64}
# - {name: datetime, datatype: string}
# - {name: altitude, datatype: float64}
# - {name: azimuth, datatype: float64}
# - {name: err_minus_altitude, datatype: float64}
# - {name: err_plus_altitude, datatype: float64}
# - {name: err_minus_azimuth, datatype: float64}
# - {name: err_plus_azimuth, datatype: float64}
# - {name: JD, datatype: float64, description: Julian Date}
# - {name: m_V, unit: adu / s, datatype: float64}
# - {name: longitude, unit: deg, datatype: float64}
# - {name: latitude, unit: deg, datatype: float64}
# - {name: height, unit: m, datatype: float64}
# - {name: X_geo, unit: m, datatype: float64}
# - {name: Y_geo, unit: m, datatype: float64}
# - {name: Z_geo, unit: m, datatype: float64}
# - {name: cross_track_error, unit: m, datatype: float64}
# - {name: timing, datatype: bool}
# - {name: t_rel, unit: s, datatype: float64}
# - {name: X_eci, unit: m, datatype: float64}
# - {name: Y_eci, unit: m, datatype: float64}
# - {name: Z_eci, unit: m, datatype: float64}
# - {name: pos_err, unit: m, datatype: float64}
# - {name: D_DT_geo, unit: m / s, datatype: float64}
# - {name: D_DT_eci, unit: m / s, datatype: float64}
# - {name: D_DT_err, unit: m / s, datatype: float64}
# - {name: along_track_error, unit: m, datatype: float64}
# - {name: range, unit: m, datatype: float64}
# delimiter: ','
# meta: !!omap
# - {origin: Desert Fireball Network}
# - {exposure_time: 25.0}
# - {lens_type: Fisheye}
# - {telescope: DFNSMALL40}
# - {observer: 'DFN automated software http://adsabs.harvard.edu/abs/2012M%26PSA..75.5123T'}
# - {creator: raw_to_fits 6.0}
# - {timing_correction_dictionary_version: DEBUG}
# - {isodate_mid_obs: '2014-11-25T15:21:10.500'}
# - {sidereal_time_hour: 4.725841279690901}
# - {point_picking_user_comment: nocomment}
# - {point_picking_hostname: work-desktop-debian}
# - {obs_latitude: -32.4592366667}
# - {original_raw_filename: 40_2014-11-25_152058_DSC_0617.NEF}
# - {cropped: false}
# - {obs_elevation: 284.0}
# - {instrument: Nikon D800}
# - {gps_lock: Y}
# - {filter_pattern: RG/GB}
# - {location: MountIves}
# - {aperture: 4.0}
# - {isodate_start_obs: '2014-11-25T15:20:58'}
# - {image_file: 40_2014-11-25_152058_DSC_0617-G.tiff}
# - {timing_corrected: true}
# - {NAXIS2: 4924}
# - {NAXIS1: 7378}
# - {event_codename: DN141125_01}
# - {jd_mid_obs: 2456987.139704861}
# - {lens: Samyang_8mm_F3.5}
# - {timing_de_bruijn_encoding_type: pulse_width}
[...]
# - {triangulation_dec_ecef_end_err: 0.014152161487937}
# - {triangulation_slope_end: 26.074741311354533}
# - {triangulation_slope_end_err: 0.011265336417536784}
# - {triangulation_azimuth_end: -129.00961429269927}
# - {triangulation_azimuth_end_err: 0.014482864259038787}
# - {triangulation_file_1: 38_2014-11-25_152058_DSC_0559-G_DN141125_01_2018-04-26_163331_martin_nocomment.ecsv}
# - {triangulation_file_2: 40_2014-11-25_152058_DSC_0617-G_DN141125_01_2018-04-26_163631_martin_nocomment.ecsv}
# - {triangulation_file_3: 41_2014-11-25_152059_DSC_0674-G_DN141125_01_2018-01-01_212656_ellie_nocomment.ecsv}
# - {triangulation_file_4: 40_2014-11-25_152058_DSC_0617-G_DN141125_01_2018-04-26_163631_martin_nocomment.ecsv}
# - {triangulation_file_5: 38_2014-11-25_152058_DSC_0559-G_DN141125_01_2018-04-26_163331_martin_nocomment.ecsv}
# - {triangulation_t0: '2014-11-25T15:21:15.386'}
# - {triangulation_file_0: 36_2014-11-25_152058_DSC_0594-G_DN141125_01_2018-04-26_163106_martin_nocomment.ecsv}
# - {astropy_version: 3.0.1}
# - {numpy_version: 1.14.2}
# - {scipy_version: 1.0.1}
# schema: astropy-2.0
x_image,y_image,time_err_minus,time_err_plus,de_bruijn_sequence_element_index,dash_start_end,zero_or_one,err_minus_x_image,err_plus_x_image,err_minus_y_image,err_plus_y_image,periodic_pulse,pick_flag,encoding_type,brightness_dash_V,flux_dash_V,aperture_exptime,datetime,altitude,azimuth,err_minus_altitude,err_plus_altitude,err_minus_azimuth,err_plus_azimuth,JD,m_V,longitude,latitude,height,X_geo,Y_geo,Z_geo,cross_track_error,timing,t_rel,X_eci,Y_eci,Z_eci,pos_err,D_DT_geo,D_DT_eci,D_DT_err,along_track_error,range
1535.67170869,3180.22627653,0.00065,5e-05,154,S,1,0.5,0.5,0.5,0.5,-,M,PW,8165.33740828,132554.178706,0.0616,2014-11-25T15:21:16.426,16.2167841815,295.650660191,0.0284359621504,0.0284359621504,0.0219034642487,0.0219034642487,2456987.13977,-0.309546893573,133.86962529964975,-31.517340197739355,73674.18083406154,-3815096.6404825025,3968680.8475263086,-3353439.858079313,-269.8287425606444,True,1.04,2013898.2518272111,5121670.456844513,-3356136.8402304105,35.92804875857037,13970.929784489295,14243.471856507089,10.395863153571959,-45.97343047176926,247968.24838370943
1535.04106916,3189.13405984,0.00065,5e-05,154,E,1,0.5,0.5,0.5,0.5,-,M,PW,nan,nan,nan,2014-11-25T15:21:16.486,16.1265906681,295.854679768,0.0285876637207,0.0285876637207,0.0219456179026,0.0219456179026,2456987.13977,nan,133.8754804620932,-31.512960296516777,73293.69784453612,-3815455.3534477567,3968242.2455386957,-3352822.175780786,-218.5311222250704,True,1.1,2013328.571803417,5121822.671443231,-3355518.3206378063,35.38204856969452,13969.28341956997,14241.814591656539,10.385449239519922,139.9640899785316,247584.87139162445
1535.19872904,3194.17917604,0.00065,5e-05,155,S,1,0.5,0.5,0.5,0.5,-,M,PW,6770.51465249,109910.952151,0.0616,2014-11-25T15:21:16.526,16.0883809629,295.97394874,0.0285876637207,0.0285876637207,0.0219456179026,0.0219456179026,2456987.13977,-0.106165760921,133.87938356657682,-31.510040148751578,73040.10652575738,-3815694.4668090343,3967949.8722548243,-3352410.417413923,-247.45065442761174,True,1.14,2012948.831761845,5121924.126821506,-3355106.0041639134,35.01965738303152,13968.135024450638,14240.658963641983,10.378126669893273,163.20097883436833,247330.5625697822
1534.88340928,3201.98334018,0.00065,5e-05,155,E,1,0.5,0.5,0.5,0.5,-,M,PW,nan,nan,nan,2014-11-25T15:21:16.586,16.0144738894,296.153816991,0.0284273785821,0.0284273785821,0.0219530801989,0.0219530801989,2456987.13978,nan,133.8852375224093,-31.505659628478682,72659.81726419045,-3816053.08055536,3967511.367523436,-3351792.8275761795,-226.3888543370624,True,1.2,2012379.2942346516,5122076.277684364,-3354487.5772429993,34.478587130198605,13966.333239617177,14238.846304054958,10.366522044947285,226.33169118196972,246951.03571201666
1534.41042963,3207.8167558,0.00065,5e-05,156,S,1,0.5,0.5,0.5,0.5,-,M,PW,10159.3031294,164923.752101,0.0616,2014-11-25T15:21:16.626,15.9528037548,296.286140746,0.0284273785821,0.0284273785821,0.0219530801989,0.0219530801989,2456987.13978,-0.546771352222,133.88913967438353,-31.50273909518251,72406.35744431343,-3816292.1178271794,3967219.0692459834,-3351381.134659769,-182.2273535880714,True,1.24,2011999.652555615,5122177.689691929,-3354075.3263524813,34.11960839967291,13965.078751343948,14237.584596967883,10.358197880968369,334.6688098727157,246699.3140180458
1534.41042963,3213.88666123,0.00065,5e-05,156,E,1,0.5,0.5,0.5,0.5,-,M,PW,nan,nan,nan,2014-11-25T15:21:16.686,15.9008759484,296.427433833,0.0284273785821,0.0284273785821,0.0219530801989,0.0219530801989,2456987.13978,nan,133.89499197694803,-31.498358038596052,72026.26901996526,-3816650.6023604423,3966780.6924314764,-3350763.648864903,-191.52562211963505,True,1.3,2011430.2678021297,5122329.774130946,-3353457.003717172,33.58384336769638,13963.117878718902,14235.61289716988,10.345249487998219,211.06791110618272,246323.6983858142
1534.80457934,3217.98581815,0.00065,5e-05,157,S,0,0.5,0.5,0.5,0.5,-,M,PW,4058.54482825,174937.27708,0.0232,2014-11-25T15:21:16.726,15.8756580854,296.525839394,0.0284273785821,0.0284273785821,0.0219530801989,0.0219530801989,2456987.13978,-0.610769241544,133.8988931004467,-31.495437176882355,71772.94551574101,-3816889.558877725,3966488.474797591,-3350352.029346419,-241.8903913683524,True,1.34,2011050.7315305865,5122431.140925437,-3353044.826372319,33.22851998430956,13961.751808346684,14234.239597382257,10.336269633868568,128.95600838675702,246074.58646907477
1534.80457934,3223.18859424,0.00065,5e-05,157,E,0,0.5,0.5,0.5,0.5,-,M,PW,nan,nan,nan,2014-11-25T15:21:16.746,15.8306569383,296.646652817,0.0285666302022,0.0285666302022,0.021977375565,0.021977375565,2456987.13978,nan,133.9008435001993,-31.493976702576013,71646.30470107177,-3817009.0245486363,3966342.378650526,-3350146.231405709,-247.66993488366893,True,1.36,2010860.979930092,5122481.817351356,-3352838.7495503267,33.05143277680477,13961.050489469038,14233.534680279263,10.331653318939296,413.8113380144564,245950.4241148492
1534.56808952,3230.04679909,0.00065,5e-05,158,S,1,0.5,0.5,0.5,0.5,-,M,PW,16176.8605829,262611.373099,0.0616,2014-11-25T15:21:16.826,15.7649320147,296.803759147,0.0285666302022,0.0285666302022,0.021977375565,0.021977375565,2456987.13978,-1.05184716171,133.90864397875492,-31.48813454612991,71139.88380253316,-3817486.800953323,3965758.0816630917,-3349323.1227789773,-227.62499896861902,True,1.44,2010102.087551981,5122684.475588892,-3352014.525548635,32.34701981943806,13958.118787784591,14230.588576915112,10.312211712370305,118.29088165094538,245456.40970445573
1534.36023346,3238.82950473,0.00065,5e-05,158,E,1,0.5,0.5,0.5,0.5,-,M,PW,nan,nan,nan,2014-11-25T15:21:16.886,15.6825545213,297.005253708,0.0281706813669,0.0281706813669,0.0219621992598,0.0219621992598,2456987.13978,nan,133.9144929417236,-31.483752695433633,70760.22075524653,-3817845.027804181,3965319.965845467,-3348705.883938751,-210.0857678173996,True,1.5,2009533.0427361215,5122836.418187632,-3351396.4503605296,31.823015596521923,13955.78134791274,14228.240387023878,10.296589173837157,267.5103234873279,245088.69206685212
1534.71940285,3242.85220195,0.00065,5e-05,159,S,1,0.5,0.5,0.5,0.5,-,M,PW,16723.5384403,271486.013641,0.0616,2014-11-25T15:21:16.926,15.6561137441,297.101052875,0.0281706813669,0.0281706813669,0.0219621992598,0.0219621992598,2456987.13978,-1.08793198708,133.91839174954535,-31.480831371958203,70507.18654472541,-3818083.8070575614,3965027.928846756,-3348294.4384723334,-252.71586131866312,True,1.54,2009153.741437905,5122937.6882392345,-3350984.447419524,31.475808253910685,13954.1537392685,14226.605628978783,10.285669752902093,173.21686499481552,244844.86852888207
1534.64756897,3250.25109148,0.00065,5e-05,159,E,1,0.5,0.5,0.5,0.5,-,M,PW,nan,nan,nan,2014-11-25T15:21:16.986,15.5884983469,297.271073639,0.0281706813669,0.0281706813669,0.0219621992598,0.0219621992598,2456987.13978,nan,133.92423900122944,-31.47644928176429,70127.74960624611,-3818441.9039150686,3964589.947979498,-3347677.345104046,-246.70605455099553,True,1.6,2008584.8860922817,5123089.554819498,-3350366.5180069176,30.958326869221597,13951.603749005018,14224.044923718937,10.26846674719253,175.33245787966777,244481.13844243612
1534.50390121,3254.13012095,0.00065,5e-05,160,S,1,0.5,0.5,0.5,0.5,-,M,PW,39529.1685936,641707.282363,0.0616,2014-11-25T15:21:17.026,15.5501662379,297.359201739,0.0281706813669,0.0281706813669,0.0219621992598,0.0219621992598,2456987.13978,-2.02190575524,133.92813650560444,-31.47352783705208,69874.86945190067,-3818680.585699817,3964298.0122223217,-3347266.0020062113,-230.90722282527273,True,1.64,2008205.7158593303,5123190.7729501035,-3349954.6176241976,30.615633329561845,13949.828547207764,14222.262627886463,10.25642923538853,68.97730226762853,244239.99406703954
1534.48925957,3262.52473468,0.00065,5e-05,160,E,1,0.5,0.5,0.5,0.5,-,M,PW,nan,nan,nan,2014-11-25T15:21:17.086,15.4742393324,297.552009118,0.0275631551507,0.0275631551507,0.0220059736019,0.0220059736019,2456987.13978,nan,133.9339815549441,-31.46914562514262,69495.66855630885,-3819038.5198157756,3963860.200241039,-3346649.070500279,-228.31534015898617,True,1.7,2007637.064455885,5123342.559729278,-3349336.850356351,30.105159015537705,13947.04825746975,14219.471636959794,10.237474026667865,168.0069554702542,243880.31373974623
1534.50390121,3267.99405958,0.00065,5e-05,161,S,0,0.5,0.5,0.5,0.5,-,M,PW,10796.6429247,465372.539856,0.0232,2014-11-25T15:21:17.126,15.4250326888,297.677587214,0.0276290684294,0.0276290684294,0.0217331606036,0.0217331606036,2456987.13978,-1.673065219,133.93787764849301,-31.466224140143726,69242.94922308758,-3819277.0975150513,3963568.3736787736,-3346237.84100264,-228.08676549762444,True,1.74,2007258.0352294445,5123443.723340573,-3348925.0637771003,29.767295328006565,13945.113391705598,14217.529691509431,10.224239930777895,219.35257226950918,243641.87189580995
1534.57573509,3271.72942129,0.00065,5e-05,161,E,0,0.5,0.5,0.5,0.5,-,M,PW,nan,nan,nan,2014-11-25T15:21:17.146,15.3928269872,297.763758467,0.0276290684294,0.0276290684294,0.0217331606036,0.0217331606036,2456987.13978,nan,133.93982547289232,-31.464763399546108,69116.61436694328,-3819396.3701018817,3963422.4775863145,-3346032.244408225,-234.17516777767776,True,1.76,2007068.542772119,5123494.296705708,-3348719.18869491,29.59912321780778,13944.12079100029,14216.533557784784,10.217439022876976,345.6500862158582,243523.05862908217
1534.71940285,3278.40997203,0.00065,5e-05,162,S,0,0.5,0.5,0.5,0.5,-,M,PW,9412.48915291,405710.73935,0.0232,2014-11-25T15:21:17.226,15.335285812,297.917787209,0.0276290684294,0.0276290684294,0.0217331606036,0.0217331606036,2456987.13978,-1.52410459513,133.94761523161498,-31.458920494290748,68611.44403812462,-3819873.3485625475,3962839.011990375,-3345209.985217072,-246.1140855808802,True,1.84,2006310.7259202937,5123696.532518825,-3347895.8157141637,28.931675221559676,13939.976338276125,14212.374955841957,10.188865710856426,11.201074646502578,243050.53409148473
1535.03390372,3285.60908727,0.00065,5e-05,162,E,0,0.5,0.5,0.5,0.5,-,M,PW,nan,nan,nan,2014-11-25T15:21:17.246,15.2768258419,298.084813837,0.0276073107345,0.0276073107345,0.0215792117827,0.0215792117827,2456987.13978,nan,133.94956210577806,-31.45745979155355,68485.19451812039,-3819992.5528021734,3962693.1874383087,-3345004.4535112293,-274.39603922290814,True,1.86,2006121.3111087903,5123747.076757932,-3347690.0056153648,28.766148548689202,13938.895339884913,14211.290404470448,10.181383046139201,484.5399626281483,242933.10099760853
1534.80457934,3292.00713252,0.00065,5e-05,163,S,1,0.5,0.5,0.5,0.5,-,M,PW,55724.1243852,904612.40885,0.0616,2014-11-25T15:21:17.326,15.2116840145,298.228688116,0.0275369659471,0.0275369659471,0.021636005642,0.021636005642,2456987.13978,-2.39471968756,133.957348610514,-31.45161713285066,67980.37360438822,-3820469.296736594,3962109.972558872,-3344182.4671329707,-241.97396364528598,True,1.94,2005363.8166510712,5123949.192981203,-3346866.905934198,28.109640200088766,13934.383039338814,14206.76404173825,10.150079837882462,120.1701481886998,242466.06718367277
1535.04106916,3299.73246672,0.00065,5e-05,163,E,1,0.5,0.5,0.5,0.5,-,M,PW,nan,nan,nan,2014-11-25T15:21:17.386,15.1454233453,298.406409317,0.0275369659471,0.0275369659471,0.021636005642,0.021636005642,2456987.13978,nan,133.9631866641411,-31.44723535626036,67601.948832256,-3820826.7244553627,3961672.7017455758,-3343566.1328447456,-257.8161140313149,True,2.0,2004795.8758982776,5124100.714533883,-3346249.736917183,27.62333938355755,13930.792852815255,14203.163342801441,10.125051993850628,137.06571602685298,242118.695491768
1535.27755898,3304.61992304,0.00065,5e-05,164,S,1,0.5,0.5,0.5,0.5,-,M,PW,54298.7308925,881472.904098,0.0616,2014-11-25T15:21:17.426,15.105391497,298.519403902,0.0275369659471,0.0275369659471,0.021636005642,0.021636005642,2456987.13979,-2.36658575283,133.9670777888228,-31.4443143071393,67349.75920776615,-3821064.9449955397,3961381.257819621,-3343155.321763533,-276.4897606433735,True,2.04,2004417.3383969248,5124201.696635934,-3345838.369495238,27.3021666752213,13928.296676522823,14200.660180424318,10.1076235061799,119.95153230975585,241888.504266814
1535.1198991,3312.89706682,0.00065,5e-05,164,E,1,0.5,0.5,0.5,0.5,-,M,PW,nan,nan,nan,2014-11-25T15:21:17.486,15.0231332666,298.705627688,0.0275369659471,0.0275369659471,0.021636005642,0.021636005642,2456987.13979,nan,133.97291288310817,-31.43993298082395,66971.61890431786,-3821422.1637634714,3960944.2124328404,-3342539.2290183897,-244.27386202671966,True,2.1,2003849.6721239397,5124353.119958607,-3345221.442448287,26.8251015470614,13924.391840202627,14196.74492955302,10.080272778414146,191.45489309854713,241545.32539674093
1535.35638892,3316.60207404,0.00065,5e-05,165,S,1,0.5,0.5,0.5,0.5,-,M,PW,95661.7188943,1552949.98205,0.0616,2014-11-25T15:21:17.526,14.9937866537,298.791493619,0.0275369659471,0.0275369659471,0.021636005642,0.021636005642,2456987.13979,-2.98145700567,133.9768020721498,-31.43701228870993,66719.62375011077,-3821660.2481999523,3960652.916922849,-3342128.586888044,-263.29025242049414,True,2.14,2003471.3245875377,5124454.03475147,-3344810.2442402286,26.510263817963565,13921.67771977666,14194.023854556177,10.061202258089649,53.20678489480744,241317.9326172345
1535.43521886,3324.56389805,0.00065,5e-05,165,E,1,0.5,0.5,0.5,0.5,-,M,PW,nan,nan,nan,2014-11-25T15:21:17.586,14.9195781801,298.97200648,0.0275369659471,0.0275369659471,0.021636005642,0.021636005642,2456987.13979,nan,133.98263431383836,-31.432631585732675,66341.78266245486,-3822017.2673227508,3960216.091755393,-3341512.7598408456,-254.80587242713847,True,2.2,2002903.9541385167,5124605.354270011,-3344193.5833288557,26.04305084103765,13917.433254640848,14189.768999170206,10.031296499846654,87.45682197661488,240978.95626149297
1535.59287874,3329.37252444,0.00065,5e-05,166,S,0,0.5,0.5,0.5,0.5,-,M,PW,34384.1499899,1482075.4306,0.0232,2014-11-25T15:21:17.626,14.8772251372,299.081794582,0.0275369659471,0.0275369659471,0.021636005642,0.021636005642,2456987.13979,-2.93073910489,133.9865212408629,-31.42971137031318,66089.99211553353,-3822255.1943922793,3959924.967718511,-3341102.30333358,-260.86533582034656,True,2.24,2002525.8113421982,5124706.197895405,-3343782.5710642836,25.73503398579806,13914.483882191347,14186.812752271848,10.010496720875262,58.28294056156657,240754.38626944958
1535.50957552,3334.22489597,0.00065,5e-05,166,E,0,0.5,0.5,0.5,0.5,-,M,PW,nan,nan,nan,2014-11-25T15:21:17.646,14.8282447057,299.190305556,0.0275369659471,0.0275369659471,0.021636005642,0.021636005642,2456987.13979,nan,133.98846445781587,-31.42825134631073,65964.12856467416,-3822374.140863257,3959779.425364512,-3340897.104622209,-239.32424346654992,True,2.26,2002336.7721498194,5124756.608642708,-3343577.0945162806,25.58208857304167,13912.972207550807,14185.29762089648,9.999834019200376,289.2029317184362,240642.54038826175
1536.22351827,3341.35467544,0.00065,5e-05,167,S,1,0.5,0.5,0.5,0.5,-,M,PW,135297.229651,2196383.59823,0.0616,2014-11-25T15:21:17.726,14.7766764898,299.356849767,0.0275369659471,0.0275369659471,0.021636005642,0.021636005642,2456987.13979,-3.35783381531,133.9962350440894,-31.422411869917923,65460.89097701283,-3822849.7695258353,3959197.4302064804,-3340076.5152572608,-298.81054135644024,True,2.34,2001580.8376610253,5124958.175884788,-3342755.394132186,24.977593026289924,13906.669930279922,14178.981630787943,9.955225846148604,-24.158970605592597,240197.9532865269
1536.46000809,3350.97192821,0.00065,5e-05,167,E,1,0.5,0.5,0.5,0.5,-,M,PW,nan,nan,nan,2014-11-25T15:21:17.786,14.6883270073,299.574599113,0.0275369659471,0.0275369659471,0.021636005642,0.021636005642,2456987.13979,nan,134.00206048517583,-31.41803299082836,65083.69673305209,-3823206.3196240277,3958761.1244763704,-3339461.2997594564,-295.9152983006175,True,2.4,2001014.1297185766,5125109.269294219,-3342139.3457358857,24.532183761759985,13901.663968512612,14173.965459593928,9.919770458964495,166.44105113189096,239867.5191194689
1536.46000809,3355.85938453,0.00065,5e-05,168,S,1,0.5,0.5,0.5,0.5,-,M,PW,127588.301743,2071238.66465,0.0616,2014-11-25T15:21:17.826,14.6401378027,299.683957236,0.0275369659471,0.0275369659471,0.021636005642,0.021636005642,2456987.13979,-3.29413869719,134.00594269736177,-31.415114127747238,64832.349020360496,-3823443.9230149924,3958470.3603250287,-3339051.269978443,-280.25559372756373,True,2.44,2000636.4454205427,5125209.957787357,-3341728.760873593,24.239140620539526,13898.187623209715,14170.482326986401,9.895111471906276,141.36903110429952,239648.66857808086
