outputs/DTF_triangulation/40_2014-11-25_152058_DSC_0617-G_DN141125_01_2018-04-26_163631_martin_nocomment.ecsv
# %ECSV 0.9
# ---
# datatype:
# - {name: x_image, unit: pix, datatype: float64}
# - {name: y_image, unit: pix, datatype: float64}
# - {name: time_err_minus, unit: s, datatype: float64}
# - {name: time_err_plus, unit: s, datatype: float64}
# - {name: de_bruijn_sequence_element_index, datatype: object}
# - {name: dash_start_end, datatype: object}
# - {name: zero_or_one, datatype: int64}
# - {name: err_minus_x_image, unit: pix, datatype: float64}
# - {name: err_plus_x_image, unit: pix, datatype: float64}
# - {name: err_minus_y_image, unit: pix, datatype: float64}
# - {name: err_plus_y_image, unit: pix, datatype: float64}
# - {name: periodic_pulse, datatype: object}
# - {name: pick_flag, datatype: object}
# - {name: encoding_type, datatype: object}
# - {name: brightness_dash_V, unit: adu, datatype: float64}
# - {name: flux_dash_V, unit: adu / s, datatype: float64}
# - {name: aperture_exptime, unit: s, datatype: float64}
# - {name: datetime, datatype: string}
# - {name: altitude, datatype: float64}
# - {name: azimuth, datatype: float64}
# - {name: err_minus_altitude, datatype: float64}
# - {name: err_plus_altitude, datatype: float64}
# - {name: err_minus_azimuth, datatype: float64}
# - {name: err_plus_azimuth, datatype: float64}
# - {name: JD, datatype: float64, description: Julian Date}
# - {name: m_V, unit: adu / s, datatype: float64}
# - {name: longitude, unit: deg, datatype: float64}
# - {name: latitude, unit: deg, datatype: float64}
# - {name: height, unit: m, datatype: float64}
# - {name: X_geo, unit: m, datatype: float64}
# - {name: Y_geo, unit: m, datatype: float64}
# - {name: Z_geo, unit: m, datatype: float64}
# - {name: cross_track_error, unit: m, datatype: float64}
# - {name: timing, datatype: bool}
# - {name: t_rel, unit: s, datatype: float64}
# - {name: X_eci, unit: m, datatype: float64}
# - {name: Y_eci, unit: m, datatype: float64}
# - {name: Z_eci, unit: m, datatype: float64}
# - {name: pos_err, unit: m, datatype: float64}
# - {name: D_DT_geo, unit: m / s, datatype: float64}
# - {name: D_DT_eci, unit: m / s, datatype: float64}
# - {name: D_DT_err, unit: m / s, datatype: float64}
# - {name: along_track_error, unit: m, datatype: float64}
# - {name: range, unit: m, datatype: float64}
# delimiter: ','
# meta: !!omap
# - {origin: Desert Fireball Network}
# - {exposure_time: 25.0}
# - {lens_type: Fisheye}
# - {telescope: DFNSMALL40}
# - {observer: 'DFN automated software http://adsabs.harvard.edu/abs/2012M%26PSA..75.5123T'}
# - {creator: raw_to_fits 6.0}
# - {timing_correction_dictionary_version: DEBUG}
# - {isodate_mid_obs: '2014-11-25T15:21:10.500'}
# - {sidereal_time_hour: 4.725841279690901}
# - {point_picking_user_comment: nocomment}
# - {point_picking_hostname: work-desktop-debian}
# - {obs_latitude: -32.4592366667}
# - {original_raw_filename: 40_2014-11-25_152058_DSC_0617.NEF}
# - {cropped: false}
# - {obs_elevation: 284.0}
# - {instrument: Nikon D800}
# - {gps_lock: Y}
# - {filter_pattern: RG/GB}
# - {location: MountIves}
# - {aperture: 4.0}
# - {isodate_start_obs: '2014-11-25T15:20:58'}
# - {image_file: 40_2014-11-25_152058_DSC_0617-G.tiff}
# - {timing_corrected: true}
# - {NAXIS2: 4924}
# - {NAXIS1: 7378}
# - {event_codename: DN141125_01}
# - {jd_mid_obs: 2456987.139704861}
# - {lens: Samyang_8mm_F3.5}
# - {timing_de_bruijn_encoding_type: pulse_width}
[...]
# - {triangulation_dec_ecef_end_err: 0.014152161487937}
# - {triangulation_slope_end: 26.074741311354533}
# - {triangulation_slope_end_err: 0.011265336417536784}
# - {triangulation_azimuth_end: -129.00961429269927}
# - {triangulation_azimuth_end_err: 0.014482864259038787}
# - {triangulation_file_1: 38_2014-11-25_152058_DSC_0559-G_DN141125_01_2018-04-26_163331_martin_nocomment.ecsv}
# - {triangulation_file_2: 40_2014-11-25_152058_DSC_0617-G_DN141125_01_2018-04-26_163631_martin_nocomment.ecsv}
# - {triangulation_file_3: 41_2014-11-25_152059_DSC_0674-G_DN141125_01_2018-01-01_212656_ellie_nocomment.ecsv}
# - {triangulation_file_4: 40_2014-11-25_152058_DSC_0617-G_DN141125_01_2018-04-26_163631_martin_nocomment.ecsv}
# - {triangulation_file_5: 38_2014-11-25_152058_DSC_0559-G_DN141125_01_2018-04-26_163331_martin_nocomment.ecsv}
# - {triangulation_t0: '2014-11-25T15:21:15.386'}
# - {triangulation_file_0: 36_2014-11-25_152058_DSC_0594-G_DN141125_01_2018-04-26_163106_martin_nocomment.ecsv}
# - {astropy_version: 3.0.1}
# - {numpy_version: 1.14.2}
# - {scipy_version: 1.0.1}
# schema: astropy-2.0
x_image,y_image,time_err_minus,time_err_plus,de_bruijn_sequence_element_index,dash_start_end,zero_or_one,err_minus_x_image,err_plus_x_image,err_minus_y_image,err_plus_y_image,periodic_pulse,pick_flag,encoding_type,brightness_dash_V,flux_dash_V,aperture_exptime,datetime,altitude,azimuth,err_minus_altitude,err_plus_altitude,err_minus_azimuth,err_plus_azimuth,JD,m_V,longitude,latitude,height,X_geo,Y_geo,Z_geo,cross_track_error,timing,t_rel,X_eci,Y_eci,Z_eci,pos_err,D_DT_geo,D_DT_eci,D_DT_err,along_track_error,range
[from data line 118]
1609.45653323,3958.43545167,0.00065,5e-05,213,S,0,0.5,0.5,0.5,0.5,-,M,PW,141165.081988,6084701.80982,0.0232,2014-11-25T15:21:22.326,8.9014903347,312.754287756,0.0378596625602,0.0378596625602,0.0488133856035,0.0488133856035,2456987.13984,-4.4641615851,134.4153065038092,-31.104829642438947,38478.7715514234,-3848457.8919340353,3927816.175337195,-3295728.807816336,-285.01210828421915,True,6.94,1960725.7043644364,5135820.6712814085,-3298347.64276535,12.99772244110004,10761.356721923987,11033.629901485685,9.705906206949782,234.43307201044985,223292.79326598076
1610.00834282,3962.53460859,0.00065,5e-05,213,E,0,0.5,0.5,0.5,0.5,-,M,PW,nan,nan,nan,2014-11-25T15:21:22.346,8.85430579513,312.835869503,0.0382086798507,0.0382086798507,0.0493040921211,0.0493040921211,2456987.13984,nan,134.41680369022276,-31.10368520484525,38382.87733831635,-3848549.2161724484,3927704.0663840934,-3295569.9691149564,-253.8858875548273,True,6.96,1960578.4708133796,5135859.793998874,-3298188.5876746452,13.044226298370084,10718.282112148388,10990.566186601738,9.684103139788665,384.8858669546822,223259.29208466748
1611.74260151,3968.44685415,0.00065,5e-05,214,S,0,0.5,0.5,0.5,0.5,-,M,PW,121177.443962,5223165.68802,0.0232,2014-11-25T15:21:22.426,8.80556150354,312.965073659,0.0385026703203,0.0385026703203,0.0497990072854,0.0497990072854,2456987.13984,-4.29839784216,134.42273129949692,-31.09915340334906,38003.240308993525,-3848910.7695815316,3927260.205604528,-3294941.0574388425,-296.9270662792315,True,7.04,1959995.2453382942,5136014.785901836,-3297558.8188464064,13.244447586735411,10541.684533954516,10814.014866842805,9.551614493346145,75.06770717229637,223128.65640156541
1612.84622069,3974.98973923,0.00065,5e-05,214,E,0,0.5,0.5,0.5,0.5,-,M,PW,nan,nan,nan,2014-11-25T15:21:22.446,8.73436163747,313.097613481,0.0385026703203,0.0385026703203,0.0497990072854,0.0497990072854,2456987.13984,nan,134.42419761891136,-31.09803217233825,37909.33479799952,-3849000.203840271,3927150.4064870067,-3294785.47205822,-266.0429676422746,True,7.06,1959850.8939902955,5136053.151944508,-3297403.021307786,13.297604186753901,10496.467754000705,10768.810345112448,9.507038013044355,446.76967054513074,223096.83443261453
1614.0286698,3980.11368538,0.00065,5e-05,215,S,0,0.5,0.5,0.5,0.5,-,M,PW,85792.1912735,3697939.27903,0.0232,2014-11-25T15:21:22.526,8.68498598072,313.205212353,0.0385509954983,0.0385509954983,0.0492459328739,0.0492459328739,2456987.13984,-3.92346277473,134.42999862726677,-31.093595499482625,37537.83941638198,-3849354.0055112867,3926716.018146735,-3294169.8888328583,-271.5321479673905,True,7.14,1959279.4737262307,5136205.04576174,-3296786.5983095514,13.519786930616682,10311.40216237395,10583.796756752039,9.28299970507943,79.97030005066378,222972.87121875107
1614.97462909,3985.86827105,0.00065,5e-05,215,E,0,0.5,0.5,0.5,0.5,-,M,PW,nan,nan,nan,2014-11-25T15:21:22.546,8.62140692544,313.321059695,0.0385509954983,0.0385509954983,0.0492459328739,0.0492459328739,2456987.13984,nan,134.43143260508236,-31.092498620707758,37446.015468141806,-3849441.460079065,3926608.639139481,-3294017.713537759,-240.18743451576984,True,7.16,1959138.14204343,5136242.61963151,-3296634.215306191,13.577170948343166,10264.10000534929,10536.508365070342,9.215719026233316,385.197286804525,222942.6998058553
1616.70888778,3991.93817649,0.00065,5e-05,216,S,0,0.5,0.5,0.5,0.5,-,M,PW,55503.207031,2392379.61341,0.0232,2014-11-25T15:21:22.626,8.56928552628,313.452308293,0.0385509954983,0.0385509954983,0.0492459328739,0.0492459328739,2456987.13985,-3.45063856788,134.43710153975755,-31.08816159277437,37083.02734378527,-3849787.179666132,3926184.1350282505,-3293416.0764270164,-275.56009508298155,True,7.24,1958579.0683650067,5136391.275608241,-3296031.7565406933,13.81053906764632,10070.849766066156,10343.316304757942,8.904347373011564,123.05546947627421,222825.26410710995
1617.81250695,3997.92925199,0.00065,5e-05,216,E,0,0.5,0.5,0.5,0.5,-,M,PW,nan,nan,nan,2014-11-25T15:21:22.646,8.50503547465,313.573967427,0.0385509954983,0.0385509954983,0.0492459328739,0.0492459328739,2456987.13985,nan,134.43850175061155,-31.087090174847795,36993.37468068529,-3849872.5678908285,3926079.282762956,-3293267.462800693,-251.94930953399717,True,7.26,1958440.8891736495,5136428.023029367,-3295882.9398366977,13.869216212767203,10021.548498203581,10294.030404671928,8.816684696888533,454.0023701377453,222796.71081957984
1619.15261595,4002.34372867,0.00065,5e-05,217,S,1,0.5,0.5,0.5,0.5,-,M,PW,117903.991906,1914025.84263,0.0616,2014-11-25T15:21:22.726,8.46835706534,313.67013409,0.0385509954983,0.0385509954983,0.0492459328739,0.0492459328739,2456987.13985,-3.20843282856,134.44403270991063,-31.082857123922153,36639.24369189399,-3850209.843917266,3925665.101669152,-3292680.3636674294,-283.7386731519734,True,7.34,1957894.6806366392,5136573.307409506,-3295295.0379628995,14.101379607996645,9820.531303065836,10093.078085621728,8.433300488577105,63.031269329672114,222685.6878423284
1620.8080447,4009.51725328,0.00065,5e-05,217,E,1,0.5,0.5,0.5,0.5,-,M,PW,nan,nan,nan,2014-11-25T15:21:22.786,8.39770577948,313.819553736,0.0385509954983,0.0385509954983,0.0492459328739,0.0492459328739,2456987.13985,nan,134.4481064013263,-31.079738721960496,36378.44028048726,-3850458.2426255126,3925360.043434569,-3292247.917152213,-284.553116548713,True,7.4,1957491.9932976097,5136680.445232308,-3294861.9996374696,14.269134295275876,9665.92681721004,9938.526013140478,8.121112520124262,120.51757539722192,222605.70671199565
1622.14815369,4014.72002937,0.00065,5e-05,218,S,1,0.5,0.5,0.5,0.5,-,M,PW,100573.183973,1632681.558,0.0616,2014-11-25T15:21:22.826,8.34907779951,313.92950317,0.0385509954983,0.0385509954983,0.0492459328739,0.0492459328739,2456987.13985,-3.03581705354,134.45078589870982,-31.07768722140943,36206.90143801231,-3850621.6216009157,3925159.3871762953,-3291963.450346397,-297.13673599018324,True,7.44,1957226.9232495804,5136750.983263956,-3294577.1432589274,14.375999660380721,9561.125591297947,9833.761551531547,7.907296514668228,202.13357813051215,222553.93043684625
1623.56709263,4021.57823421,0.00065,5e-05,218,E,1,0.5,0.5,0.5,0.5,-,M,PW,nan,nan,nan,2014-11-25T15:21:22.886,8.27756878011,314.069766608,0.0385509954983,0.0385509954983,0.0492459328739,0.0492459328739,2456987.13985,nan,134.45474959394056,-31.074651855541955,35953.14712087648,-3850863.291381307,3924862.5580544258,-3291542.596356962,-280.3459753356764,True,7.5,1956834.48785193,5136855.43704786,-3294155.7125176704,14.52612968715317,9401.471532478607,9674.16557167572,7.5904275980714875,244.25556991774434,222478.548420191
1624.19773215,4024.41611208,0.00065,5e-05,219,S,1,0.5,0.5,0.5,0.5,-,M,PW,88188.2455173,1431627.36229,0.0616,2014-11-25T15:21:22.926,8.24876919319,314.128275386,0.0385509954983,0.0385509954983,0.0492459328739,0.0492459328739,2456987.13985,-2.89313831142,134.45735473095598,-31.072656606096245,35786.3791803319,-3851022.1227531605,3924667.465722082,-3291265.97951094,-277.23583997218066,True,7.54,1956576.358778482,5136924.158369521,-3293878.7163110794,14.617966740725556,9293.493372640049,9566.228097185975,7.390624732763976,124.54841388073366,222429.80566567244
1626.32614055,4033.00857562,0.00065,5e-05,219,E,1,0.5,0.5,0.5,0.5,-,M,PW,nan,nan,nan,2014-11-25T15:21:22.986,8.16566704219,314.307926108,0.0383870780032,0.0383870780032,0.0487192645213,0.0487192645213,2456987.13985,nan,134.4612054527929,-31.069706873084183,35539.88131706708,-3851256.8854160677,3924379.0908753406,-3290857.0711177154,-285.69088436593114,True,7.6,1956194.4839485704,5137025.848777729,-3293469.2466842164,14.740669297546317,9129.387232380042,9402.186044413991,7.125469232025242,338.1609206339544,222358.88848152276
1626.95678008,4036.16177325,0.00065,5e-05,220,S,0,0.5,0.5,0.5,0.5,-,M,PW,20105.6235111,866621.703065,0.0232,2014-11-25T15:21:23.026,8.1319801332,314.37181676,0.0383870780032,0.0383870780032,0.0487192645213,0.0487192645213,2456987.13985,-2.34813723806,134.46373416537264,-31.067769496149047,35378.01325509885,-3851411.0438485513,3924189.716766812,-3290588.524341624,-274.64127444608124,True,7.64,1955943.4881121123,5137092.704013956,-3293200.331028061,14.812078359404357,9018.66441639747,9291.508101049965,6.982563020414899,255.82895966893395,222313.06357025547
1627.74507949,4039.31497088,0.00065,5e-05,220,E,0,0.5,0.5,0.5,0.5,-,M,PW,nan,nan,nan,2014-11-25T15:21:23.046,8.10142123633,314.437665221,0.0383870780032,0.0383870780032,0.0487192645213,0.0487192645213,2456987.13985,nan,134.4649868845903,-31.06680962499455,35297.82508305255,-3851487.4116560416,3924095.9004631885,-3290455.479983616,-277.5475680990739,True,7.66,1955819.0763437876,5137125.847575721,-3293067.1038333923,14.844219646021717,8962.936198009525,9235.802947602588,6.924753122592924,356.71881351088643,222290.5811273505
1629.16401842,4045.85785597,0.00065,5e-05,221,S,0,0.5,0.5,0.5,0.5,-,M,PW,10504.6699336,452787.497139,0.0232,2014-11-25T15:21:23.126,8.03339170712,314.571327565,0.0386255015403,0.0386255015403,0.0492410598283,0.0492410598283,2456987.13985,-1.64329940089,134.46991926385905,-31.063029517497963,34982.09061074986,-3851788.082733211,3923726.50702241,-3289931.5759528414,-263.12425358354295,True,7.74,1955328.7397822014,5137256.510333867,-3292542.4791664984,14.947230726781696,8737.82912788309,9010.792575649393,6.809867463489256,230.9280139613797,222203.4811426773
1629.71582801,4049.24754342,0.00065,5e-05,221,E,0,0.5,0.5,0.5,0.5,-,M,PW,nan,nan,nan,2014-11-25T15:21:23.146,7.99432882834,314.638112658,0.0386255015403,0.0386255015403,0.0492410598283,0.0492410598283,2456987.13985,nan,134.47113267279713,-31.062099450341073,34904.4206456785,-3851862.04746044,3923635.631889602,-3289802.683885955,-238.04987821601478,True,7.76,1955207.9968368374,5137288.694686892,-3292413.4096375275,14.96627702597317,8681.057441169209,8954.046197930942,6.815134376084141,354.7775009129158,222182.39747349796
1631.29242682,4054.76563927,0.00065,5e-05,222,S,1,0.5,0.5,0.5,0.5,-,M,PW,30051.2097642,487844.314354,0.0616,2014-11-25T15:21:23.226,7.94425800281,314.755405337,0.0386397239548,0.0386397239548,0.0497725213529,0.0497725213529,2456987.13985,-1.72426645509,134.47590664226746,-31.05843962314618,34598.8418863773,-3852153.0369978338,3923278.0919392235,-3289295.5321459933,-259.46874816384627,True,7.84,1954732.4600519785,5137415.488873886,-3291905.5590090607,15.014391978270202,8452.318541571187,8725.413159802229,6.994648948435246,164.19682905090716,222100.7741361106
1632.71136576,4061.46618424,0.00065,5e-05,222,E,1,0.5,0.5,0.5,0.5,-,M,PW,nan,nan,nan,2014-11-25T15:21:23.286,7.87317280647,314.891203435,0.0386397239548,0.0386397239548,0.0497725213529,0.0497725213529,2456987.13985,nan,134.47940272816288,-31.055758679177476,34375.04913074684,-3852366.120166469,3923016.2497416907,-3288924.0673349835,-238.31210666270627,True,7.9,1954383.6675515939,5137508.5306113055,-3291533.581578513,15.020610727885366,8279.363761905093,8552.542818242675,7.304596728637887,254.8333677740884,222042.35209768068
1633.5784951,4065.88066092,0.00065,5e-05,223,S,1,0.5,0.5,0.5,0.5,-,M,PW,19605.5999804,318272.726954,0.0616,2014-11-25T15:21:23.326,7.82481517774,314.979640981,0.0386397239548,0.0386397239548,0.0497725213529,0.0497725213529,2456987.13985,-1.26056189848,134.48169321265212,-31.054002023951917,34228.436173805,-3852505.717387282,3922844.6998143108,-3288680.688128202,-217.47391401006496,True,7.94,1954154.9048781984,5137569.574656775,-3291289.866166598,15.01072653813685,8163.570198699712,8436.807988013416,7.593382557937483,315.26194277598626,222004.6882595962
1634.60328433,4069.97981784,0.00065,5e-05,223,E,1,0.5,0.5,0.5,0.5,-,M,PW,nan,nan,nan,2014-11-25T15:21:23.386,7.78419926053,315.064491099,0.0386397239548,0.0386397239548,0.0497725213529,0.0497725213529,2456987.13985,nan,134.48506818728754,-31.05141319191057,34012.40325799405,-3852711.4007811407,3922591.920189493,-3288322.039749141,-218.01976340129943,True,8.0,1953817.4302222712,5137659.659877966,-3290930.721806204,14.97583924413247,7989.39390456579,8262.72351353294,8.140264313981831,195.38346345181603,221950.08315857107
1635.62807356,4074.23663464,0.00065,5e-05,224,S,0,0.5,0.5,0.5,0.5,-,M,PW,5413.10831663,233323.634337,0.0232,2014-11-25T15:21:23.426,7.74110320104,315.151987102,0.0386397239548,0.0386397239548,0.0497725213529,0.0497725213529,2456987.13985,-0.923460166919,134.4872775878538,-31.049718142800437,33870.976989410265,-3852846.0433161263,3922426.436700408,-3288087.2300888086,-214.16657932736538,True,8.04,1953596.234222416,5137718.727643806,-3290695.5870541288,14.940162774463593,7873.093535401553,8146.486927840366,8.571881766933947,255.03751887844547,221914.9124407651
1636.35405621,4076.73918268,0.00065,5e-05,224,E,0,0.5,0.5,0.5,0.5,-,M,PW,nan,nan,nan,2014-11-25T15:21:23.446,7.7181767599,315.204975628,0.0386397239548,0.0386397239548,0.0497725213529,0.0497725213529,2456987.13985,nan,134.48837010266544,-31.048879880404627,33801.043069085696,-3852912.620038686,3922344.6066200556,-3287971.113229719,-222.86915869733838,True,8.06,1953486.7733081302,5137747.964600121,-3290579.3093153755,14.918918004861164,7814.926618979775,8088.3526584309475,8.805680794996036,320.8343448320329,221897.68968060645
1637.59882208,4082.19845866,0.00065,5e-05,225,S,0,0.5,0.5,0.5,0.5,-,M,PW,3219.5494612,138773.683672,0.0232,2014-11-25T15:21:23.526,7.66123015103,315.316042199,0.0386397239548,0.0386397239548,0.0497725213529,0.0497725213529,2456987.13986,-0.359331126939,134.49265877638496,-31.045588583002058,33526.49994211259,-3853173.953287579,3922023.373950806,-3287515.2310083457,-210.7565252369579,True,8.14,1953056.508456422,5137862.933648694,-3290122.7947418992,14.814672468842003,7582.431211122451,7855.993100002699,9.83802518474579,188.16622880351062,221831.1700992338
1638.46595143,4085.98229581,0.00065,5e-05,225,E,0,0.5,0.5,0.5,0.5,-,M,PW,nan,nan,nan,2014-11-25T15:21:23.546,7.621727418,315.392971054,0.0386397239548,0.0386397239548,0.0497725213529,0.0497725213529,2456987.13986,nan,134.4937107038693,-31.044781184089075,33459.16074982288,-3853238.0503430623,3921944.580471215,-3287403.4046385973,-201.79253672078067,True,8.16,1952950.8349203838,5137891.181800827,-3290010.81306184,14.784704244835249,7524.412605655222,7798.009758261682,10.116986277981997,370.2681704253827,221815.11532741666
1639.64840054,4090.47560243,0.00065,5e-05,226,S,1,0.5,0.5,0.5,0.5,-,M,PW,10202.3278518,165622.205386,0.0616,2014-11-25T15:21:23.626,7.57772865103,315.486197643,0.0386397239548,0.0386397239548,0.0497725213529,0.0497725213529,2456987.13986,-0.551359743822,134.49783753454918,-31.04161312085968,33194.972460336736,-3853489.4975133417,3921635.4573673536,-3286964.649835482,-205.23878056077214,True,8.24,1952535.6876689713,5138002.204499245,-3289571.4481109413,14.655583692766891,7293.11660251566,7566.860220590126,11.291090498056159,176.903042558654,221753.1336649655
1640.98850954,4096.62433781,0.00065,5e-05,226,E,1,0.5,0.5,0.5,0.5,-,M,PW,nan,nan,nan,2014-11-25T15:21:23.686,7.51176299017,315.609949283,0.0386397239548,0.0386397239548,0.0497725213529,0.0497725213529,2456987.13986,nan,134.500847944435,-31.039301413195446,33002.232989036005,-3853672.9068196244,3921409.9515036163,-3286644.522640346,-183.1024257463697,True,8.3,1952232.2160760514,5138083.412623517,-3289250.8749099397,14.556493108890605,7120.795937677544,7394.655089070304,12.213521730280968,285.2584456380425,221708.93818357168
