outputs/DTF_triangulation/40_2014-11-25_152058_DSC_0617-G_DN141125_01_2018-04-26_163631_martin_nocomment.ecsv
# %ECSV 0.9
# ---
# datatype:
# - {name: x_image, unit: pix, datatype: float64}
# - {name: y_image, unit: pix, datatype: float64}
# - {name: time_err_minus, unit: s, datatype: float64}
# - {name: time_err_plus, unit: s, datatype: float64}
# - {name: de_bruijn_sequence_element_index, datatype: object}
# - {name: dash_start_end, datatype: object}
# - {name: zero_or_one, datatype: int64}
# - {name: err_minus_x_image, unit: pix, datatype: float64}
# - {name: err_plus_x_image, unit: pix, datatype: float64}
# - {name: err_minus_y_image, unit: pix, datatype: float64}
# - {name: err_plus_y_image, unit: pix, datatype: float64}
# - {name: periodic_pulse, datatype: object}
# - {name: pick_flag, datatype: object}
# - {name: encoding_type, datatype: object}
# - {name: brightness_dash_V, unit: adu, datatype: float64}
# - {name: flux_dash_V, unit: adu / s, datatype: float64}
# - {name: aperture_exptime, unit: s, datatype: float64}
# - {name: datetime, datatype: string}
# - {name: altitude, datatype: float64}
# - {name: azimuth, datatype: float64}
# - {name: err_minus_altitude, datatype: float64}
# - {name: err_plus_altitude, datatype: float64}
# - {name: err_minus_azimuth, datatype: float64}
# - {name: err_plus_azimuth, datatype: float64}
# - {name: JD, datatype: float64, description: Julian Date}
# - {name: m_V, unit: adu / s, datatype: float64}
# - {name: longitude, unit: deg, datatype: float64}
# - {name: latitude, unit: deg, datatype: float64}
# - {name: height, unit: m, datatype: float64}
# - {name: X_geo, unit: m, datatype: float64}
# - {name: Y_geo, unit: m, datatype: float64}
# - {name: Z_geo, unit: m, datatype: float64}
# - {name: cross_track_error, unit: m, datatype: float64}
# - {name: timing, datatype: bool}
# - {name: t_rel, unit: s, datatype: float64}
# - {name: X_eci, unit: m, datatype: float64}
# - {name: Y_eci, unit: m, datatype: float64}
# - {name: Z_eci, unit: m, datatype: float64}
# - {name: pos_err, unit: m, datatype: float64}
# - {name: D_DT_geo, unit: m / s, datatype: float64}
# - {name: D_DT_eci, unit: m / s, datatype: float64}
# - {name: D_DT_err, unit: m / s, datatype: float64}
# - {name: along_track_error, unit: m, datatype: float64}
# - {name: range, unit: m, datatype: float64}
# delimiter: ','
# meta: !!omap
# - {origin: Desert Fireball Network}
# - {exposure_time: 25.0}
# - {lens_type: Fisheye}
# - {telescope: DFNSMALL40}
# - {observer: 'DFN automated software http://adsabs.harvard.edu/abs/2012M%26PSA..75.5123T'}
# - {creator: raw_to_fits 6.0}
# - {timing_correction_dictionary_version: DEBUG}
# - {isodate_mid_obs: '2014-11-25T15:21:10.500'}
# - {sidereal_time_hour: 4.725841279690901}
# - {point_picking_user_comment: nocomment}
# - {point_picking_hostname: work-desktop-debian}
# - {obs_latitude: -32.4592366667}
# - {original_raw_filename: 40_2014-11-25_152058_DSC_0617.NEF}
# - {cropped: false}
# - {obs_elevation: 284.0}
# - {instrument: Nikon D800}
# - {gps_lock: Y}
# - {filter_pattern: RG/GB}
# - {location: MountIves}
# - {aperture: 4.0}
# - {isodate_start_obs: '2014-11-25T15:20:58'}
# - {image_file: 40_2014-11-25_152058_DSC_0617-G.tiff}
# - {timing_corrected: true}
# - {NAXIS2: 4924}
# - {NAXIS1: 7378}
# - {event_codename: DN141125_01}
# - {jd_mid_obs: 2456987.139704861}
# - {lens: Samyang_8mm_F3.5}
# - {timing_de_bruijn_encoding_type: pulse_width}
[...]
# - {triangulation_dec_ecef_end_err: 0.014152161487937}
# - {triangulation_slope_end: 26.074741311354533}
# - {triangulation_slope_end_err: 0.011265336417536784}
# - {triangulation_azimuth_end: -129.00961429269927}
# - {triangulation_azimuth_end_err: 0.014482864259038787}
# - {triangulation_file_1: 38_2014-11-25_152058_DSC_0559-G_DN141125_01_2018-04-26_163331_martin_nocomment.ecsv}
# - {triangulation_file_2: 40_2014-11-25_152058_DSC_0617-G_DN141125_01_2018-04-26_163631_martin_nocomment.ecsv}
# - {triangulation_file_3: 41_2014-11-25_152059_DSC_0674-G_DN141125_01_2018-01-01_212656_ellie_nocomment.ecsv}
# - {triangulation_file_4: 40_2014-11-25_152058_DSC_0617-G_DN141125_01_2018-04-26_163631_martin_nocomment.ecsv}
# - {triangulation_file_5: 38_2014-11-25_152058_DSC_0559-G_DN141125_01_2018-04-26_163331_martin_nocomment.ecsv}
# - {triangulation_t0: '2014-11-25T15:21:15.386'}
# - {triangulation_file_0: 36_2014-11-25_152058_DSC_0594-G_DN141125_01_2018-04-26_163106_martin_nocomment.ecsv}
# - {astropy_version: 3.0.1}
# - {numpy_version: 1.14.2}
# - {scipy_version: 1.0.1}
# schema: astropy-2.0
x_image,y_image,time_err_minus,time_err_plus,de_bruijn_sequence_element_index,dash_start_end,zero_or_one,err_minus_x_image,err_plus_x_image,err_minus_y_image,err_plus_y_image,periodic_pulse,pick_flag,encoding_type,brightness_dash_V,flux_dash_V,aperture_exptime,datetime,altitude,azimuth,err_minus_altitude,err_plus_altitude,err_minus_azimuth,err_plus_azimuth,JD,m_V,longitude,latitude,height,X_geo,Y_geo,Z_geo,cross_track_error,timing,t_rel,X_eci,Y_eci,Z_eci,pos_err,D_DT_geo,D_DT_eci,D_DT_err,along_track_error,range
[from data line 89]
1574.14071977,3766.32688605,0.00065,5e-05,198,E,0,0.5,0.5,0.5,0.5,-,M,PW,nan,nan,nan,2014-11-25T15:21:20.846,10.7756332352,308.696519438,0.0385698642786,0.0385698642786,0.0492662157392,0.0492662157392,2456987.13982,nan,134.29171406228244,-31.199046985982747,46405.524882153106,-3840914.6265805773,3937070.3658504556,-3308828.850058061,-287.37813582105423,True,5.46,1972817.0957319245,5132610.041590048,-3311465.4552132413,13.511260481554748,12864.938550196466,13136.893212414818,6.394278863376693,286.7510941468864,226749.50044487754
1575.79614853,3775.07700947,0.00065,5e-05,199,S,1,0.5,0.5,0.5,0.5,-,M,PW,945408.129102,15347534.5633,0.0616,2014-11-25T15:21:20.926,10.6976016539,308.886705568,0.0385698642786,0.0385698642786,0.0492662157392,0.0492662157392,2456987.13983,-5.46865988581,134.29887398930848,-31.193602135005897,45945.67851189074,-3841351.845004798,3936534.25658287,-3308070.5172979897,-316.5985163820711,True,5.54,1972118.7009272636,5132795.483273136,-3310706.0960485996,13.401704265250249,12796.073036939048,13068.02909704394,6.487602960963015,88.26990081429304,226512.56304822216
1576.66327788,3784.53660236,0.00065,5e-05,199,E,1,0.5,0.5,0.5,0.5,-,M,PW,nan,nan,nan,2014-11-25T15:21:20.986,10.5921780694,309.081096047,0.0385698642786,0.0385698642786,0.0492662157392,0.0492662157392,2456987.13983,nan,134.3042177987035,-31.189537211038996,45602.516358304514,-3841678.1446063896,3936134.1311748982,-3307504.47726884,-254.76493730714114,True,5.6,1971597.3357415358,5132933.913514371,-3310139.2897832114,13.318385651261867,12741.856208597554,13013.81401415127,6.579249572454265,202.0348687133801,226338.6247386038
1577.92455693,3789.34522875,0.00065,5e-05,200,S,1,0.5,0.5,0.5,0.5,-,M,PW,896350.638592,14551146.7304,0.0616,2014-11-25T15:21:21.026,10.5564242143,309.189229379,0.0385698642786,0.0385698642786,0.0492662157392,0.0492662157392,2456987.13983,-5.41080638571,134.30776756419044,-31.18683657413077,45374.59480027405,-3841894.8904554206,3935868.3386173095,-3307128.462666881,-302.82236278462176,True,5.64,1971250.9650722612,5133025.877733872,-3309762.7661385112,13.262452237584245,12704.442277962427,12976.401639657295,6.651297150853474,146.3392167087504,226224.44760225993
1579.04090616,3797.40974741,0.00065,5e-05,200,E,1,0.5,0.5,0.5,0.5,-,M,PW,nan,nan,nan,2014-11-25T15:21:21.086,10.4740353924,309.358644172,0.0385698642786,0.0385698642786,0.0492662157392,0.0492662157392,2456987.13983,nan,134.31307216184496,-31.182800143020845,45034.03794704853,-3842218.7729050075,3935471.151570904,-3306566.5353711015,-283.88081920343865,True,5.7,1970733.2855159459,5133163.3226957945,-3309200.0780288274,13.178063151492035,12646.34815858879,12918.310447222895,6.773028358223521,137.8216667845273,226055.86995009898
1580.04658047,3803.15645773,0.00065,5e-05,201,S,1,0.5,0.5,0.5,0.5,-,M,PW,913276.478259,14825916.8548,0.0616,2014-11-25T15:21:21.126,10.4196396713,309.481576874,0.0385698642786,0.0385698642786,0.0492662157392,0.0492662157392,2456987.13983,-5.43111723612,134.3165947585879,-31.18011920654646,44807.911176929156,-3842433.8438228806,3935207.3938884023,-3306193.359635886,-289.7342873018097,True,5.74,1970389.4572966418,5133254.607911782,-3308826.3969820123,13.121746865402622,12606.264122808552,12878.228764281599,6.863601592013164,167.8126577895429,225945.27853173573
1581.33959029,3812.20752648,0.00065,5e-05,201,E,1,0.5,0.5,0.5,0.5,-,M,PW,nan,nan,nan,2014-11-25T15:21:21.186,10.3270737607,309.671371463,0.0385698642786,0.0385698642786,0.0492662157392,0.0492662157392,2456987.13983,nan,134.321857013463,-31.17611342046613,44470.13640556531,-3842755.115711508,3934813.37673699,-3305635.841243612,-268.52349747119,True,5.8,1969875.7238979137,5133390.999994962,-3308268.1235727826,13.037663142235546,12544.036378865629,12816.005192466608,7.012726230752524,252.16129381350385,225782.09632652477
1582.20159683,3817.16406412,0.00065,5e-05,202,S,0,0.5,0.5,0.5,0.5,-,M,PW,332661.989816,14338878.8714,0.0232,2014-11-25T15:21:21.226,10.2794865174,309.776899745,0.0385698642786,0.0385698642786,0.0492662157392,0.0492662157392,2456987.13983,-5.39485132563,134.32535051798757,-31.17345366560075,44245.926058429344,-3842968.3944865926,3934551.7977610594,-3305265.7081844956,-270.96512071024193,True,5.84,1969534.6174056348,5133481.559695212,-3307897.489200581,12.982194508741218,12501.109128318694,12773.081169056444,7.120348909028044,212.64255971199742,225675.09661566935
1582.8908432,3820.56188529,0.00065,5e-05,202,E,0,0.5,0.5,0.5,0.5,-,M,PW,nan,nan,nan,2014-11-25T15:21:21.246,10.2488982609,309.850316241,0.0385698642786,0.0385698642786,0.0492662157392,0.0492662157392,2456987.13983,nan,134.32709271495855,-31.17212711289891,44134.120462684805,-3843074.7533906642,3934421.34940038,-3305081.118351189,-281.647713964267,True,5.86,1969364.4902648458,5133526.726088625,-3307712.6493330454,12.954712444176828,12479.20214869913,12751.175937517277,7.176445301944704,277.25803586164295,225622.13595437523
1584.86159172,3829.78498836,0.00065,5e-05,203,S,1,0.5,0.5,0.5,0.5,-,M,PW,902167.1404,14645570.461,0.0616,2014-11-25T15:21:21.326,10.1675651273,310.050446369,0.0385698642786,0.0385698642786,0.0492662157392,0.0492662157392,2456987.13983,-5.41782906704,134.33402998855547,-31.166843820685884,43688.957021954644,-3843498.2479600464,3933901.9144662577,-3304346.0406236383,-318.80591430256226,True,5.94,1968686.9135879253,5133706.611634378,-3306976.575807019,12.847261099606124,12388.533880493373,12660.515662610967,7.414467765403952,142.31853622231458,225413.88906001815
1585.88638095,3839.40224113,0.00065,5e-05,203,E,1,0.5,0.5,0.5,0.5,-,M,PW,nan,nan,nan,2014-11-25T15:21:21.386,10.0596667713,310.246354246,0.0382377904732,0.0382377904732,0.0488155538325,0.0488155538325,2456987.13983,nan,134.33919894695615,-31.162906347980808,43357.32282166874,-3843813.7779009836,3933514.884862631,-3303798.306211125,-254.74639800326415,True,6.0,1968181.9222602025,5133840.677537598,-3306428.0992319332,12.770414485520616,12317.239674079472,12589.228509016439,7.605084489943318,283.53732165786795,225261.49206809443
1586.65529733,3843.81443321,0.00065,5e-05,204,S,0,0.5,0.5,0.5,0.5,-,M,PW,442348.765066,19066757.1149,0.0232,2014-11-25T15:21:21.426,10.0164259875,310.339583923,0.0382377904732,0.0382377904732,0.0488155538325,0.0488155538325,2456987.13983,-5.70425542123,134.34262800421448,-31.160293783130818,43137.34139769075,-3844023.090793659,3933258.131631233,-3303434.9224566156,-253.526103236291,True,6.04,1967846.843125677,5133929.634761526,-3306064.223027094,12.721646143047913,12268.087454304517,12540.081556604347,7.736668677327405,200.82498414292942,225161.68431297678
1587.38414982,3847.91587473,0.00065,5e-05,204,E,0,0.5,0.5,0.5,0.5,-,M,PW,nan,nan,nan,2014-11-25T15:21:21.446,9.9764017499,310.42630847,0.0382377904732,0.0382377904732,0.0488155538325,0.0488155538325,2456987.13983,nan,134.34433732080976,-31.158991331494153,43027.69176116944,-3844127.426735274,3933130.1452460214,-3303253.77686813,-253.059245820074,True,6.06,1967679.7908648802,5133973.984046191,-3305882.8319344367,12.698123159675593,12243.01376470906,12515.01067177161,7.803553168249441,331.2655904954677,225112.31980817983
1589.59138816,3856.42950833,0.00065,5e-05,205,S,0,0.5,0.5,0.5,0.5,-,M,PW,351702.616314,15159595.5308,0.0232,2014-11-25T15:21:21.526,9.90788382292,310.614320276,0.0382377904732,0.0382377904732,0.0488155538325,0.0488155538325,2456987.13983,-5.45528237094,134.35113857869075,-31.15380790971745,42591.43629832188,-3844542.5556118838,3932620.894257472,-3302532.952722,-317.72328408717124,True,6.14,1967014.9327025283,5134150.492515966,-3305161.0306651727,12.610971126051394,12139.316271241722,12411.32553466318,8.076027849076302,148.02318222859057,224918.45596062767
1590.06436781,3861.31696466,0.00065,5e-05,205,E,0,0.5,0.5,0.5,0.5,-,M,PW,nan,nan,nan,2014-11-25T15:21:21.546,9.85116260345,310.712542657,0.0382377904732,0.0382377904732,0.0488155538325,0.0488155538325,2456987.13983,nan,134.35282973513623,-31.152518835141148,42482.973391556225,-3844645.775290348,3932494.267483381,-3302353.711653553,-277.0663372637845,True,6.16,1966849.5782388332,5134194.391671022,-3304981.5465885946,12.591185707633397,12112.523299531122,12384.535985131237,8.144900985261934,348.5206628852525,224870.89989145673
1591.7986265,3869.67293838,0.00065,5e-05,206,S,1,0.5,0.5,0.5,0.5,-,M,PW,838899.498454,13618498.3515,0.0616,2014-11-25T15:21:21.626,9.77370833674,310.891239789,0.0382377904732,0.0382377904732,0.0488155538325,0.0488155538325,2456987.13983,-5.33888639201,134.3595560839339,-31.147390801021228,42051.61879305972,-3845056.3022068795,3931990.6258562515,-3301640.763917474,-295.4486687092779,True,6.24,1966191.7383366188,5134369.0407668175,-3304267.6320442753,12.521753589628414,12001.771397472532,12273.798933311522,8.419408566391066,156.39721548181973,224684.2168949907
1593.37522532,3879.44785103,0.00065,5e-05,206,E,1,0.5,0.5,0.5,0.5,-,M,PW,nan,nan,nan,2014-11-25T15:21:21.686,9.67271862692,311.094291571,0.0382377904732,0.0382377904732,0.0488155538325,0.0488155538325,2456987.13983,nan,134.36455923618382,-31.143575547369032,41730.81441099159,-3845361.6416414822,3931616.009499552,-3301110.4209334822,-270.49038251813437,True,6.3,1965702.2475331577,5134498.998410993,-3303736.569682838,12.48149998308163,11914.85051134336,12186.890667521382,8.62227696065936,330.2464417170884,224547.96771425926
1594.2696885,3883.82590379,0.00065,5e-05,207,S,0,0.5,0.5,0.5,0.5,-,M,PW,438849.24854,18915915.8854,0.0232,2014-11-25T15:21:21.726,9.63128780667,311.187320943,0.0382377904732,0.0382377904732,0.0488155538325,0.0488155538325,2456987.13983,-5.69563177091,134.36787391056365,-31.14104729912384,41518.285283127414,-3845563.9253282957,3931367.8180568353,-3300759.0214513144,-276.64090067917516,True,6.34,1965377.844877864,5134585.127949274,-3303384.6934514223,12.461097428214519,11855.016752237207,12127.0660614804,8.754122026034942,257.40522183975077,224458.93538512848
1595.18831396,3888.11914452,0.00065,5e-05,207,E,0,0.5,0.5,0.5,0.5,-,M,PW,nan,nan,nan,2014-11-25T15:21:21.746,9.59139985995,311.278941047,0.0382377904732,0.0382377904732,0.0488155538325,0.0488155538325,2456987.13984,nan,134.36952499504525,-31.139787874092335,41412.43284197045,-3845664.683892466,3931244.1910031387,-3300583.987303892,-285.7818425354081,True,6.36,1965216.2356986457,5134628.036220958,-3303209.421785483,12.452994412001845,11824.523393691,12096.577474183636,8.8186720392659,411.39023550354966,224414.94921933184
1596.92257265,3896.08096853,0.00065,5e-05,208,S,1,0.5,0.5,0.5,0.5,-,M,PW,817470.241782,13270620.8082,0.0616,2014-11-25T15:21:21.826,9.51769472122,311.44893797,0.0382377904732,0.0382377904732,0.0488155538325,0.0488155538325,2456987.13984,-5.31079143534,134.3760858234997,-31.13478247769675,40991.85086911852,-3846065.047762791,3930752.9396756007,-3299888.4223620575,-304.7059081126411,True,6.44,1964573.864790229,5134798.595386777,-3302512.912770152,12.435794501369699,11698.640177983974,11970.714952488213,9.06463761519682,202.8387936558501,224242.56977774308
1598.1838517,3904.75226201,0.00065,5e-05,208,E,1,0.5,0.5,0.5,0.5,-,M,PW,nan,nan,nan,2014-11-25T15:21:21.886,9.42352881111,311.625994319,0.0379331143733,0.0379331143733,0.0483295116907,0.0483295116907,2456987.13984,nan,134.3809592145714,-31.13106354335816,40679.48104392068,-3846362.422567316,3930388.036393284,-3299371.7127962536,-262.94572276900044,True,6.5,1964096.4996948843,5134925.349853567,-3301995.5016495585,12.440304527397455,11600.036696691857,11872.128745396009,9.232972708583674,290.2623451802428,224117.01912067208
1599.60279064,3909.79737822,0.00065,5e-05,209,S,1,0.5,0.5,0.5,0.5,-,M,PW,635744.587685,10320529.0209,0.0616,2014-11-25T15:21:21.926,9.38302406824,311.737168174,0.0379331143733,0.0379331143733,0.0483295116907,0.0483295116907,2456987.13984,-5.03781823406,134.3841846426086,-31.128601624111106,40472.747905250966,-3846559.229669949,3930146.5251276135,-3299029.692857463,-302.93479352561656,True,6.54,1963780.4361325775,5135009.277821364,-3301653.017201392,12.452262945147732,11532.265128517343,11804.369564675351,9.335542377070436,290.3590755511817,224035.1023468541
1600.78523975,3917.20739265,0.00065,5e-05,209,E,1,0.5,0.5,0.5,0.5,-,M,PW,nan,nan,nan,2014-11-25T15:21:21.986,9.30406875325,311.889142448,0.0379331143733,0.0379331143733,0.0483295116907,0.0483295116907,2456987.13984,nan,134.38898689390882,-31.12493568632066,40164.99063164843,-3846852.240971741,3929786.9464541734,-3298520.4641749035,-274.4528464215877,True,6.6,1963309.7173442242,5135134.279607483,-3301143.096737735,12.48433551992601,11427.502872134839,11699.627276142355,9.472310970722571,273.8477552938196,223914.85858854753
1601.96768886,3922.64665857,0.00065,5e-05,210,S,1,0.5,0.5,0.5,0.5,-,M,PW,577652.832732,9377481.05084,0.0616,2014-11-25T15:21:22.026,9.2525050851,312.004340879,0.0379331143733,0.0379331143733,0.0483295116907,0.0483295116907,2456987.13984,-4.93377882366,134.3921636209438,-31.122510213776152,39961.42359757251,-3847046.0627497304,3929549.0815124842,-3298183.5846188418,-282.3967916302182,True,6.64,1962998.2191263135,5135217.004310446,-3300805.759374809,12.51549615998794,11355.566086475446,11627.704729946927,9.55056000194715,312.5804343884146,223836.45603637895
1603.30779785,3929.97784306,0.00065,5e-05,210,E,1,0.5,0.5,0.5,0.5,-,M,PW,nan,nan,nan,2014-11-25T15:21:22.086,9.17730478547,312.156202408,0.0379331143733,0.0379331143733,0.0483295116907,0.0483295116907,2456987.13984,nan,134.39689037438455,-31.118900643358334,39658.55400206567,-3847334.44517635,3929195.153352483,-3297682.2994396747,-267.68332326613245,True,6.7,1962534.5528916048,5135340.148261104,-3300303.7927649133,12.577115020520935,11244.479407669332,11516.640938871773,9.646080789084271,299.04616659274745,223721.48078945887
1604.49024697,3933.91934009,0.00065,5e-05,211,S,0,0.5,0.5,0.5,0.5,-,M,PW,190771.732989,8222919.5254,0.0232,2014-11-25T15:21:22.126,9.14642613377,312.243415999,0.0379331143733,0.0379331143733,0.0483295116907,0.0483295116907,2456987.13984,-4.79112843557,134.40001512416814,-31.116513891761073,39458.338654996514,-3847525.079588379,3928961.177200678,-3297350.872347446,-302.89210604746313,True,6.74,1962227.8940727056,5135421.5987748755,-3299971.915000752,12.628456987881606,11168.282623533829,11440.460484694087,9.693562085249765,212.41930658290474,223646.58722733348
1605.35737631,3938.1761569,0.00065,5e-05,211,E,0,0.5,0.5,0.5,0.5,-,M,PW,nan,nan,nan,2014-11-25T15:21:22.146,9.10431740295,312.332443948,0.0379331143733,0.0379331143733,0.0483295116907,0.0483295116907,2456987.13984,nan,134.4015695284168,-31.11532654366524,39358.75161371769,-3847619.908925778,3928844.7862854027,-3297186.0067776116,-301.382761800509,True,6.76,1962075.3169879592,5135462.126069345,-3299806.825186374,12.65690151002349,11129.538878679328,11401.725218616679,9.712236935189248,372.84675474696627,223609.65616229697
1606.77631525,3945.3496815,0.00065,5e-05,212,S,1,0.5,0.5,0.5,0.5,-,M,PW,458304.189446,7440003.07543,0.0616,2014-11-25T15:21:22.226,9.03216443967,312.481697135,0.0379331143733,0.0379331143733,0.0483295116907,0.0483295116907,2456987.13984,-4.68249612322,134.40773204190117,-31.110618422645597,38963.962887710855,-3847995.849843975,3928383.3464473127,-3296532.346700953,-294.0757802996104,True,6.84,1961470.1550609837,5135622.881637121,-3299152.275724593,12.79015860416279,10970.238046207645,11242.46056249021,9.749871424389399,140.6731931924317,223465.3911179769
