outputs/DTF_triangulation/40_2014-11-25_152058_DSC_0617-G_DN141125_01_2018-04-26_163631_martin_nocomment.ecsv
# %ECSV 0.9
# ---
# datatype:
# - {name: x_image, unit: pix, datatype: float64}
# - {name: y_image, unit: pix, datatype: float64}
# - {name: time_err_minus, unit: s, datatype: float64}
# - {name: time_err_plus, unit: s, datatype: float64}
# - {name: de_bruijn_sequence_element_index, datatype: object}
# - {name: dash_start_end, datatype: object}
# - {name: zero_or_one, datatype: int64}
# - {name: err_minus_x_image, unit: pix, datatype: float64}
# - {name: err_plus_x_image, unit: pix, datatype: float64}
# - {name: err_minus_y_image, unit: pix, datatype: float64}
# - {name: err_plus_y_image, unit: pix, datatype: float64}
# - {name: periodic_pulse, datatype: object}
# - {name: pick_flag, datatype: object}
# - {name: encoding_type, datatype: object}
# - {name: brightness_dash_V, unit: adu, datatype: float64}
# - {name: flux_dash_V, unit: adu / s, datatype: float64}
# - {name: aperture_exptime, unit: s, datatype: float64}
# - {name: datetime, datatype: string}
# - {name: altitude, datatype: float64}
# - {name: azimuth, datatype: float64}
# - {name: err_minus_altitude, datatype: float64}
# - {name: err_plus_altitude, datatype: float64}
# - {name: err_minus_azimuth, datatype: float64}
# - {name: err_plus_azimuth, datatype: float64}
# - {name: JD, datatype: float64, description: Julian Date}
# - {name: m_V, unit: adu / s, datatype: float64}
# - {name: longitude, unit: deg, datatype: float64}
# - {name: latitude, unit: deg, datatype: float64}
# - {name: height, unit: m, datatype: float64}
# - {name: X_geo, unit: m, datatype: float64}
# - {name: Y_geo, unit: m, datatype: float64}
# - {name: Z_geo, unit: m, datatype: float64}
# - {name: cross_track_error, unit: m, datatype: float64}
# - {name: timing, datatype: bool}
# - {name: t_rel, unit: s, datatype: float64}
# - {name: X_eci, unit: m, datatype: float64}
# - {name: Y_eci, unit: m, datatype: float64}
# - {name: Z_eci, unit: m, datatype: float64}
# - {name: pos_err, unit: m, datatype: float64}
# - {name: D_DT_geo, unit: m / s, datatype: float64}
# - {name: D_DT_eci, unit: m / s, datatype: float64}
# - {name: D_DT_err, unit: m / s, datatype: float64}
# - {name: along_track_error, unit: m, datatype: float64}
# - {name: range, unit: m, datatype: float64}
# delimiter: ','
# meta: !!omap
# - {origin: Desert Fireball Network}
# - {exposure_time: 25.0}
# - {lens_type: Fisheye}
# - {telescope: DFNSMALL40}
# - {observer: 'DFN automated software http://adsabs.harvard.edu/abs/2012M%26PSA..75.5123T'}
# - {creator: raw_to_fits 6.0}
# - {timing_correction_dictionary_version: DEBUG}
# - {isodate_mid_obs: '2014-11-25T15:21:10.500'}
# - {sidereal_time_hour: 4.725841279690901}
# - {point_picking_user_comment: nocomment}
# - {point_picking_hostname: work-desktop-debian}
# - {obs_latitude: -32.4592366667}
# - {original_raw_filename: 40_2014-11-25_152058_DSC_0617.NEF}
# - {cropped: false}
# - {obs_elevation: 284.0}
# - {instrument: Nikon D800}
# - {gps_lock: Y}
# - {filter_pattern: RG/GB}
# - {location: MountIves}
# - {aperture: 4.0}
# - {isodate_start_obs: '2014-11-25T15:20:58'}
# - {image_file: 40_2014-11-25_152058_DSC_0617-G.tiff}
# - {timing_corrected: true}
# - {NAXIS2: 4924}
# - {NAXIS1: 7378}
# - {event_codename: DN141125_01}
# - {jd_mid_obs: 2456987.139704861}
# - {lens: Samyang_8mm_F3.5}
# - {timing_de_bruijn_encoding_type: pulse_width}
[...]
# - {triangulation_dec_ecef_end_err: 0.014152161487937}
# - {triangulation_slope_end: 26.074741311354533}
# - {triangulation_slope_end_err: 0.011265336417536784}
# - {triangulation_azimuth_end: -129.00961429269927}
# - {triangulation_azimuth_end_err: 0.014482864259038787}
# - {triangulation_file_1: 38_2014-11-25_152058_DSC_0559-G_DN141125_01_2018-04-26_163331_martin_nocomment.ecsv}
# - {triangulation_file_2: 40_2014-11-25_152058_DSC_0617-G_DN141125_01_2018-04-26_163631_martin_nocomment.ecsv}
# - {triangulation_file_3: 41_2014-11-25_152059_DSC_0674-G_DN141125_01_2018-01-01_212656_ellie_nocomment.ecsv}
# - {triangulation_file_4: 40_2014-11-25_152058_DSC_0617-G_DN141125_01_2018-04-26_163631_martin_nocomment.ecsv}
# - {triangulation_file_5: 38_2014-11-25_152058_DSC_0559-G_DN141125_01_2018-04-26_163331_martin_nocomment.ecsv}
# - {triangulation_t0: '2014-11-25T15:21:15.386'}
# - {triangulation_file_0: 36_2014-11-25_152058_DSC_0594-G_DN141125_01_2018-04-26_163106_martin_nocomment.ecsv}
# - {astropy_version: 3.0.1}
# - {numpy_version: 1.14.2}
# - {scipy_version: 1.0.1}
# schema: astropy-2.0
x_image,y_image,time_err_minus,time_err_plus,de_bruijn_sequence_element_index,dash_start_end,zero_or_one,err_minus_x_image,err_plus_x_image,err_minus_y_image,err_plus_y_image,periodic_pulse,pick_flag,encoding_type,brightness_dash_V,flux_dash_V,aperture_exptime,datetime,altitude,azimuth,err_minus_altitude,err_plus_altitude,err_minus_azimuth,err_plus_azimuth,JD,m_V,longitude,latitude,height,X_geo,Y_geo,Z_geo,cross_track_error,timing,t_rel,X_eci,Y_eci,Z_eci,pos_err,D_DT_geo,D_DT_eci,D_DT_err,along_track_error,range
[from data line 59]
1548.83630879,3562.86680896,0.00065,5e-05,183,E,1,0.5,0.5,0.5,0.5,-,M,PW,nan,nan,nan,2014-11-25T15:21:19.386,12.711603791,304.291604867,0.0273908061461,0.0273908061461,0.0218426457228,0.0218426457228,2456987.13981,nan,134.1561133597056,-31.301873787434253,55131.089299529674,-3832629.4724367517,3947224.113493286,-3323180.0171911586,-256.0709161805405,True,4.0,1986025.3979285886,5129100.320150628,-3325836.034237249,16.031145482861852,13627.881284688885,13899.939433721865,8.105799927165604,67.39768704869978,232055.03586248698
1549.38811838,3566.96596588,0.00065,5e-05,184,S,0,0.5,0.5,0.5,0.5,-,M,PW,742364.164178,31998455.3525,0.0232,2014-11-25T15:21:19.426,12.6769880594,304.383259146,0.0273908061461,0.0273908061461,0.0218426457228,0.0218426457228,2456987.13981,-6.26638587135,134.15991613510297,-31.298997631221123,54885.95325863562,-3832861.941231435,3946939.347631103,-3322777.8237985037,-274.0132912584397,True,4.04,1985655.286973279,5129198.749326582,-3325433.296889693,15.914550642922173,13615.884520662588,13887.937709402671,8.03678417107174,-62.65835179045432,231885.57131142894
1549.93992796,3572.95704137,0.00065,5e-05,184,E,0,0.5,0.5,0.5,0.5,-,M,PW,nan,nan,nan,2014-11-25T15:21:19.446,12.6201566353,304.514391933,0.0380287745749,0.0380287745749,0.04734693597,0.04734693597,2456987.13981,nan,134.16181623511568,-31.297560366738203,54763.47790665534,-3832978.094355041,3946797.0615176503,-3322576.8577753818,-272.5348997088926,True,4.06,1985470.3529746002,5129247.92958512,-3325232.0590739083,15.857924490207461,13609.752564220891,13881.803292118484,8.0019287022443,244.94262772380154,231801.33268229308
1551.04354713,3581.78599474,0.00065,5e-05,185,S,1,0.5,0.5,0.5,0.5,-,M,PW,1023693.53394,16618401.525,0.0616,2014-11-25T15:21:19.526,12.5426565958,304.710270731,0.0383377852767,0.0383377852767,0.0478083060892,0.0478083060892,2456987.13981,-5.55503645544,134.16940775517065,-31.291816959899524,54274.21296901354,-3833442.146922449,3946228.5845176773,-3321773.896122397,-298.82348162752345,True,4.14,1984731.4543733078,5129444.414590562,-3324428.011465904,15.642225998100672,13584.305956523729,13856.347071449374,7.8605502253833,42.945380731341,231467.680432808
1551.59535672,3591.32441757,0.00065,5e-05,185,E,1,0.5,0.5,0.5,0.5,-,M,PW,nan,nan,nan,2014-11-25T15:21:19.586,12.4432278145,304.914634953,0.0383377852767,0.0383377852767,0.0478083060892,0.0478083060892,2456987.13981,nan,134.17509153623678,-31.287515618598167,53907.9558298631,-3833789.564481783,3945802.9662844758,-3321172.6611743527,-258.14685488547093,True,4.2,1984178.1938649067,5129591.521619908,-3323825.9634165354,15.491406338987712,13564.220833920468,13836.254975385842,7.75268138785565,165.85700652861127,231220.93472507558
1552.1471663,3595.10825473,0.00065,5e-05,186,S,0,0.5,0.5,0.5,0.5,-,M,PW,520870.862941,22451330.2992,0.0232,2014-11-25T15:21:19.626,12.4113486425,304.99904648,0.0383377852767,0.0383377852767,0.0478083060892,0.0478083060892,2456987.13981,-5.88166853348,134.17887601767308,-31.284651172501626,53664.126651313316,-3834020.8809007197,3945519.5753017305,-3320772.329070553,-275.71216924030244,True,4.24,1983809.8074588994,5129689.465789303,-3323425.0898983,15.395828534512617,13550.334731595953,13822.364314082102,7.680127387214746,4.6623680606077595,231058.09373372848
1552.54131601,3599.52273141,0.00065,5e-05,186,E,0,0.5,0.5,0.5,0.5,-,M,PW,nan,nan,nan,2014-11-25T15:21:19.646,12.3681855295,305.094784936,0.0383377852767,0.0383377852767,0.0478083060892,0.0478083060892,2456987.13981,nan,134.1807667712668,-31.283219916173966,53542.31737520742,-3834136.4456447824,3945377.991511413,-3320572.3148180377,-269.7022107169282,True,4.26,1983625.7543535568,5129738.398699599,-3323224.8051437624,15.349482949247486,13543.238840496799,13815.266193196467,7.643680283779878,161.23554330695077,230977.17403714664
1553.80259506,3608.90349436,0.00065,5e-05,187,S,1,0.5,0.5,0.5,0.5,-,M,PW,1061653.16044,17234629.2279,0.0616,2014-11-25T15:21:19.726,12.2857796607,305.302320815,0.0383377852767,0.0383377852767,0.0478083060892,0.0478083060892,2456987.13981,-5.5945681975,134.18831952891745,-31.277501594058016,53055.804190605704,-3834598.060837253,3944812.426855243,-3319773.3057107013,-298.6494013715486,True,4.34,1982890.5075858377,5129933.860938961,-3322424.715464823,15.17327777962031,13513.802388622791,13785.821027990767,7.497229513133866,8.532110499094843,230656.84487018344
1554.51206453,3618.91489684,0.00065,5e-05,187,E,1,0.5,0.5,0.5,0.5,-,M,PW,nan,nan,nan,2014-11-25T15:21:19.786,12.182258615,305.51643522,0.0384452825395,0.0384452825395,0.0482809718982,0.0482809718982,2456987.13981,nan,134.1939727400289,-31.27322021408073,52691.70596348936,-3834943.5589850997,3944389.104885119,-3319175.193699778,-261.1131057195945,True,4.4,1982340.1256618344,5130080.164545109,-3321825.794562583,15.050219613111864,13490.579808236105,13762.592171266835,7.387169784069837,172.24850798022638,230420.14053502804
1554.82738429,3622.77756393,0.00065,5e-05,188,S,1,0.5,0.5,0.5,0.5,-,M,PW,1089541.38647,17687360.17,0.0616,2014-11-25T15:21:19.826,12.143072058,305.59931402,0.0384452825395,0.0384452825395,0.0482809718982,0.0482809718982,2456987.13981,-5.62272088431,134.19773610039837,-31.2703696432633,52449.36308783831,-3835173.5505962106,3944107.3001531796,-3318777.021957563,-250.32324521395682,True,4.44,1981973.7274257157,5130177.555119421,-3321427.0843240866,14.972195689015464,13474.53013149529,13746.538461231266,7.314040977782401,17.557313502860048,230264.01692079424
1556.08866334,3632.86779635,0.00065,5e-05,188,E,1,0.5,0.5,0.5,0.5,-,M,PW,nan,nan,nan,2014-11-25T15:21:19.886,12.0502494064,305.820067026,0.0384452825395,0.0384452825395,0.0482809718982,0.0482809718982,2456987.13981,nan,134.20337247911414,-31.266099557951055,52086.45308737838,-3835517.9959607236,3943685.2433021744,-3318180.6528330897,-263.9795461561871,True,4.5,1981424.9447179267,5130323.415413665,-3320829.908684563,14.860766984680525,13449.572942684144,13721.57540302713,7.205105566384688,187.40180683262588,230032.3720291385
1556.71930287,3636.33631374,0.00065,5e-05,189,S,0,0.5,0.5,0.5,0.5,-,M,PW,583518.203855,25151646.7179,0.0232,2014-11-25T15:21:19.926,12.0226866428,305.897935947,0.0387936881911,0.0387936881911,0.0487703102454,0.0487703102454,2456987.13981,-6.00497939622,134.20712409531154,-31.263256831573784,51844.92841477548,-3835747.2529746545,3943404.3201849465,-3317783.6864586705,-288.1635758403295,True,4.54,1981059.650898864,5130420.500492816,-3320432.405442601,14.789943793157837,13432.327257966363,13704.325952701674,7.133319595985748,-3.9675558256521333,229879.64094924968
1557.27111245,3642.01206948,0.00065,5e-05,189,E,0,0.5,0.5,0.5,0.5,-,M,PW,nan,nan,nan,2014-11-25T15:21:19.946,11.9663031716,306.020019792,0.0387936881911,0.0387936881911,0.0487703102454,0.0487703102454,2456987.13981,nan,134.20899805988827,-31.261836708008506,51724.29398717964,-3835861.7662806264,3943263.996974356,-3317585.3927511303,-277.68257046904955,True,4.56,1980877.1772919002,5130468.995221318,-3320233.8435527906,14.755510627463671,13423.517061417979,13695.51390219825,7.097753652133142,267.9939540555935,229803.7863918424
1558.1382418,3649.18559409,0.00065,5e-05,190,S,1,0.5,0.5,0.5,0.5,-,M,PW,1220594.17282,19814840.4679,0.0616,2014-11-25T15:21:20.026,11.8985724453,306.175869389,0.0387936881911,0.0387936881911,0.0487703102454,0.0487703102454,2456987.13982,-5.74603978585,134.21648104950486,-31.256164790609898,51242.63516382095,-3836319.015071249,3942703.6685693017,-3316793.5244273413,-280.77828069951886,True,4.64,1980148.476413954,5130662.64546216,-3319440.9042797135,14.623668246814331,13386.987488449555,13658.977276930847,6.95844635020096,-92.98715661492021,229503.7972385715
1559.32069091,3660.61593549,0.00065,5e-05,190,E,1,0.5,0.5,0.5,0.5,-,M,PW,nan,nan,nan,2014-11-25T15:21:20.086,11.7852222547,306.421368621,0.0387936881911,0.0387936881911,0.0487703102454,0.0487703102454,2456987.13982,nan,134.22207957191168,-31.251920250947546,50882.34619059184,-3836661.096647978,3942284.4527454423,-3316201.0491206264,-261.597530629024,True,4.7,1979603.2516289507,5130807.525648077,-3318847.6276763435,14.530428480937035,13358.18775277259,13630.172606915836,6.857956810213557,199.21536490474162,229282.39508723325
1559.95133044,3665.03041218,0.00065,5e-05,191,S,1,0.5,0.5,0.5,0.5,-,M,PW,1121944.07702,18213377.8737,0.0616,2014-11-25T15:21:20.126,11.7451460213,306.517865637,0.039115681321,0.039115681321,0.0492846477518,0.0492846477518,2456987.13982,-5.65453958058,134.2258050422273,-31.24909525182945,50642.62636246727,-3836888.7223520936,3942005.4914983776,-3315806.7747165347,-270.8193371239887,True,4.74,1979240.41442758,5130903.935307257,-3318452.820018531,14.470574286451267,13338.292535932298,13610.274268056026,6.793406051961262,95.96565887799845,229136.5137476001
1560.73962985,3674.09585536,0.00065,5e-05,191,E,1,0.5,0.5,0.5,0.5,-,M,PW,nan,nan,nan,2014-11-25T15:21:20.186,11.6507840441,306.710086133,0.039115681321,0.039115681321,0.0492846477518,0.0492846477518,2456987.13982,nan,134.23138236632377,-31.244865097401878,50283.78109633566,-3837229.482266375,3941587.8645863077,-3315216.468743106,-236.72750575408273,True,4.8,1978697.1645431884,5131048.274497831,-3317861.7156320983,14.383798011828308,13307.368304873822,13579.34557520323,6.7009545649927045,167.17158142261678,228920.29229532604
1561.44909931,3679.29863145,0.00065,5e-05,192,S,1,0.5,0.5,0.5,0.5,-,M,PW,1127288.34535,18300135.4765,0.0616,2014-11-25T15:21:20.226,11.6021984379,306.822996591,0.039115681321,0.039115681321,0.0492846477518,0.0492846477518,2456987.13982,-5.65969909765,134.2350933130755,-31.242050074656497,50045.0556426515,-3837456.203880799,3941309.9927539797,-3314823.6938343574,-241.977258719058,True,4.84,1978335.6908785342,5131144.311293062,-3317468.409473133,14.327677219740327,13286.007994086762,13557.982491528259,6.64289907289224,137.0731257253598,228777.86657310993
1562.71037836,3688.83705429,0.00065,5e-05,192,E,1,0.5,0.5,0.5,0.5,-,M,PW,nan,nan,nan,2014-11-25T15:21:20.286,11.5116555105,307.029135458,0.0387978608485,0.0387978608485,0.0488179910244,0.0488179910244,2456987.13982,nan,134.24064823797062,-31.237835485254703,49687.75144666832,-3837795.571513439,3940894.0471376176,-3314235.719878806,-245.29331896385307,True,4.9,1977794.5592333302,5131288.072231419,-3316879.6402479387,14.245614223330282,13252.809471769317,13524.780110318914,6.561955005585765,252.5346909602863,228566.83091848018
1563.10452807,3693.09387109,0.00065,5e-05,193,S,0,0.5,0.5,0.5,0.5,-,M,PW,513335.525097,22126531.2542,0.0232,2014-11-25T15:21:20.326,11.4671851906,307.11907545,0.0387978608485,0.0387978608485,0.0488179910244,0.0488179910244,2456987.13982,-5.86584667435,134.24434360252522,-31.235031251882155,49450.08749248935,-3838021.324507592,3940617.343889716,-3313844.556584476,-229.11226527242047,True,4.94,1977434.5478480295,5131383.710499632,-3316487.947844124,14.192065249133776,13229.88136909448,13501.849615350033,6.512660058873089,134.6505150348836,228427.88026411436
1563.81399754,3697.42951783,0.00065,5e-05,193,E,0,0.5,0.5,0.5,0.5,-,M,PW,nan,nan,nan,2014-11-25T15:21:20.346,11.4287258783,307.21398991,0.0387978608485,0.0387978608485,0.0488179910244,0.0488179910244,2456987.13982,nan,134.24618884154867,-31.23363083475206,49331.421421173,-3838134.0492435033,3940479.1754630697,-3313649.2278601024,-242.72139033913365,True,4.96,1977254.771355076,5131431.46729302,-3316292.3549135886,14.165573227665018,13218.172056845518,13490.139171716592,6.489548372001263,280.2801007350746,228358.9279348108
1565.39059635,3705.94315143,0.00065,5e-05,194,S,1,0.5,0.5,0.5,0.5,-,M,PW,1062586.65673,17249783.3884,0.0616,2014-11-25T15:21:20.426,11.3568893344,307.402103003,0.0387978608485,0.0387978608485,0.0488179910244,0.0488179910244,2456987.13982,-5.59552245019,134.2535527992323,-31.228040913930347,48857.89762780941,-3838583.891879251,3939927.7748897937,-3312869.656660119,-286.4506458045605,True,5.04,1976537.2439680097,5131622.065717757,-3315511.7291884017,14.061012822625159,13169.646630918129,13441.609640553344,6.408637538988303,47.405647900361515,228086.62633354863
1566.41538558,3716.26987367,0.00065,5e-05,194,E,1,0.5,0.5,0.5,0.5,-,M,PW,nan,nan,nan,2014-11-25T15:21:20.486,11.2489249957,307.619748418,0.0387978608485,0.0387978608485,0.0488179910244,0.0488179910244,2456987.13982,nan,134.25905754845965,-31.223861325782018,48503.99498436723,-3838920.1445151437,3939515.591342368,-3312286.880467774,-247.36758311162833,True,5.1,1976000.8187691232,5131764.548027001,-3314928.164635971,13.983489027519282,13131.413707186948,13403.374122522282,6.361425293426426,235.05454337250833,227886.07074026423
1567.04602511,3719.65956112,0.00065,5e-05,195,S,0,0.5,0.5,0.5,0.5,-,M,PW,544471.876716,23468615.3757,0.0232,2014-11-25T15:21:20.526,11.219932388,307.694351703,0.0385698642786,0.0385698642786,0.0492662157392,0.0492662157392,2456987.13982,-5.92978200412,134.2627182719538,-31.221081341009594,48268.67407293101,-3839143.748226353,3939241.48513007,-3311899.3083589845,-263.432556904095,True,5.14,1975644.0559816859,5131859.30504498,-3314540.0681984015,13.931984474850442,13105.01340584644,13376.972317183248,6.337152231750012,39.63698241790472,227754.12440854785
1567.59783469,3724.23169768,0.00065,5e-05,195,E,0,0.5,0.5,0.5,0.5,-,M,PW,nan,nan,nan,2014-11-25T15:21:20.546,11.1739565723,307.791502566,0.0385698642786,0.0385698642786,0.0492662157392,0.0492662157392,2456987.13982,nan,134.26454582356294,-31.219693330229983,48151.20275986596,-3839255.375948584,3939104.642647699,-3311705.81409265,-254.38745440944572,True,5.16,1975465.9379929674,5131906.612326874,-3314346.312149174,13.906234589500869,13091.532374535313,13363.490609707957,6.327310774242842,206.37235072517842,227688.6794424049
1569.41092333,3734.08544028,0.00065,5e-05,196,S,1,0.5,0.5,0.5,0.5,-,M,PW,1016017.64372,16493792.9176,0.0616,2014-11-25T15:21:20.626,11.0882995758,308.007505062,0.0385698642786,0.0385698642786,0.0492662157392,0.0492662157392,2456987.13982,-5.5468646796,134.2718365077128,-31.214154973924174,47682.617870539696,-3839700.676717249,3938558.734613134,-3310933.8479772024,-295.0404252634882,True,5.24,1974755.2799777945,5132095.351566906,-3313573.3016118915,13.802906979156218,13035.676078712415,13307.632130792137,6.304375938667738,100.55530812467163,227430.44044975194
1570.43571256,3743.07205353,0.00065,5e-05,196,E,1,0.5,0.5,0.5,0.5,-,M,PW,nan,nan,nan,2014-11-25T15:21:20.686,10.9954166212,308.196850893,0.0385698642786,0.0385698642786,0.0492662157392,0.0492662157392,2456987.13982,nan,134.27728355397838,-31.210016171139806,47332.59333542502,-3840033.355411245,3938150.875892754,-3310357.0665656864,-266.98915151999097,True,5.3,1974224.2629563045,5132236.372954066,-3312995.7397830063,13.724725731206016,12991.681080690101,13263.63605487087,6.305665268244996,166.9032314602824,227240.4655539334
1571.38167185,3747.64419009,0.00065,5e-05,197,S,0,0.5,0.5,0.5,0.5,-,M,PW,532343.606546,22945845.1098,0.0232,2014-11-25T15:21:20.726,10.9574005322,308.297832732,0.0385698642786,0.0385698642786,0.0492662157392,0.0492662157392,2456987.13982,-5.90532347971,134.2809044467748,-31.207264423652703,47099.944080113506,-3840254.4934810065,3937879.7547571175,-3309973.635234688,-293.915562236545,True,5.34,1973871.232609416,5132330.123042894,-3312611.789605401,13.67213238001318,12961.308916109196,13233.263443070837,6.315921739426151,83.16200994671989,227115.58825640328
1571.93348143,3752.13749671,0.00065,5e-05,197,E,0,0.5,0.5,0.5,0.5,-,M,PW,nan,nan,nan,2014-11-25T15:21:20.746,10.9114446439,308.392636793,0.0385698642786,0.0385698642786,0.0492662157392,0.0492662157392,2456987.13982,nan,134.28271149516667,-31.205890854025572,46983.83513731574,-3840364.8512332933,3937744.4474584674,-3309782.255777364,-282.1893857428784,True,5.36,1973695.019960614,5132376.916700975,-3312420.151185502,13.64566988306239,12945.80176042625,13217.756150904383,6.323966098451519,242.7833882387503,227053.6822122957
