outputs/DTF_triangulation/DN141125_01_triangulation_all_timesteps.ecsv
# %ECSV 0.9
# ---
# datatype:
# - {name: datetime, datatype: string}
# - {name: t_rel, unit: s, datatype: float64}
# - {name: no_cams, datatype: int64}
# - {name: latitude, unit: deg, datatype: float64}
# - {name: longitude, unit: deg, datatype: float64}
# - {name: height, unit: m, datatype: float64}
# - {name: X_geo, unit: m, datatype: float64}
# - {name: Y_geo, unit: m, datatype: float64}
# - {name: Z_geo, unit: m, datatype: float64}
# - {name: X_eci, unit: m, datatype: float64}
# - {name: Y_eci, unit: m, datatype: float64}
# - {name: Z_eci, unit: m, datatype: float64}
# - {name: DX_DT_geo, unit: m / s, datatype: float64}
# - {name: DY_DT_geo, unit: m / s, datatype: float64}
# - {name: DZ_DT_geo, unit: m / s, datatype: float64}
# - {name: DX_DT_eci, unit: m / s, datatype: float64}
# - {name: DY_DT_eci, unit: m / s, datatype: float64}
# - {name: DZ_DT_eci, unit: m / s, datatype: float64}
# - {name: D_DT_geo, unit: m / s, datatype: float64}
# - {name: D_DT_eci, unit: m / s, datatype: float64}
# - {name: beta, unit: kg / m2, datatype: float64}
# - {name: sigma, unit: s2 / m2, datatype: float64}
# - {name: mass_est, unit: kg, datatype: float64}
# - {name: pos_err, unit: m, datatype: float64}
# - {name: D_DT_err, unit: m / s, datatype: float64}
# - {name: beta_err, unit: kg / m2, datatype: float64}
# - {name: sigma_err, unit: s2 / m2, datatype: float64}
# - {name: mass_err, unit: kg, datatype: float64}
# - {name: c11, datatype: float64}
# - {name: c36, datatype: float64}
# - {name: c12, datatype: float64}
# - {name: c37, datatype: float64}
# - {name: c13, datatype: float64}
# - {name: c38, datatype: float64}
# - {name: c14, datatype: float64}
# - {name: c44, datatype: float64}
# - {name: c15, datatype: float64}
# - {name: c45, datatype: float64}
# - {name: c16, datatype: float64}
# - {name: c46, datatype: float64}
# - {name: c17, datatype: float64}
# - {name: c47, datatype: float64}
# - {name: c18, datatype: float64}
# - {name: c48, datatype: float64}
# - {name: c22, datatype: float64}
# - {name: c55, datatype: float64}
# - {name: c23, datatype: float64}
# - {name: c56, datatype: float64}
# - {name: c24, datatype: float64}
# - {name: c57, datatype: float64}
# - {name: c25, datatype: float64}
# - {name: c58, datatype: float64}
# - {name: c26, datatype: float64}
# - {name: c66, datatype: float64}
# - {name: c27, datatype: float64}
# - {name: c67, datatype: float64}
# - {name: c28, datatype: float64}
# - {name: c68, datatype: float64}
# - {name: c33, datatype: float64}
# - {name: c77, datatype: float64}
# - {name: c34, datatype: float64}
# - {name: c78, datatype: float64}
# - {name: c35, datatype: float64}
# - {name: c88, datatype: float64}
# delimiter: ','
# meta: !!omap
# - {triangulation_method: LS}
# - {triangulation_frame: ECI}
# - {triangulation_t0: '2014-11-25T15:21:15.386'}
# - {triangulation_radiant_inf_time: '2014-11-25T15:21:15.386'}
# - {triangulation_ra_eci_inf: -14.985545081396735}
# - {triangulation_ra_eci_inf_err: 0.014448404935369365}
# - {triangulation_dec_eci_inf: -46.33302819025268}
# - {triangulation_dec_eci_inf_err: 0.013266326476295089}
# - {triangulation_ra_ecef_inf: 50.703175644597685}
# - {triangulation_ra_ecef_inf_err: 0.014448404935369365}
# - {triangulation_dec_ecef_inf: -47.43149457745662}
# - {triangulation_dec_ecef_inf_err: 0.013266326476295089}
[...]
# - {triangulation_azimuth_inf_err: 0.01371296246129105}
# - {triangulation_radiant_end_time: '2014-11-25T15:21:24.626'}
# - {triangulation_ra_eci_end: -15.150118319460296}
# - {triangulation_ra_eci_end_err: 0.013893386742119943}
# - {triangulation_dec_eci_end: -44.54317921015453}
# - {triangulation_dec_eci_end_err: 0.021702776846172465}
# - {triangulation_ra_ecef_end: 50.93196009922187}
# - {triangulation_ra_ecef_end_err: 0.013893386742119943}
# - {triangulation_dec_ecef_end: -47.840661619865735}
# - {triangulation_dec_ecef_end_err: 0.021702776846172465}
# - {triangulation_slope_end: 25.82176479329127}
# - {triangulation_slope_end_err: 0.013598972266422711}
# - {triangulation_azimuth_end: -128.11087657858496}
# - {triangulation_azimuth_end_err: 0.02177322643764161}
# - {triangulation_file_0: 36_2014-11-25_152058_DSC_0594-G_DN141125_01_2018-04-26_163106_martin_nocomment.ecsv}
# - {triangulation_file_1: 38_2014-11-25_152058_DSC_0559-G_DN141125_01_2018-04-26_163331_martin_nocomment.ecsv}
# - {triangulation_file_2: 40_2014-11-25_152058_DSC_0617-G_DN141125_01_2018-04-26_163631_martin_nocomment.ecsv}
# - {telescope: multiple_telescopes_0}
# - {astropy_version: 3.0.1}
# - {numpy_version: 1.14.2}
# - {scipy_version: 1.0.1}
# - {event_codename: DN141125_01}
# schema: astropy-2.0
datetime,t_rel,no_cams,latitude,longitude,height,X_geo,Y_geo,Z_geo,X_eci,Y_eci,Z_eci,DX_DT_geo,DY_DT_geo,DZ_DT_geo,DX_DT_eci,DY_DT_eci,DZ_DT_eci,D_DT_geo,D_DT_eci,beta,sigma,mass_est,pos_err,D_DT_err,beta_err,sigma_err,mass_err,c11,c36,c12,c37,c13,c38,c14,c44,c15,c45,c16,c46,c17,c47,c18,c48,c22,c55,c23,c56,c24,c57,c25,c58,c26,c66,c27,c67,c28,c68,c33,c77,c34,c78,c35,c88
[from data line 92]
2014-11-25T15:21:19.946,4.56,3,-31.261836708008506,134.20899805988827,51724.29398717964,-3835861.7662806264,3943263.996974356,-3317585.3927511303,1980877.1772919002,5130468.995221318,-3320233.8435527906,-5723.662712645824,-7013.766888424326,9911.486744423863,-9120.756083669272,2423.930241749975,9924.891520346479,13423.517061417979,13695.51390219825,186.2301936785265,2.7807047924752972e-08,0.7273338316505091,14.755510627463671,7.097753652133142,1.5796074130225648,7.987605103936158e-10,0.018507770778574763,55.319503260813946,-23.524345652066508,-5.144991594622218,-4.83640904256735,-41.77010749718234,-2.529059707896652e-09,1.5289441999888453,8.329546309190828,-1.6974039173613753,0.4915224945435926,-7.438470234666413,-12.426067997924228,7.624255625357867,1.577767781034332,3.6816350165408124e-09,6.256681562763811e-10,31.628713355379208,5.225534352406993,-4.212090128087333,-0.33958448078595815,-3.525825014344729,-0.09830327335618168,-3.17733652006758,7.685293089777483e-11,6.9191672264024175,36.82302624477153,-3.048330124051215,-4.58397935628955,-1.1894126062890171e-09,-1.974271901666653e-09,130.77687726100018,2.49515957927584,7.4546518797858745,1.2349528510907371e-09,1.18154157686214,6.380183529642696e-19
2014-11-25T15:21:20.026,4.64,3,-31.256164790609898,134.21648104950486,51242.63516382095,-3836319.015071249,3942703.6685693017,-3316793.5244273413,1980148.476413954,5130662.64546216,-3319440.9042797135,-5707.585702815561,-6994.436841871232,9884.976111554075,-9096.550299065177,2417.2697314610477,9898.34531392256,13386.987488449555,13658.977276930847,185.38873507978937,2.7807047924752972e-08,0.7175192019899291,14.623668246814331,6.95844635020096,1.5566151556569032,7.987605103935029e-10,0.018073934165606143,55.52959776947655,-21.526734110393075,-5.534276407428782,-5.111169595693173,-41.764030664804025,-2.6793646740719707e-09,1.089337438605734,7.912215919994844,-1.3684745757843968,0.5549079873195105,-7.1466725591468325,-11.573121130205106,7.629169264405447,1.230899413865225,3.7250784852805986e-09,4.6013977844391675e-10,31.147346951448036,5.18804735135021,-3.591378378899683,-0.5073545481794264,-3.150039244287003,-0.01586719552789907,-2.8372608049446435,1.1933830899411626e-10,6.498421964536318,35.31971233728001,-3.0156012071667844,-4.14729306045718,-1.1815677052291635e-09,-1.7830040547623267e-09,127.17472827196113,2.423050742820765,7.311328660356619,1.2161260635556409e-09,0.9267907572452665,6.380183529640892e-19
2014-11-25T15:21:20.086,4.7,3,-31.251920250947546,134.22207957191168,50882.34619059184,-3836661.096647978,3942284.4527454423,-3316201.0491206264,1979603.2516289507,5130807.525648077,-3318847.6276763435,-5694.930622050316,-6979.207061297294,9864.056672784034,-9077.482845695686,2412.036950482587,9877.397847101536,13358.18775277259,13630.172606915836,184.72954801507188,2.7807047924752972e-08,0.7098925315329276,14.530428480937035,6.857956810213557,1.5385863685385845,7.987605103933899e-10,0.0177377845160125,55.63727334925006,-20.169805661582128,-5.788770149702416,-5.288785407367948,-41.74591818804882,-2.781895461568214e-09,0.6966709446849098,7.646191135489901,-1.1080765823937793,0.5880642965942573,-6.835001190497429,-10.975046156874262,7.610142340426638,0.9672119378441382,3.748837195336865e-09,3.3120697232393434e-10,30.821890397149733,5.163037738945518,-3.162233659241188,-0.6197808484069744,-2.8533518701450067,0.04666657822944735,-2.5875924626287174,1.524208909862528e-10,6.160539466641294,34.222342736319085,-2.9856908702430256,-3.814396683486586,-1.1734194876097974e-09,-1.6339775680329663e-09,124.67418809322633,2.367248013452749,7.301386710804188,1.2013532297797174e-09,0.7134446696830381,6.380183529639087e-19
2014-11-25T15:21:20.126,4.74,3,-31.24909525182945,134.2258050422273,50642.62636246727,-3836888.7223520936,3942005.4914983776,-3315806.7747165347,1979240.41442758,5130903.935307257,-3318452.820018531,-5686.197840671845,-6968.690785987158,9849.596469914075,-9064.318496989945,2408.4307429535606,9862.918289899299,13338.292535932298,13610.274268056026,184.2763331120304,2.7807047924752972e-08,0.7046803954736408,14.470574286451267,6.793406051961262,1.526179830758438,7.98760510393277e-10,0.017508526274759136,55.681560030166146,-19.330875804231066,-5.939586212324275,-5.393414307990322,-41.72172751754334,-2.8452209356341505e-09,0.4071490126960483,7.493946776881355,-0.928627909473192,0.6025947360689421,-6.585211312145873,-10.599193698079599,7.586521411255547,0.7901200784589988,3.760326395028192e-09,2.4299788032235425e-10,30.621457296638894,5.148014348427122,-2.8949701831883825,-0.6875430775621613,-2.6493537975075276,0.08858994082372916,-2.423526517783327,1.7504895779417915e-10,5.9255481693411935,33.50840466151542,-2.9631724592906,-3.5903226363850016,-1.1668714221486418e-09,-1.5319973337849787e-09,123.0945028528996,2.3292248758138547,7.33930125721907,1.191182097867585e-09,0.5612079851324709,6.380183529637282e-19
2014-11-25T15:21:20.186,4.8,3,-31.244865097401878,134.23138236632377,50283.78109633566,-3837229.482266375,3941587.8645863077,-3315216.468743106,1978697.1645431884,5131048.274497831,-3317861.7156320983,-5672.6381478628155,-6952.351904996157,9827.106931038667,-9043.867959802643,2402.838434653731,9840.39867248261,13307.368304873822,13579.34557520323,183.57536391831303,2.7807047924752972e-08,0.6966693397398345,14.383798011828308,6.7009545649927045,1.5069686569465321,7.987605103931639e-10,0.017156858690102823,55.70258863952226,-18.166042195787334,-6.136622488222075,-5.52940542899697,-41.66066312934409,-2.932461344873667e-09,-0.06427748181734823,7.306671522297851,-0.6519497002496691,0.612001628694655,-6.152124015054856,-10.073433954348939,7.534580845878762,0.5231730720431644,3.770859610092923e-09,1.0739759382824057e-10,30.3452338018692,5.128227503021295,-2.523850971202851,-0.7772786262490129,-2.3344904645879523,0.15166061933116828,-2.180941697468368,2.0982518417247512e-10,5.5588439581769515,32.46789305677741,-2.9255510259230024,-3.2517068558157374,-1.1553306507107882e-09,-1.3751858594584705e-09,120.84582280368454,2.270954533019235,7.457909468652771,1.1754238221331823e-09,0.3192906149489039,6.380183529635478e-19
2014-11-25T15:21:20.226,4.84,3,-31.242050074656497,134.2350933130755,50045.0556426515,-3837456.203880799,3941309.9927539797,-3314823.6938343574,1978335.6908785342,5131144.311293062,-3317468.409473133,-5663.281591028675,-6941.070774079414,9811.563919624314,-9029.74985688078,2398.9843250468925,9824.834908074927,13286.007994086762,13557.982491528259,183.09365333018755,2.7807047924752972e-08,0.6911994365625126,14.327677219740327,6.64289907289224,1.4937580645358535,7.98760510393051e-10,0.01691732149840161,55.68395694467844,-17.457315029052445,-6.248026471913504,-5.6062116954097085,-41.59955783748509,-2.985329183834559e-09,-0.40436179587494736,7.212208113283073,-0.46228500732937633,0.609428417717711,-5.823011770534668,-9.751962991022245,7.489034721648297,0.34431698708458974,3.773305714121664e-09,1.4645497753693448e-11,30.17716039837794,5.116953263195166,-2.297151700062728,-0.8284212126540378,-2.1203649574831394,0.1938278480583354,-2.0211573542674035,2.336068069629755e-10,5.306750870902522,31.798946716154337,-2.8978769908674207,-3.024249256864233,-1.1464633661265805e-09,-1.267899151416363e-09,119.42121717000951,2.231313155365899,7.582529140594468,1.1645815631323242e-09,0.1478997584207463,6.380183529633673e-19
2014-11-25T15:21:20.286,4.9,3,-31.237835485254703,134.24064823797062,49687.75144666832,-3837795.571513439,3940894.0471376176,-3314235.719878806,1977794.5592333302,5131288.072231419,-3316879.6402479387,-5648.753662308377,-6923.544610978836,9787.393472082447,-9007.818879895867,2393.0072523449585,9800.632242345087,13252.809471769317,13524.780110318914,182.3489564025918,2.7807047924752972e-08,0.6827997457888734,14.245614223330282,6.561955005585765,1.4733158330123988,7.98760510392938e-10,0.01655034988014809,55.60316623806839,-16.488159314734233,-6.38450600313893,-5.700362798368262,-41.47070540575009,-3.0564751376643394e-09,-0.9472367398717292,7.119593777994244,-0.17161522429889167,0.5911723165368566,-5.275073075250757,-9.317015040123486,7.404270099687404,0.07547321008554217,3.769924987559225e-09,-1.278671972468558e-10,29.94886100960354,5.103238141145002,-1.9895316336594253,-0.8908978409274995,-1.7929832347553367,0.25706112218205784,-1.7844248999909007,2.7013720881085196e-10,4.91721563411329,30.836421576192823,-2.852536353287361,-2.6813625550800966,-1.1313550702221187e-09,-1.1030087478067245e-09,117.3854973522781,2.1706595438050185,7.830206138530069,1.1477939127985066e-09,-0.12226802206463777,6.380183529631869e-19
2014-11-25T15:21:20.326,4.94,3,-31.235031251882155,134.24434360252522,49450.08749248935,-3838021.324507592,3940617.343889716,-3313844.556584476,1977434.5478480295,5131383.710499632,-3316487.947844124,-5638.72956715461,-6911.445121831234,9770.691696943715,-8992.680241728804,2388.8879314191954,9783.908194411268,13229.88136909448,13501.849615350033,181.8374593627406,2.7807047924752972e-08,0.6770699959258625,14.192065249133776,6.512660058873089,1.459260976622898,7.987605103928251e-10,0.01630063178884174,55.51221497702143,-15.90370728974151,-6.454729160392046,-5.749091762596235,-41.35661101009948,-3.0983508389718536e-09,-1.3289246918451791,7.093076609649097,0.025681463496695374,0.5687601061450509,-4.875681916790697,-9.061452745013094,7.33685470384398,-0.10380978153376182,3.762870794220932e-09,-2.2512771438576376e-10,29.81235778996955,5.096372930981742,-1.8067921315382787,-0.9223104786228176,-1.5715017425094833,0.2991199157864709,-1.6283725119193413,2.9506112589984146e-10,4.6508885793106,30.225291501809988,-2.8197748422261717,-2.451986493101716,-1.1200525045342605e-09,-9.904438419974814e-10,116.09014326867961,2.1294425978944145,8.034556894416761,1.136244360760295e-09,-0.31069798240649954,6.380183529630064e-19
2014-11-25T15:21:20.346,4.96,3,-31.23363083475206,134.24618884154867,49331.421421173,-3838134.0492435033,3940479.1754630697,-3313649.2278601024,1977254.771355076,5131431.46729302,-3316292.3549135886,-5633.613157136897,-6905.267339769272,9762.159509371966,-8984.951283279415,2386.7867895941704,9775.364654599682,13218.172056845518,13490.139171716592,181.57712401816354,2.7807047924752972e-08,0.6741660890946654,14.165573227665018,6.489548372001263,1.4521029934008685,7.987605103927121e-10,0.016174260959091843,55.455156509549575,-15.629121806290142,-6.483538339967986,-5.76923212095416,-41.290241524190286,-3.117590494194978e-09,-1.524913117249856,7.090969541180494,0.12516421560948351,0.5543119608391839,-4.666583927688476,-8.944642293608402,7.299887237052881,-0.19336404476697616,3.757876523971369e-09,-2.744218118310456e-10,29.748774803124682,5.093667984815435,-1.7222971889446743,-0.9347555974182896,-1.4598850809472839,0.3200936602201752,-1.550864320667325,3.0769097242878444e-10,4.515822625534516,29.929600546548304,-2.8026452604328966,-2.3371781510822176,-1.1140253498285487e-09,-9.333826890470926e-10,115.45953355566566,2.1086031034437624,8.147642301032564,1.1303599069913628e-09,-0.4071657072680357,6.380183529628259e-19
2014-11-25T15:21:20.426,5.04,3,-31.228040913930347,134.2535527992323,48857.89762780941,-3838583.891879251,3939927.7748897937,-3312869.656660119,1976537.2439680097,5131622.065717757,-3315511.7291884017,-5612.428853413686,-6879.675018183295,9726.782941590063,-8952.936639608903,2378.096727523524,9739.941027065153,13169.646630918129,13441.609640553344,180.50459085425817,2.7807047924752972e-08,0.6622900954969808,14.061012822625159,6.408637538988303,1.422582640068447,7.987605103925992e-10,0.015658810472648756,55.14681332505828,-14.647754113877095,-6.55680423301139,-5.821824559437037,-40.95641418656454,-3.182995598717896e-09,-2.339038031706899,7.1623894418772265,0.5274801711005719,0.4735779578486972,-3.7717086053357307,-8.557068469911647,7.130544081367119,-0.5503277133310259,3.727920638964986e-09,-4.760313713906913e-10,29.525516593031572,5.087978209785338,-1.4308450508194126,-0.9612099717187598,-1.0106445485596054,0.40343639318855,-1.2435833663989764,3.593304218500755e-10,3.9662372214200943,28.820267454467487,-2.7291714019239004,-1.8778727075991453,-1.087360290539612e-09,-6.999324109404469e-10,113.03975167993927,2.0237413678241123,8.671353253405995,1.1060744802023495e-09,-0.8075747952668675,6.380183529626455e-19
2014-11-25T15:21:20.486,5.1,3,-31.223861325782018,134.25905754845965,48503.99498436723,-3838920.1445151437,3939515.591342368,-3312286.880467774,1976000.8187691232,5131764.548027001,-3314928.164635971,-5595.757900909724,-6859.520979324444,9698.891245802864,-8927.728833411646,2371.2682507796003,9712.012285217465,13131.413707186948,13403.374122522282,179.66670044167472,2.7807047924752972e-08,0.6531099205409711,13.983489027519282,6.361425293426426,1.399487210002494,7.987605103924862e-10,0.015261909607221054,54.82808310778547,-14.027141858894312,-6.566538438682864,-5.831914815308133,-40.62715437608819,-3.219596615839061e-09,-2.973697968299677,7.30556179224412,0.831648717606269,0.38732034323079284,-3.0471238871592057,-8.356591675052448,6.981203765523085,-0.8157573990627025,3.6947014802024426e-09,-6.318018614268331e-10,29.38999471919647,5.089504012957144,-1.2632607366717654,-0.9547142204474948,-0.6718504637179823,0.465110283180966,-1.0158431420013112,3.992108274588985e-10,3.545287434443493,28.07266595864423,-2.6689852155437697,-1.5344042553076136,-1.0646081080713519e-09,-5.194757455481681e-10,111.3198875557702,1.9585644509605649,9.131475927266932,1.0870540904124758e-09,-1.1209428178947898,6.38018352962465e-19
2014-11-25T15:21:20.526,5.14,3,-31.221081341009594,134.2627182719538,48268.67407293101,-3839143.748226353,3939241.48513007,-3311899.3083589845,1975644.0559816859,5131859.30504498,-3314540.0681984015,-5584.255939951518,-6845.609054488043,9679.62285616761,-8910.330270466602,2366.561797828674,9692.718303084614,13105.01340584644,13376.972317183248,179.0917788318758,2.7807047924752972e-08,0.6468602356429775,13.931984474850442,6.337152231750012,1.383623937408405,7.987605103923733e-10,0.014992502369974214,54.57298338681977,-13.665536055394002,-6.551580561297109,-5.824834619600254,-40.36709328881277,-3.237925085564412e-09,-3.4043617533487494,7.44702545932618,1.0344894606644495,0.316710082834024,-2.542750556961937,-8.269829074757247,6.871245746510862,-0.9910677589191422,3.667314720522045e-09,-7.377748744839845e-10,29.314766761486627,5.09347787181273,-1.176216972773595,-0.936823616645642,-0.4466978648172762,0.5056847525775674,-0.8649608444707895,4.2633277460683616e-10,3.262222212823946,27.618995077235244,-2.626507391518598,-1.3065167607712567,-1.0480984390371634e-09,-3.9666424959748137e-10,110.21244125916735,1.9144152001695378,9.467271042959302,1.073978949143083e-09,-1.3351921284662958,6.380183529622846e-19
