outputs/DTF_triangulation/DN141125_01_triangulation_all_timesteps.ecsv
# %ECSV 0.9
# ---
# datatype:
# - {name: datetime, datatype: string}
# - {name: t_rel, unit: s, datatype: float64}
# - {name: no_cams, datatype: int64}
# - {name: latitude, unit: deg, datatype: float64}
# - {name: longitude, unit: deg, datatype: float64}
# - {name: height, unit: m, datatype: float64}
# - {name: X_geo, unit: m, datatype: float64}
# - {name: Y_geo, unit: m, datatype: float64}
# - {name: Z_geo, unit: m, datatype: float64}
# - {name: X_eci, unit: m, datatype: float64}
# - {name: Y_eci, unit: m, datatype: float64}
# - {name: Z_eci, unit: m, datatype: float64}
# - {name: DX_DT_geo, unit: m / s, datatype: float64}
# - {name: DY_DT_geo, unit: m / s, datatype: float64}
# - {name: DZ_DT_geo, unit: m / s, datatype: float64}
# - {name: DX_DT_eci, unit: m / s, datatype: float64}
# - {name: DY_DT_eci, unit: m / s, datatype: float64}
# - {name: DZ_DT_eci, unit: m / s, datatype: float64}
# - {name: D_DT_geo, unit: m / s, datatype: float64}
# - {name: D_DT_eci, unit: m / s, datatype: float64}
# - {name: beta, unit: kg / m2, datatype: float64}
# - {name: sigma, unit: s2 / m2, datatype: float64}
# - {name: mass_est, unit: kg, datatype: float64}
# - {name: pos_err, unit: m, datatype: float64}
# - {name: D_DT_err, unit: m / s, datatype: float64}
# - {name: beta_err, unit: kg / m2, datatype: float64}
# - {name: sigma_err, unit: s2 / m2, datatype: float64}
# - {name: mass_err, unit: kg, datatype: float64}
# - {name: c11, datatype: float64}
# - {name: c36, datatype: float64}
# - {name: c12, datatype: float64}
# - {name: c37, datatype: float64}
# - {name: c13, datatype: float64}
# - {name: c38, datatype: float64}
# - {name: c14, datatype: float64}
# - {name: c44, datatype: float64}
# - {name: c15, datatype: float64}
# - {name: c45, datatype: float64}
# - {name: c16, datatype: float64}
# - {name: c46, datatype: float64}
# - {name: c17, datatype: float64}
# - {name: c47, datatype: float64}
# - {name: c18, datatype: float64}
# - {name: c48, datatype: float64}
# - {name: c22, datatype: float64}
# - {name: c55, datatype: float64}
# - {name: c23, datatype: float64}
# - {name: c56, datatype: float64}
# - {name: c24, datatype: float64}
# - {name: c57, datatype: float64}
# - {name: c25, datatype: float64}
# - {name: c58, datatype: float64}
# - {name: c26, datatype: float64}
# - {name: c66, datatype: float64}
# - {name: c27, datatype: float64}
# - {name: c67, datatype: float64}
# - {name: c28, datatype: float64}
# - {name: c68, datatype: float64}
# - {name: c33, datatype: float64}
# - {name: c77, datatype: float64}
# - {name: c34, datatype: float64}
# - {name: c78, datatype: float64}
# - {name: c35, datatype: float64}
# - {name: c88, datatype: float64}
# delimiter: ','
# meta: !!omap
# - {triangulation_method: LS}
# - {triangulation_frame: ECI}
# - {triangulation_t0: '2014-11-25T15:21:15.386'}
# - {triangulation_radiant_inf_time: '2014-11-25T15:21:15.386'}
# - {triangulation_ra_eci_inf: -14.985545081396735}
# - {triangulation_ra_eci_inf_err: 0.014448404935369365}
# - {triangulation_dec_eci_inf: -46.33302819025268}
# - {triangulation_dec_eci_inf_err: 0.013266326476295089}
# - {triangulation_ra_ecef_inf: 50.703175644597685}
# - {triangulation_ra_ecef_inf_err: 0.014448404935369365}
# - {triangulation_dec_ecef_inf: -47.43149457745662}
# - {triangulation_dec_ecef_inf_err: 0.013266326476295089}
[...]
# - {triangulation_azimuth_inf_err: 0.01371296246129105}
# - {triangulation_radiant_end_time: '2014-11-25T15:21:24.626'}
# - {triangulation_ra_eci_end: -15.150118319460296}
# - {triangulation_ra_eci_end_err: 0.013893386742119943}
# - {triangulation_dec_eci_end: -44.54317921015453}
# - {triangulation_dec_eci_end_err: 0.021702776846172465}
# - {triangulation_ra_ecef_end: 50.93196009922187}
# - {triangulation_ra_ecef_end_err: 0.013893386742119943}
# - {triangulation_dec_ecef_end: -47.840661619865735}
# - {triangulation_dec_ecef_end_err: 0.021702776846172465}
# - {triangulation_slope_end: 25.82176479329127}
# - {triangulation_slope_end_err: 0.013598972266422711}
# - {triangulation_azimuth_end: -128.11087657858496}
# - {triangulation_azimuth_end_err: 0.02177322643764161}
# - {triangulation_file_0: 36_2014-11-25_152058_DSC_0594-G_DN141125_01_2018-04-26_163106_martin_nocomment.ecsv}
# - {triangulation_file_1: 38_2014-11-25_152058_DSC_0559-G_DN141125_01_2018-04-26_163331_martin_nocomment.ecsv}
# - {triangulation_file_2: 40_2014-11-25_152058_DSC_0617-G_DN141125_01_2018-04-26_163631_martin_nocomment.ecsv}
# - {telescope: multiple_telescopes_0}
# - {astropy_version: 3.0.1}
# - {numpy_version: 1.14.2}
# - {scipy_version: 1.0.1}
# - {event_codename: DN141125_01}
# schema: astropy-2.0
datetime,t_rel,no_cams,latitude,longitude,height,X_geo,Y_geo,Z_geo,X_eci,Y_eci,Z_eci,DX_DT_geo,DY_DT_geo,DZ_DT_geo,DX_DT_eci,DY_DT_eci,DZ_DT_eci,D_DT_geo,D_DT_eci,beta,sigma,mass_est,pos_err,D_DT_err,beta_err,sigma_err,mass_err,c11,c36,c12,c37,c13,c38,c14,c44,c15,c45,c16,c46,c17,c47,c18,c48,c22,c55,c23,c56,c24,c57,c25,c58,c26,c66,c27,c67,c28,c68,c33,c77,c34,c78,c35,c88
[from data line 66]
2014-11-25T15:21:18.686,3.3,2,-31.35248857996997,134.08910011793645,59455.21922611565,-3828531.7504805727,3952242.494834329,-3330265.242611101,1992546.3387745544,5127365.187837183,-3332930.8434266225,-5887.460062437451,-7208.627072195506,10173.986128412187,-9365.328793945837,2493.275221400226,10187.750567493415,13788.998658129949,14061.154517813313,194.98298592702443,2.7807047924752972e-08,0.8347831122797849,18.85061066338864,9.1292530646848,1.8174791865354338,7.987605103965528e-10,0.023343589564388225,55.025221465875646,-80.85672515365697,5.494194314087802,4.327628962841571,-57.194416652661886,1.4197231132167161e-09,-5.643440012786197,18.024995617790097,-3.56302138485951,-1.6433432889853945,7.21245439104749,-27.367175411226636,3.571101497035944,5.853826867945012,1.6269904008323396e-09,2.3948990217451446e-09,47.35721071407412,6.0122411900225465,-17.033447353144695,3.079858009520221,-5.916455012304428,-1.1248758787093465,-9.650065133748148,-3.7812304021061604e-10,8.705207841173081,59.30602471124418,-2.5949908844544196,-9.891766766223864,-9.607657747596787e-10,-4.014882383224779e-09,252.96309020271173,3.303230593489502,28.547248906785683,1.4290051029036675e-09,0.6974162743806043,6.380183529689616e-19
2014-11-25T15:21:18.726,3.34,2,-31.349584802570384,134.09294944146708,59206.61956715173,-3828767.186051605,3951954.2236743094,-3329858.3826759243,1992171.8216747763,5127464.890240377,-3332523.4330573506,-5884.1843403801595,-7204.798706187348,10168.98655220773,-9360.505030493667,2491.839420712367,10182.743894069035,13781.90978229199,14054.059603428243,194.80747661167322,2.7807047924752972e-08,0.8325309100394802,18.64898199314049,9.08097460966759,1.8127157244019394,7.987605103964399e-10,0.023240512601385314,54.597967766640004,-78.42072279348332,5.1138123819299866,3.9252853925221727,-55.80587096832969,1.259951532375092e-09,-5.038879038263282,17.735734336740627,-3.595904870748994,-1.5733742055398,6.25085956166887,-26.962505403287388,3.7935641611504134,5.756967055834039,1.7220710802878163e-09,2.359060161375167e-09,46.5946445719235,5.988900375115333,-16.65321930878765,2.9811045515612027,-5.940858075457813,-1.1015156481009072,-9.414807901169993,-3.688908578207293e-10,8.780142198105263,58.73946514957147,-2.632685323863605,-9.772530135794185,-9.757064320494566e-10,-3.973608915669498e-09,246.59191704191483,3.2859382974940483,27.41605880640046,1.4251314645811416e-09,0.82614137952539,6.380183529687811e-19
2014-11-25T15:21:18.786,3.4,3,-31.345231251119632,134.09871954579563,58834.02080558335,-3829120.089036917,3951522.109787417,-3329248.4758241847,1991610.4149618384,5127614.334295722,-3331912.7011204027,-5879.093307203379,-7198.838684910282,10161.179893835448,-9352.998165915014,2489.6150445062653,10174.926188534786,13770.860298508955,14043.001128803364,194.5343429143391,2.7807047924752972e-08,0.829034017947832,18.35564395084056,9.0062022990408,1.805304282893506,7.987605103963269e-10,0.023080634105691077,54.0458459229315,-74.82459144228362,4.539527295088618,3.3323199880591097,-53.87778274698307,1.0234531648124975e-09,-4.1706441216797785,17.29272959281603,-3.635576793728823,-1.4666889771605323,4.858406062877405,-26.340330973892982,4.118185361171388,5.607026699203446,1.8619491792536164e-09,2.3032627088140274e-09,45.48589035413744,5.953227246565864,-16.06827754483453,2.8297852416287967,-5.966687289449124,-1.0653546052854816,-9.065004019638504,-3.545186659728309e-10,8.87872037337514,57.86572301186587,-2.6869331450346237,-9.587897921145021,-9.974108766599336e-10,-3.90934540700361e-09,237.3979285729607,3.259123553833636,25.763293885126572,1.4191034646280862e-09,1.0082111884215739,6.380183529686007e-19
2014-11-25T15:21:18.826,3.44,3,-31.34233036380766,134.10256343440201,58585.828003694514,-3829355.1735626943,3951234.247227841,-3328842.136397493,1991236.3983711144,5127713.888393804,-3331505.811989953,-5875.577022087513,-7194.71552179065,10155.763792790938,-9347.806787199168,2488.08345351327,10169.50244507692,13763.207293248963,14035.342211106888,194.34548096288555,2.7807047924752972e-08,0.826621780265786,18.16620097488171,8.954754189304548,1.8001806949497265,7.98760510396214e-10,0.022970463169302426,53.73441777135487,-72.46673135705853,4.154813256243959,2.944298644314137,-52.692400401628674,8.679673423578039e-10,-3.618190052491268,16.991475450202728,-3.65543648464784,-1.394506313700484,3.9642562870159264,-25.91545599866042,4.328353967273712,5.503922963042584,1.9533087243125217e-09,2.264667428202002e-09,44.76994245112408,5.929034956820102,-15.669358618473732,2.7268472155249306,-5.976419482392854,-1.0404888788114872,-8.833948306779472,-3.4457833851358416e-10,8.934842776894744,57.26711218384453,-2.7215286443329196,-9.460902749966769,-1.011393116957631e-09,-3.864890639866929e-09,231.5064976373142,3.2406505344696805,24.691476054012675,1.4149354923299325e-09,1.1220830605717422,6.380183529684202e-19
2014-11-25T15:21:18.846,3.46,3,-31.34088038269041,134.10448463476223,58461.79505285265,-3829472.66838806,3951090.372774857,-3328639.048780677,1991049.4687065769,5127763.6422709245,-3331302.4496433437,-5873.7811564358635,-7192.607743658851,10152.99044379685,-9345.153469154364,2487.302643228879,10166.725185953841,13759.2923575187,14031.42433282414,194.24896717851286,2.7807047924752972e-08,0.825390867418256,18.07332637619346,8.928567839080273,1.7975624750088797,7.98760510396101e-10,0.02291427859880339,53.59505851125157,-71.30050132389621,3.9620690565326955,2.7525226463732193,-52.12892982346857,7.90897955287885e-10,-3.3501994368647825,16.839241928312003,-3.6633113086453393,-1.3581093654180054,3.5278401048636403,-25.700222811078216,4.4315186768321375,5.451421750347134,1.998403789419996e-09,2.2449427470492424e-09,44.418883339184184,5.9168083415304285,-15.467419118134423,2.6747852510521155,-5.979111991090497,-1.0278286773348548,-8.719048040418292,-3.394984994482025e-10,8.96009607130613,56.96327338721614,-2.7383388619562736,-9.396220762460686,-1.0182336832402054e-09,-3.8421702373514285e-09,228.63118444997448,3.231230851560049,24.165254216156757,1.4128054045190781e-09,1.1765967088626328,6.380183529682397e-19
2014-11-25T15:21:18.926,3.54,3,-31.33508369147603,134.11216371865288,57966.09875553136,-3829942.2807409223,3950515.3060316313,-3327827.266362173,1990302.2925254407,5127962.498539613,-3330489.569113243,-5866.337826053052,-7183.858337674761,10141.447079182137,-9334.143180588911,2484.0759704153556,10155.165651094552,13743.023283288576,14015.143657619072,193.84861879208952,2.7807047924752972e-08,0.8202979704894927,17.71361895304867,8.82102699690465,1.7867016073038202,7.98760510395988e-10,0.022682045063941107,53.1376904670519,-66.7265823869227,3.188363408263113,2.0004664706795388,-50.05335544521355,4.872125576944861e-10,-2.3349418214412783,16.221503634986682,-3.680102416303947,-1.2106396911953112,1.8541254024074822,-24.82367061497961,4.8311778755735135,5.235090821194417,2.174798136945589e-09,2.1631470902608266e-09,43.06137417652655,5.866968396380376,-14.64460514325279,2.462984037985992,-5.976562979072912,-0.9756873349620222,-8.263502725966626,-3.184353226034024e-10,9.044022266169137,55.7220452487536,-2.802236373708516,-9.129549521272056,-1.044569318017366e-09,-3.747943214512267e-09,217.57323177022667,3.1923026335420546,22.131578030251124,1.4039684526470367e-09,1.3761656121547583,6.380183529680593e-19
2014-11-25T15:21:18.946,3.56,3,-31.333635359757146,134.11408201709253,57842.286333805176,-3830059.589484302,3950371.650364241,-3327624.4673302136,1990115.6381264417,5128012.171747744,-3330286.4957644558,-5864.410155407949,-7181.589219262936,10138.44556833338,-9331.288540745818,2483.2427131409454,10152.159943455066,13738.799391764342,14010.916876511523,193.7448697351131,2.7807047924752972e-08,0.8189815886544972,17.626930172659282,8.793277844067738,1.7838877999125626,7.98760510395875e-10,0.022622089550312193,53.04905722089098,-65.6041922397103,2.995256538801608,1.8165100686896716,-49.5825044768977,4.12498779145561e-10,-2.095294490334681,16.06429612220776,-3.680913239862902,-1.1733886725534004,1.454453663974117,-24.599346244520195,4.927659218825409,5.1793757502452875,2.2178483403990995e-09,2.1419446461015155e-09,42.733097684254076,5.854355178043218,-14.435576374155245,2.4090802510000726,-5.971629161187703,-0.9622569403412781,-8.150814554969003,-3.129760449089013e-10,9.05943062193893,55.403083942721594,-2.817361172993222,-9.060853016540648,-1.0508832330581226e-09,-3.7235163611293864e-09,214.92651240666112,3.182255682676883,21.638702281066582,1.4016784398485403e-09,1.422350728561477,6.380183529678788e-19
2014-11-25T15:21:19.026,3.64,3,-31.32784560405744,134.12174888509065,57347.500142081386,-3830528.418982971,3949797.5028174547,-3326813.8859459977,1989369.6041614122,5128210.694619935,-3329474.8179269796,-5856.421071417424,-7172.171193244545,10125.957172193099,-9319.444369045059,2479.798821918712,10139.654096422735,13721.250527704746,13993.356664503961,193.31468573574185,2.7807047924752972e-08,0.813538382457964,17.292643893148874,8.679045644918967,1.7722215361839957,7.987605103957621e-10,0.022374454942474056,52.787052939547955,-61.205105453321245,2.224628491801967,1.0972820101512217,-47.873626758093096,1.1863375887939444e-10,-1.195259516061077,15.426289780257848,-3.6696824705157285,-1.0231572015708092,-0.06790429322020414,-23.684019617265403,5.299496612413365,4.949965106989658,2.3857180142053564e-09,2.0540404501752128e-09,41.4647454957142,5.80329629398191,-13.588302631858424,2.1901416242056566,-5.9353371356007365,-0.9069605150199598,-7.7048533871446665,-2.9034463879234773e-10,9.099710908348438,54.096247232347125,-2.8743530540948163,-8.777877456442388,-1.075023846815407e-09,-3.62223461649648e-09,204.7837343799969,3.1407691733143612,19.735470578943133,1.3921818526341612e-09,1.5901847578526787,6.380183529676984e-19
2014-11-25T15:21:19.046,3.66,3,-31.326399093009712,134.12366405827208,57223.92242267415,-3830645.5279666577,3949654.082580056,-3326611.399158709,1989183.2458929617,5128260.281723965,-3329272.057254227,-5854.3522102738925,-7169.729024457888,10122.711078738328,-9316.373946403492,2478.9093602411413,10136.40349527483,13716.695435479507,13988.798767032738,193.20325109717987,2.7807047924752972e-08,0.8121323210322369,17.21218433740736,8.649704847943395,1.769199563217862,7.987605103956491e-10,0.022310558535932137,52.74345029098461,-60.12909697070094,2.0327233272104213,0.9217204934718217,-47.48848110529755,4.645241358688113e-11,-0.9853401657821834,15.264789752855448,-3.663146858114079,-0.9853371914908644,-0.428826508942348,-23.45104570694544,5.388850388265133,4.8909657632983725,2.4265702780296494e-09,2.031274245967891e-09,41.15875816573365,5.79037930999171,-13.37407807229655,2.134635015416609,-5.922194127125447,-0.892742520707417,-7.5945492211197445,-2.844840023687406e-10,9.1045021960257,53.762224893688334,-2.88769816848178,-8.705068709948812,-1.0807718923897814e-09,-3.5960013198501013e-09,202.35708120817299,3.130067094490274,19.277644585364932,1.389721425858165e-09,1.6276877957681886,6.380183529675179e-19
2014-11-25T15:21:19.126,3.74,3,-31.32061697992999,134.13131811959948,56730.10519542827,-3831113.5412018937,3949080.901026407,-3325802.116663085,1988438.4405099568,5128458.4487042,-3328461.6801268887,-5845.778405353459,-7159.594717888056,10109.209871899802,-9303.636306600722,2475.232770241211,10122.883571089518,13697.775218006163,13969.867486351084,192.74139671436188,2.7807047924752972e-08,0.8063220005249478,16.90274636271668,8.529296548628807,1.756674299950809,7.987605103955362e-10,0.022046822736885678,52.649284357478834,-55.924497927163486,1.2699849017259646,0.23709815906648168,-46.10696086737914,-2.369152635340018e-10,-0.20787120883240415,14.61230273985832,-3.62167764043917,-0.8333980402562594,-1.7912680151064408,-22.504146119047054,5.731332820978484,4.648366889805718,2.585330001228701e-09,1.936963304019594e-09,39.97864374150713,5.738179417723816,-12.509915007121293,1.909927559685386,-5.8531465807961025,-0.8342969780983425,-7.1581640889037095,-2.6020864772710073e-10,9.102208199876786,52.39841745686912,-2.9373416670666157,-8.405527746995206,-1.1025672972069308e-09,-3.4873166846201458e-09,193.07490650334597,3.0859045961076643,17.521514690701633,1.3795215775701865e-09,1.7591103000729302,6.380183529673374e-19
2014-11-25T15:21:19.186,3.8,3,-31.316284735790205,134.137051256132,56360.27834632999,-3831464.078735961,3948651.5712935035,-3325195.8821558743,1987880.5215696935,5128606.876655209,-3327854.6256600386,-5839.023307913149,-7151.596126660285,10098.521454437636,-9293.586866073918,2472.3461115259347,10112.18036633852,13682.823389744992,13954.907520073404,192.3775627532249,2.7807047924752972e-08,0.8017643824305437,16.683605193182544,8.435780495872962,1.7468062270435225,7.987605103954232e-10,0.021840286296504197,52.65591292426481,-52.8775274812482,0.7048686974950293,-0.2571885165651265,-45.22903444513847,-4.436037765434209e-10,0.30875966826048135,14.117151578114344,-3.574257633491423,-0.7191927142085114,-2.7260060192770674,-21.778910677520262,5.972012053340696,4.4594330180710955,2.6993348845306505e-09,1.86271716370487e-09,39.13902788839192,5.6986073548579546,-11.856442403331663,1.738962228649806,-5.783310983281681,-0.7887959463006113,-6.836176851992507,-2.4110106228527746e-10,9.076983045403848,51.34663364157837,-2.970553574960232,-8.172072566350955,-1.1176103338859e-09,-3.401742600788204e-09,186.54774142933078,3.0513319948380264,16.284566174092667,1.3714831364076127e-09,1.8379286513997022,6.38018352967157e-19
2014-11-25T15:21:19.226,3.84,3,-31.31339875888102,134.14086985641273,56113.99219434798,-3831697.549249788,3948365.6151061323,-3324792.0885847737,1987508.916290122,5128705.730916583,-3327450.2859254023,-5834.358570739239,-7146.066035019735,10091.116376400925,-9286.640738994516,2470.3574888861876,10104.765064498068,13672.477077358295,13944.555903532722,192.1263952112582,2.7807047924752972e-08,0.7986281374866631,16.543608066872046,8.371949818725678,1.7399935743989843,7.987605103953103e-10,0.021698338107572965,52.693273843838774,-50.898641840589185,0.33243718050250365,-0.5772250456926016,-44.71427425464883,-5.784946633412194e-10,0.6208110312476407,13.785108584374303,-3.5347349025197823,-0.6431878981414353,-3.3066040830293777,-21.289026590404358,6.12448627472693,4.330156286132209,2.7728208790702553e-09,1.81150221033921e-09,38.60062083480149,5.672088323014072,-11.419508714565234,1.6240751147345418,-5.727952259287507,-0.7576710266874258,-6.624114305117355,-2.2792227832437757e-10,9.048669341448319,50.632346859872534,-2.9907198823732464,-8.012238661950018,-1.126991311484983e-09,-3.3427072407450205e-09,182.39707319163364,3.027577638949754,15.499268001645072,1.3659323330598915e-09,1.880821235012415,6.380183529669765e-19
