outputs/DTF_triangulation/DN141125_01_triangulation_all_timesteps.ecsv
# %ECSV 0.9
# ---
# datatype:
# - {name: datetime, datatype: string}
# - {name: t_rel, unit: s, datatype: float64}
# - {name: no_cams, datatype: int64}
# - {name: latitude, unit: deg, datatype: float64}
# - {name: longitude, unit: deg, datatype: float64}
# - {name: height, unit: m, datatype: float64}
# - {name: X_geo, unit: m, datatype: float64}
# - {name: Y_geo, unit: m, datatype: float64}
# - {name: Z_geo, unit: m, datatype: float64}
# - {name: X_eci, unit: m, datatype: float64}
# - {name: Y_eci, unit: m, datatype: float64}
# - {name: Z_eci, unit: m, datatype: float64}
# - {name: DX_DT_geo, unit: m / s, datatype: float64}
# - {name: DY_DT_geo, unit: m / s, datatype: float64}
# - {name: DZ_DT_geo, unit: m / s, datatype: float64}
# - {name: DX_DT_eci, unit: m / s, datatype: float64}
# - {name: DY_DT_eci, unit: m / s, datatype: float64}
# - {name: DZ_DT_eci, unit: m / s, datatype: float64}
# - {name: D_DT_geo, unit: m / s, datatype: float64}
# - {name: D_DT_eci, unit: m / s, datatype: float64}
# - {name: beta, unit: kg / m2, datatype: float64}
# - {name: sigma, unit: s2 / m2, datatype: float64}
# - {name: mass_est, unit: kg, datatype: float64}
# - {name: pos_err, unit: m, datatype: float64}
# - {name: D_DT_err, unit: m / s, datatype: float64}
# - {name: beta_err, unit: kg / m2, datatype: float64}
# - {name: sigma_err, unit: s2 / m2, datatype: float64}
# - {name: mass_err, unit: kg, datatype: float64}
# - {name: c11, datatype: float64}
# - {name: c36, datatype: float64}
# - {name: c12, datatype: float64}
# - {name: c37, datatype: float64}
# - {name: c13, datatype: float64}
# - {name: c38, datatype: float64}
# - {name: c14, datatype: float64}
# - {name: c44, datatype: float64}
# - {name: c15, datatype: float64}
# - {name: c45, datatype: float64}
# - {name: c16, datatype: float64}
# - {name: c46, datatype: float64}
# - {name: c17, datatype: float64}
# - {name: c47, datatype: float64}
# - {name: c18, datatype: float64}
# - {name: c48, datatype: float64}
# - {name: c22, datatype: float64}
# - {name: c55, datatype: float64}
# - {name: c23, datatype: float64}
# - {name: c56, datatype: float64}
# - {name: c24, datatype: float64}
# - {name: c57, datatype: float64}
# - {name: c25, datatype: float64}
# - {name: c58, datatype: float64}
# - {name: c26, datatype: float64}
# - {name: c66, datatype: float64}
# - {name: c27, datatype: float64}
# - {name: c67, datatype: float64}
# - {name: c28, datatype: float64}
# - {name: c68, datatype: float64}
# - {name: c33, datatype: float64}
# - {name: c77, datatype: float64}
# - {name: c34, datatype: float64}
# - {name: c78, datatype: float64}
# - {name: c35, datatype: float64}
# - {name: c88, datatype: float64}
# delimiter: ','
# meta: !!omap
# - {triangulation_method: LS}
# - {triangulation_frame: ECI}
# - {triangulation_t0: '2014-11-25T15:21:15.386'}
# - {triangulation_radiant_inf_time: '2014-11-25T15:21:15.386'}
# - {triangulation_ra_eci_inf: -14.985545081396735}
# - {triangulation_ra_eci_inf_err: 0.014448404935369365}
# - {triangulation_dec_eci_inf: -46.33302819025268}
# - {triangulation_dec_eci_inf_err: 0.013266326476295089}
# - {triangulation_ra_ecef_inf: 50.703175644597685}
# - {triangulation_ra_ecef_inf_err: 0.014448404935369365}
# - {triangulation_dec_ecef_inf: -47.43149457745662}
# - {triangulation_dec_ecef_inf_err: 0.013266326476295089}
[...]
# - {triangulation_azimuth_inf_err: 0.01371296246129105}
# - {triangulation_radiant_end_time: '2014-11-25T15:21:24.626'}
# - {triangulation_ra_eci_end: -15.150118319460296}
# - {triangulation_ra_eci_end_err: 0.013893386742119943}
# - {triangulation_dec_eci_end: -44.54317921015453}
# - {triangulation_dec_eci_end_err: 0.021702776846172465}
# - {triangulation_ra_ecef_end: 50.93196009922187}
# - {triangulation_ra_ecef_end_err: 0.013893386742119943}
# - {triangulation_dec_ecef_end: -47.840661619865735}
# - {triangulation_dec_ecef_end_err: 0.021702776846172465}
# - {triangulation_slope_end: 25.82176479329127}
# - {triangulation_slope_end_err: 0.013598972266422711}
# - {triangulation_azimuth_end: -128.11087657858496}
# - {triangulation_azimuth_end_err: 0.02177322643764161}
# - {triangulation_file_0: 36_2014-11-25_152058_DSC_0594-G_DN141125_01_2018-04-26_163106_martin_nocomment.ecsv}
# - {triangulation_file_1: 38_2014-11-25_152058_DSC_0559-G_DN141125_01_2018-04-26_163331_martin_nocomment.ecsv}
# - {triangulation_file_2: 40_2014-11-25_152058_DSC_0617-G_DN141125_01_2018-04-26_163631_martin_nocomment.ecsv}
# - {telescope: multiple_telescopes_0}
# - {astropy_version: 3.0.1}
# - {numpy_version: 1.14.2}
# - {scipy_version: 1.0.1}
# - {event_codename: DN141125_01}
# schema: astropy-2.0
datetime,t_rel,no_cams,latitude,longitude,height,X_geo,Y_geo,Z_geo,X_eci,Y_eci,Z_eci,DX_DT_geo,DY_DT_geo,DZ_DT_geo,DX_DT_eci,DY_DT_eci,DZ_DT_eci,D_DT_geo,D_DT_eci,beta,sigma,mass_est,pos_err,D_DT_err,beta_err,sigma_err,mass_err,c11,c36,c12,c37,c13,c38,c14,c44,c15,c45,c16,c46,c17,c47,c18,c48,c22,c55,c23,c56,c24,c57,c25,c58,c26,c66,c27,c67,c28,c68,c33,c77,c34,c78,c35,c88
[from data line 132]
2014-11-25T15:21:21.986,6.6,3,-31.12493568632066,134.38898689390882,40164.99063164843,-3846852.240971741,3929786.9464541734,-3298520.4641749035,1963309.7173442242,5135134.279607483,-3301143.096737735,-4860.853870467771,-5965.3257733087,8448.361377267633,-7810.87102760404,2074.2863151111574,8459.840924847971,11427.502872134839,11699.627276142355,148.01939715029482,2.7807047924752972e-08,0.3652072559835872,12.48433551992601,9.472310970722571,0.5351513441483291,7.987605103890973e-10,0.003961125859752571,38.035858656329395,-0.8426159749529039,-0.2481059462303936,-1.1649912956780692,-15.581178176040622,-2.3627996046616716e-10,3.61440582408013,40.07548571846639,1.107141893787731,-9.90770698576995,-2.4365257752492506,-35.44397814486845,0.49982854761652046,-2.895546778680186,-4.762049040908002e-10,-4.683317897238688e-09,35.54972890540475,6.824989717265643,-7.610943494214442,8.233287093348597,-0.47842058200921295,0.7639248105502223,5.712866127152927,1.422332838346009e-09,0.4220254126863507,42.82419969033912,-0.7417210674659243,2.3404980770433492,3.536800752298107e-10,4.245547507134993e-09,82.2730458123521,0.2863869611437634,10.799923265525035,3.3665861484696656e-10,-4.638345025253695,6.380183529570512e-19
2014-11-25T15:21:22.026,6.64,3,-31.122510213776152,134.3921636209438,39961.42359757251,-3847046.0627497304,3929549.0815124842,-3298183.5846188418,1962998.2191263135,5135217.004310446,-3300805.759374809,-4829.996717901562,-5927.658162786289,8395.40836139163,-7763.857095969512,2061.901532154035,8406.818800943365,11355.566086475446,11627.704729946927,146.89996633912858,2.7807047924752972e-08,0.35698386980904023,12.51549615998794,9.55056000194715,0.5082116456308355,7.987605103889843e-10,0.0037050388327623186,38.37712409938772,0.1187402347141141,-0.23677977890796997,-1.0737787029458117,-15.285091994269516,-6.521893614654073e-11,4.9164377074450485,40.96495487941392,0.7751189156756788,-10.188617966467913,-3.5201160442572914,-36.27703972032512,0.41442832883227965,-2.7450151553499933,-6.645075671567096e-10,-4.73080519085399e-09,36.0158569613525,6.855945108297558,-7.77002441315765,8.5114769839537,-0.8503139999091136,0.7175543723034338,5.942980320213008,1.4333665707448863e-09,0.723881061362784,43.39229636308128,-0.722893267659577,2.2192956888746638,4.1079940569839196e-10,4.306381217505255e-09,82.24466306993264,0.25827907675480194,9.972624176328768,3.090986234402115e-10,-4.44949664129635,6.380183529568708e-19
2014-11-25T15:21:22.086,6.7,3,-31.118900643358334,134.39689037438455,39658.55400206567,-3847334.44517635,3929195.153352483,-3297682.2994396747,1962534.5528916048,5135340.148261104,-3300303.7927649133,-4782.3604481084185,-5869.497794662458,8313.623838755302,-7691.26849735934,2042.7892972371044,8324.92758548197,11244.479407669332,11516.640938871773,145.2015646621749,2.7807047924752972e-08,0.34474453716625963,12.577115020520935,9.646080789084271,0.46909530726402204,7.987605103888714e-10,0.003341245908042077,39.08724896358589,1.5897458199283625,-0.27406953707855725,-0.960560487364071,-14.986751516230624,1.9545143780437044e-10,6.929762917555485,42.1067614553661,0.2568757835850187,-10.557990734089831,-5.206916078749591,-37.335778676304905,0.3140745841278235,-2.5011510145149973,-9.500907008982402e-10,-4.785430983949359e-09,36.749713468972516,6.886594252807461,-7.970348240569171,8.877067131258753,-1.4318825431306155,0.643373044684816,6.287479684829262,1.4455450558503334e-09,1.20229982299525,44.05351888136708,-0.7029435168290021,2.0171337307376516,4.971920838584265e-10,4.379050169342176e-09,82.3468598068549,0.22005040729712724,8.677963203292508,2.671930061279085e-10,-4.1466344563305695,6.380183529566903e-19
2014-11-25T15:21:22.126,6.74,3,-31.116513891761073,134.40001512416814,39458.338654996514,-3847525.079588379,3928961.177200678,-3297350.872347446,1962227.8940727056,5135421.5987748755,-3299971.915000752,-4749.695001655348,-5829.608977141562,8257.51738260407,-7641.486030991898,2029.6881664269802,8268.747987879959,11168.282623533829,11440.460484694087,144.05746501337174,2.7807047924752972e-08,0.3366594494733707,12.628456987881606,9.693562085249765,0.4442177739977646,7.987605103887584e-10,0.0031143844831607727,39.69834461905376,2.537222451955682,-0.33548645005576594,-0.9026112992526442,-14.891797560260692,3.713637425879429e-10,8.280001082038165,42.72435275552028,-0.09341826722967563,-10.768548000983854,-6.337199147671259,-37.895367646094506,0.26695504776133744,-2.3281599330924565,-1.1420408374800203e-09,-4.8095774605798144e-09,37.2613806679949,6.897029264708492,-8.07780192508527,9.08475635590749,-1.845350212447326,0.5913504809491795,6.519068001864957,1.4504376939838868e-09,1.5500091798958686,44.34376388036299,-0.6950363898259871,1.8704862836154035,5.551247760920867e-10,4.413742661082515e-09,82.51820060772707,0.19732943073552903,7.8262475333206245,2.3889875180705374e-10,-3.944280337884673,6.380183529565099e-19
2014-11-25T15:21:22.146,6.76,3,-31.11532654366524,134.4015695284168,39358.75161371769,-3847619.908925778,3928844.7862854027,-3297186.0067776116,1962075.3169879592,5135462.126069345,-3299806.825186374,-4733.088391631301,-5809.328074429268,8228.98640494002,-7616.1754157085925,2023.0291160232653,8240.179803482308,11129.538878679328,11401.725218616679,143.4821409654539,2.7807047924752972e-08,0.33264197411887253,12.65690151002349,9.712236935189248,0.43223259496889654,7.987605103886455e-10,0.0030062006888424034,40.04325834410028,3.027789783145612,-0.37806287758673346,-0.8784162663640233,-14.872229165240016,4.5976578480839886e-10,8.967677688254245,42.98575817879362,-0.27284181222537646,-10.859411145346584,-6.91573630597217,-38.12903109825977,0.24915211316177172,-2.2388379956977023,-1.2383119534643381e-09,-4.817997359685821e-09,37.52440654354049,6.897618670350705,-8.122939155948089,9.174256293091824,-2.047541129454821,0.5645861550447968,6.632271294592674,1.4519234414851634e-09,1.7185724933922277,44.44416943610991,-0.6930235908990436,1.793975157151112,5.841471822584024e-10,4.426994423657125e-09,82.6294909467941,0.18682501615354616,7.380291274179459,2.2465860503054601e-10,-3.8366300043747654,6.380183529563294e-19
2014-11-25T15:21:22.226,6.84,3,-31.110618422645597,134.40773204190117,38963.962887710855,-3847995.849843975,3928383.3464473127,-3296532.346700953,1961470.1550609837,5135622.881637121,-3299152.275724593,-4664.826229306928,-5725.949265142378,8111.65975949727,-7512.122051735461,1995.665944565413,8122.700241710223,10970.238046207645,11242.46056249021,141.16124623454152,2.7807047924752972e-08,0.31675972396658586,12.79015860416279,9.749871424389399,0.3882947501072401,7.987605103885325e-10,0.0026139498157437043,41.698040042606,4.949060898403115,-0.6249828755006567,-0.8175031405011315,-14.998900723956657,8.151549118689719e-10,11.710844983223629,43.68893746847442,-0.994057419874063,-11.12931446026589,-9.218870589332228,-38.71947259259914,0.21889177042196203,-1.867070591812258,-1.624305324378982e-09,-4.824629079249846e-09,38.62125531869326,6.872299134031473,-8.247876733572685,9.437827560001502,-2.8582503010465348,0.45391812249425084,7.0756068475781495,1.4507642336086187e-09,2.395133395018635,44.49875618961907,-0.6971263835153861,1.4712390562704658,7.003304203864512e-10,4.449640648178187e-09,83.26886175834022,0.15077281296084405,5.599961934875562,1.671189807608845e-10,-3.400030053668542,6.380183529561489e-19
2014-11-25T15:21:22.286,6.9,3,-31.107131976979037,134.4122943780753,38671.715483466585,-3848274.157458012,3928041.7230486753,-3296048.373597463,1961021.8449801137,5135741.986260607,-3298667.6437656977,-4611.698134844646,-5661.042018869271,8020.294220998883,-7431.124316982015,1974.3788222335784,8031.215672331495,10846.21020530771,11118.462372272026,139.40293218068098,2.7807047924752972e-08,0.30506980925945965,12.909627571154491,9.736185867778593,0.36089631919132326,7.987605103884195e-10,0.002369359873623862,43.22414039030143,6.296623292924736,-0.8902108731549597,-0.8107002036926848,-15.305264138830283,1.0817586628863231e-09,13.711759741959897,43.827392685535806,-1.525774525084025,-11.226091157234547,-10.882750309138455,-38.77004600172237,0.24016903430869121,-1.5782296623419207,-1.9131453367926424e-09,-4.799051685104942e-09,39.48963173984623,6.822463390396472,-8.283423142242906,9.528566802625003,-3.458674675137073,0.36852271082849936,7.395301454348775,1.4418805328543392e-09,2.8948873686762635,44.14345917599934,-0.7131022509511205,1.217329950898167,7.871437217811381e-10,4.432295012233311e-09,83.94471189576457,0.13024615320584548,4.315187229522276,1.2344187976479868e-10,-3.0787355780062526,6.380183529559685e-19
2014-11-25T15:21:22.326,6.94,3,-31.104829642438947,134.4153065038092,38478.7715514234,-3848457.8919340353,3927816.175337195,-3295728.807816336,1960725.7043644364,5135820.6712814085,-3298347.64276535,-4575.359622370431,-5616.64027060556,7957.778263629414,-7375.717180899897,1959.8232983421483,7968.618293632365,10761.356721923987,11033.629901485685,138.2239499399494,2.7807047924752972e-08,0.2973948218236056,12.99772244110004,9.705906206949782,0.34608970248518034,7.987605103883065e-10,0.0022338810050706883,44.37141852115903,7.128264304735767,-1.104520330744433,-0.8249061173786515,-15.603773369245834,1.2584340065671048e-09,14.9936973073803,43.72351018252704,-1.8692815543219259,-11.236866055857313,-11.935010755504228,-38.606088559497465,0.2754773331112052,-1.3840433582112797,-2.1044249792256426e-09,-4.766487059442661e-09,40.089691894355255,6.773562968196955,-8.28001908990981,9.534641970720205,-3.8460223284629573,0.3112780068305714,7.599756124666904,1.4318922947773423e-09,3.214295738191928,43.70754214738231,-0.7299851041786743,1.045866605523825,8.446112087206505e-10,4.403282374081419e-09,84.4796782403613,0.11977808216628065,3.503689492535435,9.412908975005056e-11,-2.8729856065283443,6.38018352955788e-19
2014-11-25T15:21:22.346,6.96,3,-31.10368520484525,134.41680369022276,38382.87733831635,-3848549.2161724484,3927704.0663840934,-3295569.9691149564,1960578.4708133796,5135859.793998874,-3298188.5876746452,-4556.9155819449525,-5594.101681090135,7926.040511898231,-7347.592747577238,1952.4367747521048,7936.839204520868,10718.282112148388,10990.566186601738,137.6327871807381,2.7807047924752972e-08,0.2935953809540453,13.044226298370084,9.684103139788665,0.3398929170880692,7.987605103881936e-10,0.00217515737027854,44.98354509195874,7.518038069248778,-1.2223711524618694,-0.8376674366331776,-15.781291241503249,1.3462942325361187e-09,15.613241903384692,43.6102437283112,-2.036122740597314,-11.225518493436002,-12.437810162862228,-38.462272984737645,0.2994750718102168,-1.2871249331885664,-2.1995383412627992e-09,-4.745276997712761e-09,40.39566775620561,6.744271246023428,-8.270670332043913,9.520727258649721,-4.034663209419379,0.2827401761661839,7.699028538307252,1.4256075409053039e-09,3.3686629789619245,43.42733864773003,-0.7402739002480612,0.9602055491283045,8.731850669466473e-10,4.3832291265707855e-09,84.7726268749254,0.11552719508663709,3.1170630023483548,7.94227949467759e-11,-2.7742253334456572,6.380183529556076e-19
2014-11-25T15:21:22.426,7.04,3,-31.09915340334906,134.42273129949692,38003.240308993525,-3848910.7695815316,3927260.205604528,-3294941.0574388425,1959995.2453382942,5136014.785901836,-3297558.8188464064,-4481.316181597638,-5501.706670001973,7795.9054516600445,-7232.302468463684,1922.1692110772613,7806.534702986845,10541.684533954516,10814.014866842805,135.25972353598743,2.7807047924752972e-08,0.27866921263776384,13.244447586735411,9.551614493346145,0.3243255787980673,7.987605103880806e-10,0.0020045779627347366,47.66938104291524,8.857195055115426,-1.7623208568561008,-0.9259518903968295,-16.658878027613394,1.6926178463602205e-09,17.90328309603737,42.74630466204628,-2.6589957590622078,-11.068150969683877,-14.244784637269293,-37.473728385036914,0.4371742073570893,-0.9064293137165453,-2.574766898344106e-09,-4.626235874020865e-09,41.65792512409393,6.59485394322817,-8.185099341536324,9.35190784873888,-4.745231281148373,0.1706941406145251,8.073521212209917,1.3915164308400178e-09,3.9394428629050156,41.89218082422569,-0.7935440859361645,0.6244354211067494,9.859662028801363e-10,4.264493183619591e-09,86.08808571077229,0.10518708106270135,1.7410536790975781,2.0360529581950538e-11,-2.417739324043209,6.380183529554271e-19
2014-11-25T15:21:22.446,7.06,3,-31.09803217233825,134.42419761891136,37909.33479799952,-3849000.203840271,3927150.4064870067,-3294785.47205822,1959850.8939902955,5136053.151944508,-3297403.021307786,-4461.963790246122,-5478.051587267568,7762.581094748341,-7202.786627523932,1914.4232538023628,7773.16696415715,10496.467754000705,10768.810345112448,134.66497180669174,2.7807047924752972e-08,0.2750093361965226,13.297604186753901,9.507038013044355,0.32293069508514,7.987605103879677e-10,0.0019784422385725315,48.3958332611484,9.129592643013734,-1.9134510857002036,-0.9571038567523193,-16.915802487129948,1.7775061873502204e-09,18.41963300756489,42.427954638822854,-2.801166284312655,-11.000624089582276,-14.635756452940436,-37.124171743375534,0.4818067729361469,-0.814297954390854,-2.666901160954295e-09,-4.587637293216555e-09,41.982607524396975,6.5493387621388655,-8.152624738576081,9.281322217885808,-4.907946963041772,0.14354739820016038,8.160424994169354,1.3806813984817115e-09,4.066173864320469,41.40647838050864,-0.8098535121376915,0.5436478712851636,1.0136869616355062e-09,4.224848656055222e-09,86.44783632202947,0.10428423382817167,1.4467491065543563,5.5560723830043884e-12,-2.3401525715513736,6.380183529552466e-19
2014-11-25T15:21:22.526,7.14,3,-31.093595499482625,134.42999862726677,37537.83941638198,-3849354.0055112867,3926716.018146735,-3294169.8888328583,1959279.4737262307,5136205.04576174,-3296786.5983095514,-4382.774306753954,-5381.243513813165,7626.173494965304,-7081.996758592191,1882.735478593222,7636.581880473163,10311.40216237395,10583.796756752039,132.2839615275322,2.7807047924752972e-08,0.26067842072854336,13.519786930616682,9.28299970507943,0.3277848099070215,7.987605103878547e-10,0.0019377956087499898,51.49208741442971,9.914277335348062,-2.574840584510598,-1.1161931742654008,-18.06469939102956,2.1079340932675e-09,20.20290379266833,40.7596228630229,-3.300292575141959,-10.621438538430017,-15.895011083680062,-35.33427157476989,0.6992580875702714,-0.4661277181458201,-3.026657324356913e-09,-4.396192410707063e-09,43.31429190275251,6.335722761334484,-7.985851696450187,8.889986657991578,-5.483915388509414,0.040587172123864264,8.47691837814801,1.327655471616414e-09,4.492983824934258,39.07873790014741,-0.8864719353487922,0.2421591403218341,1.1221256816637616e-09,4.024482379941576e-09,87.97825933209144,0.10744288160578222,0.520274142995898,-5.3690595949012405e-11,-2.0899135435314555,6.380183529550662e-19
