outputs/DTF_triangulation/DN141125_01_triangulation_all_timesteps.ecsv
# %ECSV 0.9
# ---
# datatype:
# - {name: datetime, datatype: string}
# - {name: t_rel, unit: s, datatype: float64}
# - {name: no_cams, datatype: int64}
# - {name: latitude, unit: deg, datatype: float64}
# - {name: longitude, unit: deg, datatype: float64}
# - {name: height, unit: m, datatype: float64}
# - {name: X_geo, unit: m, datatype: float64}
# - {name: Y_geo, unit: m, datatype: float64}
# - {name: Z_geo, unit: m, datatype: float64}
# - {name: X_eci, unit: m, datatype: float64}
# - {name: Y_eci, unit: m, datatype: float64}
# - {name: Z_eci, unit: m, datatype: float64}
# - {name: DX_DT_geo, unit: m / s, datatype: float64}
# - {name: DY_DT_geo, unit: m / s, datatype: float64}
# - {name: DZ_DT_geo, unit: m / s, datatype: float64}
# - {name: DX_DT_eci, unit: m / s, datatype: float64}
# - {name: DY_DT_eci, unit: m / s, datatype: float64}
# - {name: DZ_DT_eci, unit: m / s, datatype: float64}
# - {name: D_DT_geo, unit: m / s, datatype: float64}
# - {name: D_DT_eci, unit: m / s, datatype: float64}
# - {name: beta, unit: kg / m2, datatype: float64}
# - {name: sigma, unit: s2 / m2, datatype: float64}
# - {name: mass_est, unit: kg, datatype: float64}
# - {name: pos_err, unit: m, datatype: float64}
# - {name: D_DT_err, unit: m / s, datatype: float64}
# - {name: beta_err, unit: kg / m2, datatype: float64}
# - {name: sigma_err, unit: s2 / m2, datatype: float64}
# - {name: mass_err, unit: kg, datatype: float64}
# - {name: c11, datatype: float64}
# - {name: c36, datatype: float64}
# - {name: c12, datatype: float64}
# - {name: c37, datatype: float64}
# - {name: c13, datatype: float64}
# - {name: c38, datatype: float64}
# - {name: c14, datatype: float64}
# - {name: c44, datatype: float64}
# - {name: c15, datatype: float64}
# - {name: c45, datatype: float64}
# - {name: c16, datatype: float64}
# - {name: c46, datatype: float64}
# - {name: c17, datatype: float64}
# - {name: c47, datatype: float64}
# - {name: c18, datatype: float64}
# - {name: c48, datatype: float64}
# - {name: c22, datatype: float64}
# - {name: c55, datatype: float64}
# - {name: c23, datatype: float64}
# - {name: c56, datatype: float64}
# - {name: c24, datatype: float64}
# - {name: c57, datatype: float64}
# - {name: c25, datatype: float64}
# - {name: c58, datatype: float64}
# - {name: c26, datatype: float64}
# - {name: c66, datatype: float64}
# - {name: c27, datatype: float64}
# - {name: c67, datatype: float64}
# - {name: c28, datatype: float64}
# - {name: c68, datatype: float64}
# - {name: c33, datatype: float64}
# - {name: c77, datatype: float64}
# - {name: c34, datatype: float64}
# - {name: c78, datatype: float64}
# - {name: c35, datatype: float64}
# - {name: c88, datatype: float64}
# delimiter: ','
# meta: !!omap
# - {triangulation_method: LS}
# - {triangulation_frame: ECI}
# - {triangulation_t0: '2014-11-25T15:21:15.386'}
# - {triangulation_radiant_inf_time: '2014-11-25T15:21:15.386'}
# - {triangulation_ra_eci_inf: -14.985545081396735}
# - {triangulation_ra_eci_inf_err: 0.014448404935369365}
# - {triangulation_dec_eci_inf: -46.33302819025268}
# - {triangulation_dec_eci_inf_err: 0.013266326476295089}
# - {triangulation_ra_ecef_inf: 50.703175644597685}
# - {triangulation_ra_ecef_inf_err: 0.014448404935369365}
# - {triangulation_dec_ecef_inf: -47.43149457745662}
# - {triangulation_dec_ecef_inf_err: 0.013266326476295089}
[...]
# - {triangulation_azimuth_inf_err: 0.01371296246129105}
# - {triangulation_radiant_end_time: '2014-11-25T15:21:24.626'}
# - {triangulation_ra_eci_end: -15.150118319460296}
# - {triangulation_ra_eci_end_err: 0.013893386742119943}
# - {triangulation_dec_eci_end: -44.54317921015453}
# - {triangulation_dec_eci_end_err: 0.021702776846172465}
# - {triangulation_ra_ecef_end: 50.93196009922187}
# - {triangulation_ra_ecef_end_err: 0.013893386742119943}
# - {triangulation_dec_ecef_end: -47.840661619865735}
# - {triangulation_dec_ecef_end_err: 0.021702776846172465}
# - {triangulation_slope_end: 25.82176479329127}
# - {triangulation_slope_end_err: 0.013598972266422711}
# - {triangulation_azimuth_end: -128.11087657858496}
# - {triangulation_azimuth_end_err: 0.02177322643764161}
# - {triangulation_file_0: 36_2014-11-25_152058_DSC_0594-G_DN141125_01_2018-04-26_163106_martin_nocomment.ecsv}
# - {triangulation_file_1: 38_2014-11-25_152058_DSC_0559-G_DN141125_01_2018-04-26_163331_martin_nocomment.ecsv}
# - {triangulation_file_2: 40_2014-11-25_152058_DSC_0617-G_DN141125_01_2018-04-26_163631_martin_nocomment.ecsv}
# - {telescope: multiple_telescopes_0}
# - {astropy_version: 3.0.1}
# - {numpy_version: 1.14.2}
# - {scipy_version: 1.0.1}
# - {event_codename: DN141125_01}
# schema: astropy-2.0
datetime,t_rel,no_cams,latitude,longitude,height,X_geo,Y_geo,Z_geo,X_eci,Y_eci,Z_eci,DX_DT_geo,DY_DT_geo,DZ_DT_geo,DX_DT_eci,DY_DT_eci,DZ_DT_eci,D_DT_geo,D_DT_eci,beta,sigma,mass_est,pos_err,D_DT_err,beta_err,sigma_err,mass_err,c11,c36,c12,c37,c13,c38,c14,c44,c15,c45,c16,c46,c17,c47,c18,c48,c22,c55,c23,c56,c24,c57,c25,c58,c26,c66,c27,c67,c28,c68,c33,c77,c34,c78,c35,c88
[from data line 53]
2014-11-25T15:21:18.026,2.64,2,-31.400525422000978,134.02533824293118,63577.069297157315,-3824630.8904597033,3957017.7268355377,-3337002.6168868444,1998749.589991143,5125712.885117783,-3339677.3346499703,-5930.00642455922,-7257.709617210754,10236.578552935738,-9427.350492994787,2512.3855101060076,10250.434269511252,13879.008089683175,14151.269235751623,197.22930234776743,2.7807047924752972e-08,0.8639683234920968,22.823922161311764,9.758909549820489,1.8785906911650276,7.987605103980214e-10,0.024687652858679,70.23632391251752,-124.66999624853324,11.125514544766085,11.637983124070724,-93.60732271384214,4.257779939722092e-09,-18.11460431386276,22.025207322915474,-2.3884564853252996,-2.6340081011769745,26.29113839147616,-32.854867831198504,-0.6844561367240618,7.1258590081341815,-1.1714053936451128e-10,2.8511694349964996e-09,62.750714419228046,6.339824142743802,-21.753915563395275,4.444089482533192,-4.813260672015508,-1.4315558394226817,-13.730557990547467,-4.957238358230672e-10,6.574580179059875,66.87128413591826,-1.8232810762754816,-11.455833798935934,-6.69070711841704e-10,-4.5401243358830656e-09,387.9443844938727,3.5291029849318964,49.97634446563369,1.4786539385517102e-09,-2.1268748569840823,6.3801835297130755e-19
2014-11-25T15:21:18.086,2.7,2,-31.396150955506112,134.03115127145975,63200.98665254667,-3824986.602110285,3956582.365635583,-3336388.551884434,1998184.0819086076,5125863.585570773,-3339062.438505612,-5926.906862385934,-7254.188326367483,10232.217010830995,-9422.88562802537,2510.9542361963818,10246.066139638264,13872.6254972353,14144.876672242899,197.06902128966587,2.7807047924752972e-08,0.8618636881756565,22.416576438721826,9.713588992675506,1.8742159223269843,7.987605103979083e-10,0.024590145676117697,68.14043928982998,-120.4573306598973,10.684400656794423,10.9294591605181,-89.15313124214484,3.986480526399131e-09,-16.81705523334595,21.723233541162404,-2.5370751142889105,-2.5576431477830317,24.346344176754677,-32.44700673356184,-0.25889367271495956,7.033334697567264,5.296670468245706e-11,2.818862833051475e-09,61.126168392708294,6.314644165233648,-21.47030595768109,4.340945425096195,-4.960357981759843,-1.4092696631404422,-13.346444156011833,-4.873928301650625e-10,6.827800794786279,66.3159334122307,-1.9034385870638946,-11.342134419652396,-6.985658712792827e-10,-4.502947361572495e-09,373.23629155052015,3.5126853235039888,47.852744976448456,1.47510285456504e-09,-1.8252759437913384,6.380183529711271e-19
2014-11-25T15:21:18.126,2.74,2,-31.393235282425806,134.03502505007071,62950.40077508563,-3825223.638152824,3956292.244303718,-3335979.3235396016,1997807.2279596673,5125964.004149257,-3338652.656305751,-5924.766620471935,-7251.750329853292,10229.181591992732,-9419.796240654447,2509.970624041831,10243.026196973717,13868.197373687352,14140.441981101243,196.95790045501062,2.7807047924752972e-08,0.8604065790916023,22.149691367584257,9.6821948334901,1.8711842821010465,7.987605103977954e-10,0.024522691346117762,66.8290712794778,-117.67023933050042,10.380686775868787,10.461224594534851,-86.31865113214039,3.806876814087687e-09,-15.967524112194084,21.51531204824207,-2.632165939153512,-2.505191743672976,23.06968742366821,-32.16564479893161,0.021142628307531334,6.9693360518558265,1.6527443359546272e-10,2.796437894690611e-09,60.06866841227283,6.297343200489994,-21.262971315448045,4.2699369144733375,-5.0540753112033325,-1.3938527268768692,-13.091582098554667,-4.816104646995801e-10,6.991081595941221,65.93224154493029,-1.955913001255388,-11.2634834612289,-7.179464770462619e-10,-4.4771404591618254e-09,363.71108798748594,3.501330617582009,46.45337213660034,1.472641744321459e-09,-1.6284236236551286,6.380183529709466e-19
2014-11-25T15:21:18.146,2.76,2,-31.39177764850766,134.03696145275427,62825.14956746521,-3825342.123786693,3956147.2205773494,-3335774.755437,1997618.8477890308,5126014.198563531,-3338447.81132976,-5923.673660925376,-7250.503348594189,10227.62441173615,-9418.216644739943,2509.4697134229386,10241.466666144115,13865.929812192826,14138.171115232146,196.90102226546367,2.7807047924752972e-08,0.8596613806941635,22.017683659506577,9.666104327854702,1.8696332932066593,7.987605103976824e-10,0.024488215242421174,66.19878230622649,-116.28273188714942,10.226044121708846,10.228411694365253,-84.94148583530028,3.7174677951800464e-09,-15.547407894939456,21.40917318129838,-2.6785192404502745,-2.4785025429310363,22.43734977033142,-32.02179404944487,0.16001195439477123,6.93660793878144,2.210869281635285e-10,2.7849435753561716e-09,59.54754561877458,6.288549752207925,-21.15394429536821,4.2337288688815855,-5.0994279891622565,-1.3859660371385938,-12.964568802494135,-4.78646712769515e-10,7.0708255946525185,65.73584994346511,-1.9818567929345492,-11.223265534946535,-7.275486958045573e-10,-4.4639123771107135e-09,359.0320658051019,3.495528651066778,45.75823440839993,1.471382505595183e-09,-1.5311630308844364,6.380183529707662e-19
2014-11-25T15:21:18.226,2.84,2,-31.385948553697073,134.0447035307827,62324.43039850499,-3825815.8313726136,3955567.392085765,-3334956.8026067223,1996865.650249975,5126214.8741541365,-3337628.7515208763,-5919.143791732508,-7245.3220998083825,10221.122465108056,-9411.657007838028,2507.403142865068,10234.955077645927,13856.489454544893,14128.71769112351,196.6644208605802,2.7807047924752972e-08,0.8565661283886478,21.49943127525245,9.59924807063574,1.8631856328845793,7.987605103975695e-10,0.024345151457172243,63.8436956203823,-110.779139456443,9.589658617402204,9.306033200287594,-79.69596216302203,3.362533588393446e-09,-13.90037328833854,20.971066174489604,-2.8553421474207346,-2.368632402317407,19.950838510233567,-31.426787008815438,0.7076162695653933,6.800821496368605,4.4198932048918263e-10,2.737071638261933e-09,57.51370569089224,6.252334254096108,-20.683063974291493,4.084291767930301,-5.271441499902908,-1.3532408669031273,-12.459152092948997,-4.663040784218929e-10,7.377851679541451,64.92216309301827,-2.0835773174603616,-11.05639194020551,-7.653523356951884e-10,-4.408816855620434e-09,340.8681438480287,3.47146070258751,43.01327886215602,1.4661470774690982e-09,-1.151275460431127,6.380183529705857e-19
2014-11-25T15:21:18.286,2.9,3,-31.381578358394858,134.05050653455208,61949.200476607664,-3826170.8772510095,3955132.7913390812,-3334343.6892355806,1996301.1052170822,5126365.270072491,-3337014.8084308724,-5915.573745195981,-7241.224797090828,10215.947518017609,-9406.473608884098,2505.784445559966,10229.7724852643,13849.004765243792,14121.223266506122,196.4770625552203,2.7807047924752972e-08,0.8541203590610978,21.1212880955087,9.546396753453694,1.8580833739004061,7.987605103974565e-10,0.024232246011443203,62.247873633232864,-106.70265533470067,9.094717062008339,8.624052458019126,-76.03362637355774,3.0993114994556856e-09,-12.701825832873322,20.628064726767548,-2.978546799831915,-2.2829648938771157,18.133064809485493,-30.95949697113795,1.1096493757326669,6.693709750925789,6.050780465873001e-10,2.699101835124798e-09,56.04119998383622,6.2240788384492305,-20.294610780723957,3.9673242280950984,-5.39004258250013,-1.3274219367926305,-12.083011246331985,-4.5651551461419843e-10,7.594885533512735,64.28154740913443,-2.1576145645640197,-10.924741698233767,-7.930378287629011e-10,-4.365114371401294e-09,327.81973719640837,3.452473824365116,40.99376693980834,1.4620033817294612e-09,-0.8764137449211256,6.380183529704053e-19
2014-11-25T15:21:18.326,2.94,3,-31.378665731737847,134.05437336895588,61699.1997051732,-3826407.4534793645,3954843.196452216,-3333935.122895566,1995924.9176645854,5126465.479273135,-3336605.689217478,-5913.107887081201,-7238.388090228236,10212.349075217731,-9402.886900084786,2504.671122185877,10226.168782777397,13843.81380484151,14116.025908872118,196.3472452776377,2.7807047924752972e-08,0.8524284617952046,20.874350899787025,9.509851537910759,1.8545496192203403,7.987605103973436e-10,0.02415421021567434,61.262952920398014,-104.01116998454978,8.756893481225799,8.174282721781061,-73.71876646818019,2.925310640256887e-09,-11.921259219966819,20.392594301167684,-3.0559482133863383,-2.224303690849247,16.944869274369033,-30.637980112569537,1.3733598073156048,6.619725661164848,7.125175951879599e-10,2.6727689161056633e-09,55.08456023355506,6.204711822126059,-20.01950700895033,3.8870118905912303,-5.464011720381419,-1.3095876097227923,-11.833690701277458,-4.497274598028266e-10,7.733081972225283,63.839970149809886,-2.2058513044188017,-10.833795998895358,-8.111631691276914e-10,-4.334803971616934e-09,319.3910123334863,3.4393542901503094,39.66752418869302,1.4591331750570127e-09,-0.698331198714556,6.380183529702248e-19
2014-11-25T15:21:18.386,3.0,3,-31.37429813387585,134.06017075311928,61324.43482569592,-3826762.1293834834,3954409.02129319,-3333322.549415482,1995360.910744867,5126615.708165153,-3335992.2868041513,-5909.275314029851,-7233.9692885345285,10206.720037578605,-9397.302470295263,2502.9478456162565,10220.531516385963,13835.713943630519,14107.91643417026,196.1448854833558,2.7807047924752972e-08,0.8497955825377806,20.51192418425276,9.4529504848983,1.8490439284524374,7.987605103972306e-10,0.024032888113983294,59.90150581881872,-100.0140362528352,8.239317660290364,7.507353039152982,-70.43401364579708,2.6666300405721647e-09,-10.779032393815783,20.028815378611565,-3.1647941606008,-2.1340263540175917,15.199426715390171,-30.13995371251047,1.7621533920655243,6.504758162076156,8.716608782440794e-10,2.631673625159297e-09,53.686798554018985,6.174900751482766,-19.583644700439702,3.762996882502899,-5.566600940556029,-1.2818685602157018,-11.46205130745447,-4.3913481052916867e-10,7.929741404715662,63.154556739844665,-2.276468033758079,-10.692459454878207,-8.378316537738532e-10,-4.28749876930323e-09,307.1507293676954,3.418963449346822,37.7086839715374,1.4546606420966973e-09,-0.43894357810392687,6.380183529700443e-19
2014-11-25T15:21:18.426,3.04,3,-31.371387349721562,134.0640335271358,61074.75343303678,-3826998.4384933985,3954119.7323010894,-3332914.3584178137,1994985.0955461145,5126715.802465488,-3335583.543474882,-5906.628010127316,-7230.910467997403,10202.807801109273,-9393.438634189322,2501.7622603185664,10216.613593059546,13830.097890925834,14102.294036479452,196.00473043107849,2.7807047924752972e-08,0.8479752231750296,20.275696925452937,9.413601378859452,1.8452325314531124,7.987605103971177e-10,0.023949087313772464,59.06894298715154,-97.37734218111247,7.887435642098034,7.068087906332522,-68.36627202594784,2.4957871402583453e-09,-10.03741309021912,19.7792651442077,-3.2322863843106746,-2.072322533489727,14.061303033914935,-29.7973938294743,2.0166631858959256,6.425383716735127,9.76357036945936e-10,2.6031746670196353e-09,52.77968752425809,6.154514467623984,-19.278155511773594,3.67794566648194,-5.62928152291863,-1.2627280428662027,-11.21590669570381,-4.317895389862743e-10,8.053591287508981,62.682111308232905,-2.3223431533869126,-10.594870013520858,-8.552499760564737e-10,-4.254691519266903e-09,299.25525530141203,3.404883095132861,36.424238393764114,1.4515640197747505e-09,-0.27149619016174936,6.380183529698639e-19
2014-11-25T15:21:18.486,3.1,3,-31.367022688926433,134.06982484549388,60700.482038858296,-3827352.7171917413,3953686.0160839274,-3332302.3719424293,1994421.6683538596,5126865.853480163,-3334970.7289228304,-5902.513350465677,-7226.1462676020765,10196.690840680618,-9387.423364679276,2499.9266505427936,10210.487781646661,13821.337049418373,14093.52374053332,195.78634547203782,2.7807047924752972e-08,0.8451439836316388,19.929643996235612,9.352408792230692,1.8392966005643696,7.987605103970047e-10,0.023818879488249785,57.929696946746034,-93.46653152356312,7.3502954790693495,6.417570064911842,-65.4444005014036,2.2420348862537797e-09,-8.956038689629478,19.394471150173032,-3.3256425331985686,-1.977544175769441,12.394061863462216,-29.267672824287803,2.3911177918121305,6.302144675170398,1.1312191291276394e-09,2.5587217697281813e-09,51.4558084090936,6.123179659975672,-18.798602371370293,3.5468307729792508,-5.714359633271244,-1.2330056458144902,-10.849215486718592,-4.203332515416568e-10,8.227988753221984,61.949899406845276,-2.389285933553768,-10.44333123534522,-8.808150332156361e-10,-4.203515491588178e-09,287.80520446085046,3.3830119848476463,34.53131648249437,1.4467405620705434e-09,-0.028891685371815093,6.380183529696834e-19
2014-11-25T15:21:18.526,3.14,3,-31.36411398210816,134.0736835869117,60451.13963246392,-3827588.763533415,3953397.033554418,-3331894.588831564,1994046.2542452267,5126965.825387751,-3334562.3940629917,-5899.671233900652,-7222.848839654478,10192.441524222028,-9383.261902048984,2498.663471549383,10206.232343126378,13815.264393173891,14087.444825388957,195.63515325890575,2.7807047924752972e-08,0.8431875570066567,19.704559810439207,9.310198221672287,1.8351881279885265,7.987605103968917e-10,0.023728983802390694,57.24122264949561,-90.89123748023954,6.986495942845609,5.989647528799076,-63.61380774317757,2.0746016366994233e-09,-8.256881010409069,19.13132558099005,-3.382356230941208,-1.9128952308099938,11.310508453928374,-28.904435343528633,2.6357226816032284,6.217172682205274,1.2329535781037943e-09,2.527928598190721e-09,50.5976064307669,6.101764241418974,-18.465310434046152,3.4571062015355776,-5.765220568297515,-1.2125139297655456,-10.606421323485097,-4.123980093548216e-10,8.33675711501076,61.4467011044208,-2.4326157074199126,-10.338822634258038,-8.974700155100039e-10,-4.1680627145222606e-09,280.4308482429134,3.3679154651100323,33.29386286918229,1.4434016532817552e-09,0.12662004615082342,6.38018352969503e-19
2014-11-25T15:21:18.546,3.16,3,-31.36265996390151,134.07561229699166,60326.52120201283,-3827706.7436600095,3953252.5921980916,-3331690.761706023,1993858.6102306594,5127015.792232804,-3334358.291165309,-5898.219608814488,-7221.162652347424,10190.26399562275,-9381.134485147593,2498.019712057759,10204.051676363677,13812.15641766145,14084.333755068248,195.55783260398172,2.7807047924752972e-08,0.8421881959637993,19.5937333456701,9.288621960271733,1.8330877831445607,7.987605103967787e-10,0.023683094753705582,56.917816981097964,-89.61268555552292,6.803042401665663,5.777501489331224,-62.73319110553239,1.9914232482797062e-09,-7.9138067097817775,18.997577117555515,-3.4090740011925074,-1.8801533700585313,10.777137620126366,-28.71942567627463,2.7564580685463484,6.1738130386144,1.2833533070468078e-09,2.5121687604754476e-09,50.175766410953436,6.0909214042704045,-18.29476085185811,3.4115356592405925,-5.788619760537012,-1.2020550192336654,-10.485595864986188,-4.0833697309432386e-10,8.388569015702675,61.18999939901639,-2.4538875898036396,-10.28549232380138,-9.056770134036556e-10,-4.1499174825877126e-09,276.8208030291729,3.36021082071384,32.682003843694446,1.4416945234429088e-09,0.2026477176073521,6.380183529693225e-19
