outputs/SLLS_triangulation/36_2014-11-25_152058_DSC_0594-G_DN141125_01_2018-04-26_163106_martin_nocomment.ecsv
# %ECSV 0.9
# ---
# datatype:
# - {name: x_image, unit: pix, datatype: float64}
# - {name: y_image, unit: pix, datatype: float64}
# - {name: time_err_minus, unit: s, datatype: float64}
# - {name: time_err_plus, unit: s, datatype: float64}
# - {name: de_bruijn_sequence_element_index, datatype: object}
# - {name: dash_start_end, datatype: object}
# - {name: zero_or_one, datatype: int64}
# - {name: err_minus_x_image, unit: pix, datatype: float64}
# - {name: err_plus_x_image, unit: pix, datatype: float64}
# - {name: err_minus_y_image, unit: pix, datatype: float64}
# - {name: err_plus_y_image, unit: pix, datatype: float64}
# - {name: periodic_pulse, datatype: object}
# - {name: pick_flag, datatype: object}
# - {name: encoding_type, datatype: object}
# - {name: brightness_dash_V, unit: adu, datatype: float64}
# - {name: flux_dash_V, unit: adu / s, datatype: float64}
# - {name: aperture_exptime, unit: s, datatype: float64}
# - {name: datetime, datatype: string}
# - {name: altitude, datatype: float64}
# - {name: azimuth, datatype: float64}
# - {name: err_minus_altitude, datatype: float64}
# - {name: err_plus_altitude, datatype: float64}
# - {name: err_minus_azimuth, datatype: float64}
# - {name: err_plus_azimuth, datatype: float64}
# - {name: JD, datatype: float64, description: Julian Date}
# - {name: m_V, unit: adu / s, datatype: float64}
# - {name: longitude, unit: deg, datatype: float64}
# - {name: latitude, unit: deg, datatype: float64}
# - {name: height, unit: m, datatype: float64}
# - {name: X_geo, unit: m, datatype: float64}
# - {name: Y_geo, unit: m, datatype: float64}
# - {name: Z_geo, unit: m, datatype: float64}
# - {name: cross_track_error, unit: m, datatype: float64}
# delimiter: ','
# meta: !!omap
# - {origin: Desert Fireball Network}
# - {exposure_time: 25.0}
# - {lens_type: Fisheye}
# - {telescope: DFNSMALL36}
# - {observer: 'DFN automated software http://adsabs.harvard.edu/abs/2012M%26PSA..75.5123T'}
# - {creator: raw_to_fits 6.0}
# - {timing_correction_dictionary_version: DEBUG}
# - {isodate_mid_obs: '2014-11-25T15:21:10.500'}
# - {sidereal_time_hour: 4.598023724157567}
# - {point_picking_user_comment: nocomment}
# - {point_picking_hostname: work-desktop-debian}
# - {obs_latitude: -30.6607733333}
# - {original_raw_filename: 36_2014-11-25_152058_DSC_0594.NEF}
# - {cropped: false}
# - {obs_elevation: 149.1}
# - {instrument: Nikon D800E}
# - {gps_lock: Y}
# - {filter_pattern: RG/GB}
# - {location: Mulgathing}
# - {aperture: 4.0}
# - {isodate_start_obs: '2014-11-25T15:20:58'}
# - {image_file: 36_2014-11-25_152058_DSC_0594-G.tiff}
# - {timing_corrected: true}
# - {NAXIS2: 4924}
# - {NAXIS1: 7378}
# - {event_codename: DN141125_01}
# - {jd_mid_obs: 2456987.139704861}
# - {lens: Samyang_8mm_F3.5}
# - {timing_de_bruijn_encoding_type: pulse_width}
# - {jd_start_obs: 2456987.1395601854}
# - {focal: 8.0}
# - {dfn_camera_codename: DFNSMALL36}
# - {point_picking_write_time: '2018-04-26T16:31:06'}
# - {tracking: 'NO'}
# - {point_picking_software: point_picker.py 1.5}
# - {obs_longitude: 134.186036667}
# - {sidereal_time_hms: 4h35m52.8854s}
# - {location_info: 'YES'}
# - {processing_filter: GREEN_INTERPOL}
# - {iso: '6400'}
# - {point_picking_user: martin}
# - {shutter_inversion: 'False'}
# - {camera_filter: RG/GB}
[...]
# - {triangulation_ra_eci_end: -14.91036325607215}
# - {triangulation_ra_eci_end_err: 0.021520224018896077}
# - {triangulation_dec_eci_end: -46.65428728808717}
# - {triangulation_dec_eci_end_err: 0.013887424888197846}
# - {triangulation_ra_ecef_end: 50.777890311629115}
# - {triangulation_ra_ecef_end_err: 0.021520224018896077}
# - {triangulation_dec_ecef_end: -47.73716719587527}
# - {triangulation_dec_ecef_end_err: 0.013887424888197846}
# - {triangulation_slope_end: 27.23374684233825}
# - {triangulation_slope_end_err: 0.014422129018313568}
# - {triangulation_azimuth_end: -131.34623865441898}
# - {triangulation_azimuth_end_err: 0.01567828623241846}
# - {triangulation_file_1: 36_2014-11-25_152058_DSC_0594-G_DN141125_01_2018-04-26_163106_martin_nocomment.ecsv}
# - {triangulation_file_2: 38_2014-11-25_152058_DSC_0559-G_DN141125_01_2018-04-26_163331_martin_nocomment.ecsv}
# - {triangulation_file_3: 40_2014-11-25_152058_DSC_0617-G_DN141125_01_2018-04-26_163631_martin_nocomment.ecsv}
# - {triangulation_file_4: 40_2014-11-25_152058_DSC_0617-G_DN141125_01_2018-04-26_163631_martin_nocomment.ecsv}
# - {triangulation_file_5: 38_2014-11-25_152058_DSC_0559-G_DN141125_01_2018-04-26_163331_martin_nocomment.ecsv}
# schema: astropy-2.0
x_image,y_image,time_err_minus,time_err_plus,de_bruijn_sequence_element_index,dash_start_end,zero_or_one,err_minus_x_image,err_plus_x_image,err_minus_y_image,err_plus_y_image,periodic_pulse,pick_flag,encoding_type,brightness_dash_V,flux_dash_V,aperture_exptime,datetime,altitude,azimuth,err_minus_altitude,err_plus_altitude,err_minus_azimuth,err_plus_azimuth,JD,m_V,longitude,latitude,height,X_geo,Y_geo,Z_geo,cross_track_error
[from data line 88]
3799.6218156,780.022776632,0.00065,5e-05,187,E,1,0.5,0.5,0.5,0.5,-,M,PW,nan,nan,nan,2014-11-25T15:21:19.786,37.2752528353,179.349484639,0.0316817075191,0.0316817075191,0.0290966912058,0.0290966912058,2456987.13981,nan,134.194175756829,-31.276396590850407,52882.616293997744,-3834942.769616862,3944360.329629996,-3319577.806928186,15.739768384440548
3808.64468933,780.080729947,0.00065,5e-05,188,S,1,0.5,0.5,0.5,0.5,-,M,PW,3166953.7439,51411586.7516,0.0616,2014-11-25T15:21:19.826,37.2734502735,179.039025493,0.03166372811,0.03166372811,0.0289518022422,0.0289518022422,2456987.13981,-6.73346147352,134.19800235626138,-31.2734819422522,52635.09483366796,-3835176.638141118,3944073.8043031204,-3319170.8137106886,11.474053335489222
3821.9392694,780.267031044,0.00065,5e-05,188,E,1,0.5,0.5,0.5,0.5,-,M,PW,nan,nan,nan,2014-11-25T15:21:19.886,37.2711149009,178.581575194,0.0316379234251,0.0316379234251,0.0289028147076,0.0289028147076,2456987.13981,nan,134.20357648377419,-31.26923570555096,52274.609500850944,-3835517.3030916206,3943656.436738981,-3318577.9664058425,7.943386458092912
3831.0271141,780.352398375,0.00065,5e-05,189,S,0,0.5,0.5,0.5,0.5,-,M,PW,2068216.48476,89147262.2742,0.0232,2014-11-25T15:21:19.926,37.2664202595,178.26896128,0.0316087523721,0.0316087523721,0.0289519777063,0.0289519777063,2456987.13981,-7.33107897967,134.20734281986321,-31.26636624590291,52031.08583765378,-3835747.4798477115,3943374.434402464,-3318177.3978434317,2.4597414473375188
3835.57675004,780.428279348,0.00065,5e-05,189,E,0,0.5,0.5,0.5,0.5,-,M,PW,nan,nan,nan,2014-11-25T15:21:19.946,37.2644964403,178.112447667,0.0317409265847,0.0317409265847,0.0289046003002,0.0289046003002,2456987.13981,nan,134.20921558725468,-31.26493933342042,51910.01140753344,-3835861.931300181,3943234.2135671275,-3317978.2219815413,0.822959104148907
3854.27728199,780.767132967,0.00065,5e-05,190,S,1,0.5,0.5,0.5,0.5,-,M,PW,3593517.4372,58336322.0324,0.0616,2014-11-25T15:21:20.026,37.2534505416,177.469264796,0.0318158029785,0.0318158029785,0.0285789734646,0.0285789734646,2456987.13982,-6.87065656452,134.21682382024585,-31.259141685290952,51418.24095534273,-3836326.8885252583,3942664.5686295624,-3317169.0731760976,-7.25846977058632
3868.27047668,781.139881345,0.00065,5e-05,190,E,1,0.5,0.5,0.5,0.5,-,M,PW,nan,nan,nan,2014-11-25T15:21:20.086,37.2445922882,176.988019711,0.0317914790266,0.0317914790266,0.0285331836181,0.0285331836181,2456987.13982,nan,134.22242605306167,-31.254871908176945,51056.23610443045,-3836669.2452256023,3942245.128408669,-3316573.28177814,-10.7540020897034
3877.96886805,781.384595821,0.00065,5e-05,191,S,1,0.5,0.5,0.5,0.5,-,M,PW,3674768.76926,59655337.1632,0.0616,2014-11-25T15:21:20.126,37.2359640981,176.65463157,0.0317209133571,0.0317209133571,0.0286699631803,0.0286699631803,2456987.13982,-6.89493221505,134.22626360842744,-31.25194672538784,50808.31227679176,-3836903.7567068366,3941957.8153594662,-3316165.1696450897,-15.103833672011463
3892.57070731,781.884980398,0.00065,5e-05,191,E,1,0.5,0.5,0.5,0.5,-,M,PW,nan,nan,nan,2014-11-25T15:21:20.186,37.223690218,176.152641141,0.0316160725063,0.0316160725063,0.0286894120251,0.0286894120251,2456987.13982,nan,134.2319752124387,-31.247592495312542,50439.39327682314,-3837252.7838748195,3941530.2027779412,-3315557.7698654784,-17.999837013370975
3902.27388026,782.306903648,0.00065,5e-05,192,S,1,0.5,0.5,0.5,0.5,-,M,PW,3633937.84594,58992497.499,0.0616,2014-11-25T15:21:20.226,37.2160590838,175.818998284,0.031477272212,0.031477272212,0.0287299577428,0.0287299577428,2456987.13982,-6.88280091049,134.23572780220894,-31.244731357294476,50197.0594005161,-3837482.0944064925,3941249.2617011014,-3315158.7087631417,-17.464482363354943
3916.92743147,783.000256605,0.00065,5e-05,192,E,1,0.5,0.5,0.5,0.5,-,M,PW,nan,nan,nan,2014-11-25T15:21:20.286,37.2029706884,175.315215765,0.0313861693741,0.0313861693741,0.0286798596587,0.0286798596587,2456987.13982,nan,134.24133063712293,-31.240458982454648,49835.314860202125,-3837824.4619648797,3940829.808177416,-3314562.898469312,-16.365012250343156
3927.18939972,783.597899153,0.00065,5e-05,193,S,0,0.5,0.5,0.5,0.5,-,M,PW,2371263.83861,102209648.216,0.0232,2014-11-25T15:21:20.326,37.1948196983,174.962260506,0.0313549918649,0.0313549918649,0.0287193122663,0.0287193122663,2456987.13982,-7.47953868735,134.245210505546,-31.237500063620214,49584.86485329256,-3838061.541212585,3940539.3492147997,-3314150.3177420325,-12.355953237744385
3931.86682377,783.892582552,0.00065,5e-05,193,E,0,0.5,0.5,0.5,0.5,-,M,PW,nan,nan,nan,2014-11-25T15:21:20.346,37.1911324358,174.801356944,0.0313300435989,0.0313300435989,0.0286763018539,0.0286763018539,2456987.13982,nan,134.24696711073634,-31.23616031713124,49471.48793649452,-3838168.877312593,3940407.845793216,-3313963.524479301,-10.00834106568529
3951.82877929,785.096402196,0.00065,5e-05,194,S,1,0.5,0.5,0.5,0.5,-,M,PW,3588471.92478,58254414.3633,0.0616,2014-11-25T15:21:20.426,37.1693358461,174.115188919,0.0311605752663,0.0311605752663,0.0285427372142,0.0285427372142,2456987.13982,-6.86913105504,134.2543786776202,-31.230506897604158,48993.217690918034,-3838621.7474964364,3939853.0093616336,-3313175.410329194,-5.181519647707801
3966.76920831,786.046601593,0.00065,5e-05,194,E,1,0.5,0.5,0.5,0.5,-,M,PW,nan,nan,nan,2014-11-25T15:21:20.486,37.1497572936,173.601909414,0.0310366853175,0.0310366853175,0.0284648249715,0.0284648249715,2456987.13982,nan,134.2598394171182,-31.226340826775473,48640.93411250408,-3838955.4073824515,3939444.224091321,-3312594.753693202,-2.567760438736797
3977.00913071,786.752626119,0.00065,5e-05,195,S,0,0.5,0.5,0.5,0.5,-,M,PW,2647890.92951,114133229.72,0.0232,2014-11-25T15:21:20.526,37.135626973,173.250156714,0.0310139467764,0.0310139467764,0.0285198896362,0.0285198896362,2456987.13982,-7.59933922106,134.26354114308253,-31.223516388238696,48402.1760392841,-3839181.5846053315,3939167.1218052246,-3312201.145378628,-0.005058739986166961
3982.05440299,787.072975729,0.00065,5e-05,195,E,0,0.5,0.5,0.5,0.5,-,M,PW,nan,nan,nan,2014-11-25T15:21:20.546,37.1271519391,173.077041054,0.0309673695124,0.0309673695124,0.0284987183754,0.0284987183754,2456987.13982,nan,134.26535211415816,-31.222134505899284,48285.38409808315,-3839292.2345864447,3939031.5583637226,-3312008.585084452,-0.32157397648578395
4002.74544687,788.542050783,0.00065,5e-05,196,S,1,0.5,0.5,0.5,0.5,-,M,PW,3650653.19034,59263850.4925,0.0616,2014-11-25T15:21:20.626,37.0921781845,172.367059081,0.0306796797284,0.0306796797284,0.028272598243,0.028272598243,2456987.13982,-6.88778361614,134.27269863660783,-31.216527977830552,47811.69209693563,-3839741.097494273,3938481.6314687002,-3311227.444656713,1.7284585964539958
4018.38124453,789.772049832,0.00065,5e-05,196,E,1,0.5,0.5,0.5,0.5,-,M,PW,nan,nan,nan,2014-11-25T15:21:20.686,37.0641575374,171.83069999,0.0307218997313,0.0307218997313,0.027953571031,0.027953571031,2456987.13982,nan,134.27816588458657,-31.212354918007964,47459.27166708742,-3840075.130671951,3938072.388858025,-3310646.1383942883,4.925111700023312
4029.28552865,790.605826839,0.00065,5e-05,197,S,0,0.5,0.5,0.5,0.5,-,M,PW,1928688.58116,83133128.4982,0.0232,2014-11-25T15:21:20.726,37.0412946076,171.457164515,0.0307218997313,0.0307218997313,0.027953571031,0.027953571031,2456987.13982,-7.25524426437,134.28193507663417,-31.20947760449526,47216.35760710408,-3840305.4132704563,3937790.256848084,-3310245.3856380237,4.548722870005715
4034.52066536,791.121995984,0.00065,5e-05,197,E,0,0.5,0.5,0.5,0.5,-,M,PW,nan,nan,nan,2014-11-25T15:21:20.746,37.0329711547,171.277351386,0.0307218997313,0.0307218997313,0.027953571031,0.027953571031,2456987.13982,nan,134.28373496351878,-31.208103511471975,47100.3740082228,-3840415.377962055,3937655.532992852,-3310054.0179292336,8.55373160106234
4055.50215543,792.930465387,0.00065,5e-05,198,S,0,0.5,0.5,0.5,0.5,-,M,PW,2335112.67134,100651408.247,0.0232,2014-11-25T15:21:20.826,36.9869772394,170.558853275,0.0305097222453,0.0305097222453,0.0281477399687,0.0281477399687,2456987.13982,-7.46285859256,134.2908640132522,-31.202660316705902,46641.07237112627,-3840850.9219171857,3937121.923887013,-3309296.0560092884,11.029302157261245
4060.66886275,793.409360917,0.00065,5e-05,198,E,0,0.5,0.5,0.5,0.5,-,M,PW,nan,nan,nan,2014-11-25T15:21:20.846,36.9754204618,170.381947494,0.0305097222453,0.0305097222453,0.0281477399687,0.0281477399687,2456987.13982,nan,134.29260137579888,-31.201333644505503,46529.161477682224,-3840957.062912835,3936991.884654201,-3309111.342544897,12.220314571540092
4082.29602027,795.271448258,0.00065,5e-05,199,S,1,0.5,0.5,0.5,0.5,-,M,PW,3629729.34081,58924177.6105,0.0616,2014-11-25T15:21:20.926,36.917652364,169.643307603,0.0306351970143,0.0306351970143,0.0280752398839,0.0280752398839,2456987.13983,-6.88154277826,134.299790882592,-31.19584299704106,46066.14550612541,-3841396.284938978,3936453.769339146,-3308346.9798065415,8.381592348714543
4098.61016395,796.81048497,0.00065,5e-05,199,E,1,0.5,0.5,0.5,0.5,-,M,PW,nan,nan,nan,2014-11-25T15:21:20.986,36.8724643347,169.086479574,0.0305489524755,0.0305489524755,0.0280516269183,0.0280516269183,2456987.13983,nan,134.30513483131722,-31.191761131021185,45722.081107378515,-3841722.749847961,3936053.7990350737,-3307778.844337565,7.422319952825535
4109.52998836,797.815951281,0.00065,5e-05,200,S,1,0.5,0.5,0.5,0.5,-,M,PW,4015355.67652,65184345.398,0.0616,2014-11-25T15:21:21.026,36.8388346611,168.71453841,0.0305489524755,0.0305489524755,0.0280516269183,0.0280516269183,2456987.13983,-6.9911672249,134.30867243082852,-31.189058690489844,45494.36094973389,-3841938.860040844,3935789.0304269264,-3307402.7553233854,4.221379050635965
4126.08096139,799.551084763,0.00065,5e-05,200,E,1,0.5,0.5,0.5,0.5,-,M,PW,nan,nan,nan,2014-11-25T15:21:21.086,36.7899620326,168.150318241,0.0304631843057,0.0304631843057,0.0279966420945,0.0279966420945,2456987.13983,nan,134.31398228967575,-31.185001912188074,45152.62438446365,-3842263.230995075,3935391.6255431976,-3306838.2638906664,5.128061918226817
4137.46893888,800.65176358,0.00065,5e-05,201,S,1,0.5,0.5,0.5,0.5,-,M,PW,4194304.27561,68089355.1236,0.0616,2014-11-25T15:21:21.126,36.7507804963,167.763470236,0.0304580029141,0.0304580029141,0.0279652656996,0.0279652656996,2456987.13983,-7.03850700596,134.3175936481272,-31.18224247741494,44920.24691729786,-3842483.8393302597,3935121.346010921,-3306454.3469166784,0.46454073322980155
4154.41916887,802.454081468,0.00065,5e-05,201,E,1,0.5,0.5,0.5,0.5,-,M,PW,nan,nan,nan,2014-11-25T15:21:21.186,36.6929593068,167.187614341,0.030373822123,0.030373822123,0.0279265200701,0.0279265200701,2456987.13983,nan,134.32291524041867,-31.178175774615216,44577.88943156961,-3842808.9155883966,3934723.077020178,-3305888.6280682273,-2.7000182314470673
4166.1345671,803.748844528,0.00065,5e-05,202,S,0,0.5,0.5,0.5,0.5,-,M,PW,2820491.17134,121572895.316,0.0232,2014-11-25T15:21:21.226,36.6514333862,166.790042023,0.030416545671,0.030416545671,0.0279457150414,0.0279457150414,2456987.13983,-7.66790085288,134.32655491751183,-31.175394043484584,44343.781778711025,-3843031.24597506,3934450.687706928,-3305501.7142682485,-4.781622164519342
4172.29636323,804.432572255,0.00065,5e-05,202,E,0,0.5,0.5,0.5,0.5,-,M,PW,nan,nan,nan,2014-11-25T15:21:21.246,36.6286942872,166.581190956,0.0305631495834,0.0305631495834,0.028039383449,0.028039383449,2456987.13983,nan,134.32845648891185,-31.173940604682496,44221.48570061713,-3843147.402565324,3934308.377812511,-3305299.571014659,-6.348052592788662
4195.44900957,807.221666003,0.00065,5e-05,203,S,1,0.5,0.5,0.5,0.5,-,M,PW,4058999.14042,65892843.1886,0.0616,2014-11-25T15:21:21.326,36.5435930261,165.796393398,0.0304150456246,0.0304150456246,0.0280644608289,0.0280644608289,2456987.13983,-7.00290457146,134.3355309407684,-31.168532707247483,43766.59501478468,-3843579.534462794,3933778.9490081454,-3304547.546979387,-7.487574006986145
4212.54107057,809.35153834,0.00065,5e-05,203,E,1,0.5,0.5,0.5,0.5,-,M,PW,nan,nan,nan,2014-11-25T15:21:21.386,36.4767182028,165.218237865,0.0303155581245,0.0303155581245,0.0280593608816,0.0280593608816,2456987.13983,nan,134.3406794482906,-31.16459641644159,43435.632393301494,-3843894.0154673825,3933393.6608513813,-3304000.266680311,-9.27311283154755
4224.22194658,810.821118234,0.00065,5e-05,204,S,0,0.5,0.5,0.5,0.5,-,M,PW,2631584.65993,113430373.273,0.0232,2014-11-25T15:21:21.426,36.428451135,164.823929492,0.0302825609064,0.0302825609064,0.0280821539779,0.0280821539779,2456987.13983,-7.59263235662,134.34416216549306,-31.161933401620363,43211.7946012572,-3844106.7430943768,3933133.0364126987,-3303630.064227304,-11.711379368837934
4230.01471567,811.591281207,0.00065,5e-05,204,E,0,0.5,0.5,0.5,0.5,-,M,PW,nan,nan,nan,2014-11-25T15:21:21.446,36.4048087971,164.628300514,0.0302559655701,0.0302559655701,0.0280539729952,0.0280539729952,2456987.13983,nan,134.34587991022966,-31.160619859961983,43101.40601360991,-3844211.663476942,3933004.4926208137,-3303447.4749531928,-11.911412012096463
4253.29890749,814.864922976,0.00065,5e-05,205,S,0,0.5,0.5,0.5,0.5,-,M,PW,2251629.15264,97052980.7172,0.0232,2014-11-25T15:21:21.526,36.3088943431,163.842237257,0.0302112160797,0.0302112160797,0.0279916711218,0.0279916711218,2456987.13983,-7.42333114875,134.35272017651494,-31.155388587317486,42661.908079740024,-3844629.462035051,3932492.6243871087,-3302720.394727364,-9.69453697187062
4259.01556563,815.764475721,0.00065,5e-05,205,E,0,0.5,0.5,0.5,0.5,-,M,PW,nan,nan,nan,2014-11-25T15:21:21.546,36.2866143861,163.648802113,0.0301967847444,0.0301967847444,0.0280085406506,0.0280085406506,2456987.13983,nan,134.35438593712234,-31.154114510088636,42554.90034373744,-3844731.203796658,3932367.9749004194,-3302543.3370961924,-6.516247081533735
4282.58035711,819.3448423,0.00065,5e-05,206,S,1,0.5,0.5,0.5,0.5,-,M,PW,4160346.69575,67538095.7103,0.0616,2014-11-25T15:21:21.626,36.18504399,162.854646401,0.0300933429208,0.0300933429208,0.0279012966595,0.0279012966595,2456987.13983,-7.0296809815,134.36118021947433,-31.14891723972155,42118.51981774927,-3845146.1798527716,3931859.5646707765,-3301821.168771921,-1.7165606332699743
4300.13105063,821.999033797,0.00065,5e-05,206,E,1,0.5,0.5,0.5,0.5,-,M,PW,nan,nan,nan,2014-11-25T15:21:21.686,36.1027106735,162.265508908,0.0292646824664,0.0292646824664,0.0278913862181,0.0278913862181,2456987.13983,nan,134.3661705808301,-31.145099280027033,41798.08392143125,-3845450.97033101,3931486.1489164187,-3301290.7525571045,-2.322471866453081
4311.88448132,823.74705985,0.00065,5e-05,207,S,0,0.5,0.5,0.5,0.5,-,M,PW,2430382.89893,104757883.575,0.0232,2014-11-25T15:21:21.726,36.0437401899,161.872410388,0.029230852436,0.029230852436,0.0279133423831,0.0279133423831,2456987.13983,-7.50627574296,134.36947917582046,-31.142567706345325,41585.67465508497,-3845653.042237657,3931238.5793929505,-3300939.093881729,-5.526303955879087
4317.82087158,824.718053509,0.00065,5e-05,207,E,0,0.5,0.5,0.5,0.5,-,M,PW,nan,nan,nan,2014-11-25T15:21:21.746,36.0155239244,161.673282485,0.029230852436,0.029230852436,0.0279133423831,0.0279133423831,2456987.13984,nan,134.37114370851606,-31.141294004351824,41478.82462613855,-3845754.7023130464,3931114.0299845864,-3300762.178406227,-4.527019681423148
4341.94511653,828.638468427,0.00065,5e-05,208,S,1,0.5,0.5,0.5,0.5,-,M,PW,4084214.11657,66302177.217,0.0616,2014-11-25T15:21:21.826,35.8938252684,160.866763502,0.029167164811,0.029167164811,0.0278554393933,0.0278554393933,2456987.13984,-7.00962842828,134.3778418234943,-31.136168034165674,41048.93698193177,-3846163.777916522,3930612.848727402,-3300050.2784334207,-5.070707442921464
