outputs/SLLS_triangulation/36_2014-11-25_152058_DSC_0594-G_DN141125_01_2018-04-26_163106_martin_nocomment.ecsv
# %ECSV 0.9
# ---
# datatype:
# - {name: x_image, unit: pix, datatype: float64}
# - {name: y_image, unit: pix, datatype: float64}
# - {name: time_err_minus, unit: s, datatype: float64}
# - {name: time_err_plus, unit: s, datatype: float64}
# - {name: de_bruijn_sequence_element_index, datatype: object}
# - {name: dash_start_end, datatype: object}
# - {name: zero_or_one, datatype: int64}
# - {name: err_minus_x_image, unit: pix, datatype: float64}
# - {name: err_plus_x_image, unit: pix, datatype: float64}
# - {name: err_minus_y_image, unit: pix, datatype: float64}
# - {name: err_plus_y_image, unit: pix, datatype: float64}
# - {name: periodic_pulse, datatype: object}
# - {name: pick_flag, datatype: object}
# - {name: encoding_type, datatype: object}
# - {name: brightness_dash_V, unit: adu, datatype: float64}
# - {name: flux_dash_V, unit: adu / s, datatype: float64}
# - {name: aperture_exptime, unit: s, datatype: float64}
# - {name: datetime, datatype: string}
# - {name: altitude, datatype: float64}
# - {name: azimuth, datatype: float64}
# - {name: err_minus_altitude, datatype: float64}
# - {name: err_plus_altitude, datatype: float64}
# - {name: err_minus_azimuth, datatype: float64}
# - {name: err_plus_azimuth, datatype: float64}
# - {name: JD, datatype: float64, description: Julian Date}
# - {name: m_V, unit: adu / s, datatype: float64}
# - {name: longitude, unit: deg, datatype: float64}
# - {name: latitude, unit: deg, datatype: float64}
# - {name: height, unit: m, datatype: float64}
# - {name: X_geo, unit: m, datatype: float64}
# - {name: Y_geo, unit: m, datatype: float64}
# - {name: Z_geo, unit: m, datatype: float64}
# - {name: cross_track_error, unit: m, datatype: float64}
# delimiter: ','
# meta: !!omap
# - {origin: Desert Fireball Network}
# - {exposure_time: 25.0}
# - {lens_type: Fisheye}
# - {telescope: DFNSMALL36}
# - {observer: 'DFN automated software http://adsabs.harvard.edu/abs/2012M%26PSA..75.5123T'}
# - {creator: raw_to_fits 6.0}
# - {timing_correction_dictionary_version: DEBUG}
# - {isodate_mid_obs: '2014-11-25T15:21:10.500'}
# - {sidereal_time_hour: 4.598023724157567}
# - {point_picking_user_comment: nocomment}
# - {point_picking_hostname: work-desktop-debian}
# - {obs_latitude: -30.6607733333}
# - {original_raw_filename: 36_2014-11-25_152058_DSC_0594.NEF}
# - {cropped: false}
# - {obs_elevation: 149.1}
# - {instrument: Nikon D800E}
# - {gps_lock: Y}
# - {filter_pattern: RG/GB}
# - {location: Mulgathing}
# - {aperture: 4.0}
# - {isodate_start_obs: '2014-11-25T15:20:58'}
# - {image_file: 36_2014-11-25_152058_DSC_0594-G.tiff}
# - {timing_corrected: true}
# - {NAXIS2: 4924}
# - {NAXIS1: 7378}
# - {event_codename: DN141125_01}
# - {jd_mid_obs: 2456987.139704861}
# - {lens: Samyang_8mm_F3.5}
# - {timing_de_bruijn_encoding_type: pulse_width}
# - {jd_start_obs: 2456987.1395601854}
# - {focal: 8.0}
# - {dfn_camera_codename: DFNSMALL36}
# - {point_picking_write_time: '2018-04-26T16:31:06'}
# - {tracking: 'NO'}
# - {point_picking_software: point_picker.py 1.5}
# - {obs_longitude: 134.186036667}
# - {sidereal_time_hms: 4h35m52.8854s}
# - {location_info: 'YES'}
# - {processing_filter: GREEN_INTERPOL}
# - {iso: '6400'}
# - {point_picking_user: martin}
# - {shutter_inversion: 'False'}
# - {camera_filter: RG/GB}
[...]
# - {triangulation_ra_eci_end: -14.91036325607215}
# - {triangulation_ra_eci_end_err: 0.021520224018896077}
# - {triangulation_dec_eci_end: -46.65428728808717}
# - {triangulation_dec_eci_end_err: 0.013887424888197846}
# - {triangulation_ra_ecef_end: 50.777890311629115}
# - {triangulation_ra_ecef_end_err: 0.021520224018896077}
# - {triangulation_dec_ecef_end: -47.73716719587527}
# - {triangulation_dec_ecef_end_err: 0.013887424888197846}
# - {triangulation_slope_end: 27.23374684233825}
# - {triangulation_slope_end_err: 0.014422129018313568}
# - {triangulation_azimuth_end: -131.34623865441898}
# - {triangulation_azimuth_end_err: 0.01567828623241846}
# - {triangulation_file_1: 36_2014-11-25_152058_DSC_0594-G_DN141125_01_2018-04-26_163106_martin_nocomment.ecsv}
# - {triangulation_file_2: 38_2014-11-25_152058_DSC_0559-G_DN141125_01_2018-04-26_163331_martin_nocomment.ecsv}
# - {triangulation_file_3: 40_2014-11-25_152058_DSC_0617-G_DN141125_01_2018-04-26_163631_martin_nocomment.ecsv}
# - {triangulation_file_4: 40_2014-11-25_152058_DSC_0617-G_DN141125_01_2018-04-26_163631_martin_nocomment.ecsv}
# - {triangulation_file_5: 38_2014-11-25_152058_DSC_0559-G_DN141125_01_2018-04-26_163331_martin_nocomment.ecsv}
# schema: astropy-2.0
x_image,y_image,time_err_minus,time_err_plus,de_bruijn_sequence_element_index,dash_start_end,zero_or_one,err_minus_x_image,err_plus_x_image,err_minus_y_image,err_plus_y_image,periodic_pulse,pick_flag,encoding_type,brightness_dash_V,flux_dash_V,aperture_exptime,datetime,altitude,azimuth,err_minus_altitude,err_plus_altitude,err_minus_azimuth,err_plus_azimuth,JD,m_V,longitude,latitude,height,X_geo,Y_geo,Z_geo,cross_track_error
[from data line 44]
3409.80282154,794.923592395,0.00065,5e-05,165,E,1,0.5,0.5,0.5,0.5,-,M,PW,nan,nan,nan,2014-11-25T15:21:17.586,36.4675436072,192.666267646,0.0310789877666,0.0310789877666,0.0301533512214,0.0301533512214,2456987.13979,nan,133.98254169035923,-31.4371342992461,66636.4433052729,-3822002.7523122625,3960213.864002623,-3342096.8667034083,24.712503787196393
3415.38266462,794.445464532,0.00065,5e-05,166,S,0,0.5,0.5,0.5,0.5,-,M,PW,212830.007787,9173707.23221,0.0232,2014-11-25T15:21:17.626,36.4904309818,192.478320439,0.0310104301511,0.0310104301511,0.0301076313439,0.0301076313439,2456987.13979,-4.86217114359,133.98643008270875,-31.434189178470767,66382.6010393036,-3822240.603313982,3959922.459521272,-3341682.9429195966,26.31884129173995
3418.16981775,794.211791287,0.00065,5e-05,166,E,0,0.5,0.5,0.5,0.5,-,M,PW,nan,nan,nan,2014-11-25T15:21:17.646,36.5018083916,192.384414671,0.0310104301511,0.0310104301511,0.0301076313439,0.0301076313439,2456987.13979,nan,133.98835980269655,-31.43272746943256,66256.6407929534,-3822358.6418861644,3959777.843906212,-3341477.524518663,27.22520830963538
3429.61382572,793.229990357,0.00065,5e-05,167,S,1,0.5,0.5,0.5,0.5,-,M,PW,628233.454987,10198595.0485,0.0616,2014-11-25T15:21:17.726,36.5464426767,191.998237955,0.0309677929845,0.0309677929845,0.0300628877281,0.0300628877281,2456987.13979,-4.97715982293,133.99619959850364,-31.426788271245147,65745.01530045363,-3822838.182715299,3959190.331784798,-3340642.9963768725,28.36949603250253
3438.29039759,792.527531299,0.00065,5e-05,167,E,1,0.5,0.5,0.5,0.5,-,M,PW,nan,nan,nan,2014-11-25T15:21:17.786,36.5799664742,191.705295029,0.0317739190156,0.0317739190156,0.0299399067559,0.0299399067559,2456987.13979,nan,134.00205281391808,-31.422353240274333,65363.14730942129,-3823196.199182048,3958751.7059137523,-3340019.9528348544,30.216834206330436
3444.34169777,792.033560752,0.00065,5e-05,168,S,1,0.5,0.5,0.5,0.5,-,M,PW,777901.951214,12628278.4288,0.0616,2014-11-25T15:21:17.826,36.6024431541,191.500731003,0.0317660022419,0.0317660022419,0.0298772123002,0.0298772123002,2456987.13979,-5.20916932517,134.00609077883036,-31.41929323757147,65099.76396023178,-3823443.179375567,3958449.1167521505,-3339590.1418376793,30.574122818269643
3453.24108821,791.260841353,0.00065,5e-05,168,E,1,0.5,0.5,0.5,0.5,-,M,PW,nan,nan,nan,2014-11-25T15:21:17.886,36.6329721894,191.199246455,0.0316815090438,0.0316815090438,0.0298431855886,0.0298431855886,2456987.13979,nan,134.01196593022163,-31.414840413127187,64716.62912874339,-3823802.522819844,3958008.865127186,-3338964.789003056,27.500147787105874
3459.17460284,790.744876301,0.00065,5e-05,169,S,0,0.5,0.5,0.5,0.5,-,M,PW,355257.341637,15312816.4499,0.0232,2014-11-25T15:21:17.926,36.6525236456,190.998031179,0.0316728940183,0.0316728940183,0.029898018118,0.029898018118,2456987.13979,-5.41844664549,134.01584071219602,-31.41190330404381,64463.99724627357,-3824039.512353376,3957718.5160783892,-3338552.3644022164,24.75443313276142
3462.18949454,790.457892795,0.00065,5e-05,169,E,0,0.5,0.5,0.5,0.5,-,M,PW,nan,nan,nan,2014-11-25T15:21:17.946,36.6614927289,190.895568031,0.0316728940183,0.0316728940183,0.029898018118,0.029898018118,2456987.13979,nan,134.01779761689644,-31.41041984298305,64336.42514350808,-3824159.1991738896,3957571.8811026937,-3338344.07761233,21.791901715265983
3474.28537308,789.446190395,0.00065,5e-05,170,S,1,0.5,0.5,0.5,0.5,-,M,PW,1212767.33044,19687781.3383,0.0616,2014-11-25T15:21:18.026,36.699935476,190.485010952,0.0315967140453,0.0315967140453,0.0299593928009,0.0299593928009,2456987.13979,-5.69130089661,134.02555844940042,-31.40453586706533,63830.59706658285,-3824633.852179655,3956990.357325341,-3337518.0555786868,16.289731968753095
3483.35609451,788.719954429,0.00065,5e-05,170,E,1,0.5,0.5,0.5,0.5,-,M,PW,nan,nan,nan,2014-11-25T15:21:18.086,36.7280055607,190.176931956,0.0315264757187,0.0315264757187,0.0298965734341,0.0298965734341,2456987.13979,nan,134.03128941650232,-31.400190080704075,63457.17877763655,-3824984.34871628,3956560.944538629,-3336908.0987081914,12.542004322032207
3489.43297478,788.295131375,0.00065,5e-05,171,S,0,0.5,0.5,0.5,0.5,-,M,PW,474760.283349,20463805.3168,0.0232,2014-11-25T15:21:18.126,36.7478015844,189.970720571,0.0315251353348,0.0315251353348,0.0295232958041,0.0295232958041,2456987.13979,-5.7332749422,134.03508575746415,-31.3973109547883,63209.86790562286,-3825216.522127655,3956276.4959887546,-3336504.0554363863,12.710595449662964
3492.48619729,788.079915836,0.00065,5e-05,171,E,0,0.5,0.5,0.5,0.5,-,M,PW,nan,nan,nan,2014-11-25T15:21:18.146,36.7574481503,189.867041699,0.0315251353348,0.0315251353348,0.0295232958041,0.0295232958041,2456987.13979,nan,134.0369809762655,-31.39587352164968,63086.41998595617,-3825332.4269556263,3956134.494542316,-3336302.3503159154,12.490637971376499
3505.06794665,787.212897681,0.00065,5e-05,172,S,1,0.5,0.5,0.5,0.5,-,M,PW,1373668.328,22299810.5195,0.0616,2014-11-25T15:21:18.226,36.7960321746,189.439504041,0.0315502941845,0.0315502941845,0.0294223958163,0.0294223958163,2456987.13979,-5.82656188571,134.0447052850046,-31.390014252652893,62583.390464873235,-3825804.8087798147,3955555.75331574,-3335480.280740177,11.199696755547755
3514.67353246,786.558491727,0.00065,5e-05,172,E,1,0.5,0.5,0.5,0.5,-,M,PW,nan,nan,nan,2014-11-25T15:21:18.286,36.823811401,189.112710195,0.0315502941845,0.0315502941845,0.0294223958163,0.0294223958163,2456987.13979,nan,134.05051201508957,-31.38560876961658,62205.3502020835,-3826159.910751833,3955120.698154169,-3334862.309191458,9.06063053619999
3521.15221778,786.199209458,0.00065,5e-05,173,S,1,0.5,0.5,0.5,0.5,-,M,PW,1730604.08593,28094222.1742,0.0616,2014-11-25T15:21:18.326,36.8440346625,188.892542264,0.0315502941845,0.0315502941845,0.0294223958163,0.0294223958163,2456987.1398,-6.07735148495,134.05438322673166,-31.38267135906404,61953.3724691104,-3826396.6442448813,3954830.662794799,-3334450.3301689215,11.225054923585152
3531.31065417,785.599953358,0.00065,5e-05,173,E,1,0.5,0.5,0.5,0.5,-,M,PW,nan,nan,nan,2014-11-25T15:21:18.386,36.8731811739,188.546786665,0.0316549951728,0.0316549951728,0.0295233830465,0.0295233830465,2456987.1398,nan,134.06038582349527,-31.378116091701447,61562.746254544516,-3826763.709382317,3954380.950894394,-3333811.539541619,11.460442368496876
3537.68953687,785.24411777,0.00065,5e-05,174,S,1,0.5,0.5,0.5,0.5,-,M,PW,1815344.38069,29469876.3099,0.0616,2014-11-25T15:21:18.426,36.8911450863,188.329576086,0.0317057432692,0.0317057432692,0.0295744554274,0.0295744554274,2456987.1398,-6.12925473612,134.06411269370744,-31.37528746849394,61320.26688732994,-3826991.6068767537,3954101.741008005,-3333414.9374985895,11.91683999708112
3547.68947679,784.659568182,0.00065,5e-05,174,E,1,0.5,0.5,0.5,0.5,-,M,PW,nan,nan,nan,2014-11-25T15:21:18.486,36.9170542581,187.988627196,0.0315788888364,0.0315788888364,0.0294694503655,0.0294694503655,2456987.1398,nan,134.06989201477055,-31.370900520460598,60944.32758273465,-3827345.0044982857,3953668.7739409385,-3332799.931971443,10.053717087387714
3554.44728276,784.286868495,0.00065,5e-05,175,S,0,0.5,0.5,0.5,0.5,-,M,PW,1207732.28111,52057425.9099,0.0232,2014-11-25T15:21:18.526,36.9342088487,187.758130796,0.0315199516248,0.0315199516248,0.0294352576747,0.0294352576747,2456987.1398,-6.74701567773,134.0737537734849,-31.367968773975274,60693.176446867124,-3827581.1411167705,3953379.4698457685,-3332388.991668844,9.157116190435122
3557.8614283,784.098390311,0.00065,5e-05,175,E,0,0.5,0.5,0.5,0.5,-,M,PW,nan,nan,nan,2014-11-25T15:21:18.546,36.9425590977,187.641620573,0.0315199516248,0.0315199516248,0.0294352576747,0.0294352576747,2456987.1398,nan,134.07569171392467,-31.366497426820303,60567.15752926321,-3827699.6397829615,3953234.2905439683,-3332182.7725823913,8.449574277946972
3571.76279963,783.344154146,0.00065,5e-05,176,S,1,0.5,0.5,0.5,0.5,-,M,PW,2476557.75658,40203859.6847,0.0616,2014-11-25T15:21:18.626,36.9747900891,187.166898417,0.0311280239769,0.0311280239769,0.0294947510217,0.0294947510217,2456987.1398,-6.46647832498,134.08349309875285,-31.360573596652483,60059.96229753763,-3828176.659208975,3952649.867533651,-3331352.6323503135,4.574721267952931
3582.42303743,782.777042177,0.00065,5e-05,176,E,1,0.5,0.5,0.5,0.5,-,M,PW,nan,nan,nan,2014-11-25T15:21:18.686,36.9974888485,186.802511187,0.0311731311461,0.0311731311461,0.029568843012,0.029568843012,2456987.1398,nan,134.08938048265148,-31.356102313309904,59677.31674233355,-3828536.6360322637,3952208.8399208565,-3330726.177268336,0.3847673066039079
3589.45447664,782.422070966,0.00065,5e-05,177,S,1,0.5,0.5,0.5,0.5,-,M,PW,2401770.9898,38989788.7954,0.0616,2014-11-25T15:21:18.726,37.0119079535,186.562066176,0.0312346056411,0.0312346056411,0.0296304499505,0.0296304499505,2456987.1398,-6.43318616014,134.09321942639704,-31.353186379465583,59427.860555018706,-3828771.358836999,3951921.2679674877,-3330317.6973763835,-2.24840674628286
3600.34461163,781.969277121,0.00065,5e-05,177,E,1,0.5,0.5,0.5,0.5,-,M,PW,nan,nan,nan,2014-11-25T15:21:18.786,37.0353596866,186.189778731,0.0316030211796,0.0316030211796,0.0295259597687,0.0295259597687,2456987.1398,nan,134.09909609099628,-31.34872208493457,59046.073030744345,-3829130.6659480296,3951481.0608564024,-3329692.407771239,-2.743343850234277
3607.3306374,781.657597937,0.00065,5e-05,178,S,0,0.5,0.5,0.5,0.5,-,M,PW,1460463.38995,62951008.1876,0.0232,2014-11-25T15:21:18.826,37.0486520653,185.950701516,0.0316030211796,0.0316030211796,0.0295259597687,0.0295259597687,2456987.1398,-6.95331567829,134.10282389735846,-31.34588984103345,58803.940300955124,-3829358.5845262543,3951201.825139093,-3329295.7690368304,-4.985956470529992
3610.93541913,781.536966014,0.00065,5e-05,178,E,0,0.5,0.5,0.5,0.5,-,M,PW,nan,nan,nan,2014-11-25T15:21:18.846,37.0563600001,185.827433899,0.0317078827784,0.0317078827784,0.0294930169321,0.0294930169321,2456987.1398,nan,134.10473415553133,-31.34443839172357,58679.87824275758,-3829475.376620607,3951058.7366532986,-3329092.519837692,-4.383887514977434
3625.3079633,781.113043604,0.00065,5e-05,179,S,0,0.5,0.5,0.5,0.5,-,M,PW,1605216.18292,69190352.7121,0.0232,2014-11-25T15:21:18.926,37.0864635202,185.335784396,0.0317078827784,0.0317078827784,0.0294930169321,0.0294930169321,2456987.1398,-7.05592281479,134.11226534149702,-31.33871534090678,58190.86443668639,-3829935.820157256,3950494.6216862863,-3328291.226046436,-0.9391830593159
3628.46882389,781.087010084,0.00065,5e-05,179,E,0,0.5,0.5,0.5,0.5,-,M,PW,nan,nan,nan,2014-11-25T15:21:18.946,37.0945821967,185.227799115,0.0317078827784,0.0317078827784,0.0294930169321,0.0294930169321,2456987.1398,nan,134.11390307961128,-31.337470649948227,58084.54428338632,-3830035.9467277774,3950371.9510599645,-3328116.9792758496,2.7659526525217863
3643.11817139,780.674053348,0.00065,5e-05,180,S,0,0.5,0.5,0.5,0.5,-,M,PW,1737850.89833,74907366.3071,0.0232,2014-11-25T15:21:19.026,37.1211763405,184.726033055,0.0315348593234,0.0315348593234,0.0293328325276,0.0293328325276,2456987.1398,-7.14212027309,134.1214144765283,-31.331761249295077,57597.00972318479,-3830495.1632407336,3949809.339387873,-3327317.8208310343,3.620353080421798
3646.86753795,780.600443099,0.00065,5e-05,180,E,0,0.5,0.5,0.5,0.5,-,M,PW,nan,nan,nan,2014-11-25T15:21:19.046,37.1283154395,184.597619748,0.0316026102091,0.0316026102091,0.0293155903812,0.0293155903812,2456987.1398,nan,134.1233153047363,-31.33031625238403,57473.659875527,-3830611.3699825658,3949666.968049984,-3327115.5903004245,4.945950785364334
3662.50957762,780.076584414,0.00065,5e-05,181,S,1,0.5,0.5,0.5,0.5,-,M,PW,3043359.86956,49405192.6877,0.0616,2014-11-25T15:21:19.126,37.1489127467,184.06097179,0.0315669924938,0.0315669924938,0.0292114754416,0.0292114754416,2456987.1398,-6.69024044712,134.13115526816765,-31.324355594191466,56965.01143825128,-3831090.6550318873,3949079.7692986336,-3326281.5072833016,-2.149693039115513
3674.54730569,779.71484787,0.00065,5e-05,181,E,1,0.5,0.5,0.5,0.5,-,M,PW,nan,nan,nan,2014-11-25T15:21:19.186,37.1629847396,183.647805886,0.0315055999449,0.0315055999449,0.0291641694754,0.0291641694754,2456987.13981,nan,134.1370895693591,-31.31984297037324,56580.115763221285,-3831453.429957758,3948635.3135748557,-3325650.1827612137,-7.731589864138924
3682.79121482,779.463256189,0.00065,5e-05,182,S,1,0.5,0.5,0.5,0.5,-,M,PW,3069827.99037,49834869.9735,0.0616,2014-11-25T15:21:19.226,37.1709943338,183.364723963,0.0314400066901,0.0314400066901,0.0291095463792,0.0291095463792,2456987.13981,-6.69964227715,134.1411052524234,-31.316788919270802,56319.71708474596,-3831698.91120691,3948334.5608533053,-3325222.9803245226,-12.797729429523221
3694.87604986,779.239687109,0.00065,5e-05,182,E,1,0.5,0.5,0.5,0.5,-,M,PW,nan,nan,nan,2014-11-25T15:21:19.286,37.1848412349,182.949876175,0.0313856495461,0.0313856495461,0.0290412179492,0.0290412179492,2456987.13981,nan,134.1469218781181,-31.31236461863968,55942.6162820911,-3832054.4781206464,3947898.9360657954,-3324604.199653984,-14.816171577201644
3703.22582847,779.144467656,0.00065,5e-05,183,S,1,0.5,0.5,0.5,0.5,-,M,PW,2870702.71283,46602316.7668,0.0616,2014-11-25T15:21:19.326,37.1946318089,182.663222753,0.0313215247048,0.0313215247048,0.0289873017035,0.0289873017035,2456987.13981,-6.62682772238,134.15089345091084,-31.309343328582663,55685.18800183104,-3832297.2532117125,3947601.4988089176,-3324181.706649612,-14.492490584832419
3715.15871009,779.09691426,0.00065,5e-05,183,E,1,0.5,0.5,0.5,0.5,-,M,PW,nan,nan,nan,2014-11-25T15:21:19.386,37.2090750373,182.253509561,0.0315065762333,0.0315065762333,0.0289501283927,0.0289501283927,2456987.13981,nan,134.15650391632238,-31.305074743187394,55321.60636750586,-3832640.204193492,3947181.330500809,-3323584.8810444465,-11.425291414562128
3723.72091803,779.072831928,0.00065,5e-05,184,S,0,0.5,0.5,0.5,0.5,-,M,PW,1824688.42668,78650363.2189,0.0232,2014-11-25T15:21:19.426,37.2181505687,181.959407319,0.0314557856979,0.0314557856979,0.0290315996396,0.0290315996396,2456987.13981,-7.195060785,134.16048325535704,-31.302046775354803,55063.782441876385,-3832883.444568658,3946883.323198521,-3323161.57832242,-9.908445264546392
3727.63030864,779.156626756,0.00065,5e-05,184,E,0,0.5,0.5,0.5,0.5,-,M,PW,nan,nan,nan,2014-11-25T15:21:19.446,37.2246814648,181.825200723,0.0314071638249,0.0314071638249,0.0289822318884,0.0289822318884,2456987.13981,nan,134.16228753741672,-31.300673751593514,54946.89658895132,-3832993.7315035607,3946748.2045451086,-3322969.6498248735,-5.093167372028808
3743.99376102,779.345865451,0.00065,5e-05,185,S,1,0.5,0.5,0.5,0.5,-,M,PW,2956759.93618,47999349.6133,0.0616,2014-11-25T15:21:19.526,37.2441977753,181.262969992,0.0315519962535,0.0315519962535,0.028928510898,0.028928510898,2456987.13981,-6.65889733542,134.1697555834929,-31.294990014172924,54463.19589642668,-3833450.2080576117,3946188.949748952,-3322175.2596347607,5.227397524796191
3756.29816412,779.552214247,0.00065,5e-05,185,E,1,0.5,0.5,0.5,0.5,-,M,PW,nan,nan,nan,2014-11-25T15:21:19.586,37.2575908856,180.839984936,0.0317350528278,0.0317350528278,0.0288360776261,0.0288360776261,2456987.13981,nan,134.17528375901225,-31.290781937230673,54105.24088052233,-3833788.1031601904,3945774.975679445,-3321587.2325994316,13.589952875158827
3764.88642652,779.693712968,0.00065,5e-05,186,S,0,0.5,0.5,0.5,0.5,-,M,PW,1880894.83014,81073053.0233,0.0232,2014-11-25T15:21:19.626,37.2652375996,180.544626882,0.0317350528278,0.0317350528278,0.0288360776261,0.0288360776261,2456987.13981,-7.22800027313,134.1790988973002,-31.28787747371102,53858.25712078686,-3834021.2889922895,3945489.286756674,-3321181.427447231,18.11537773467201
3769.10946879,779.737025937,0.00065,5e-05,186,E,0,0.5,0.5,0.5,0.5,-,M,PW,nan,nan,nan,2014-11-25T15:21:19.646,37.2677229303,180.399354847,0.03161738871,0.03161738871,0.0291534705643,0.0291534705643,2456987.13981,nan,134.18096187681584,-31.286459081263693,53737.66681668117,-3834135.1552311885,3945349.782899007,-3320983.2700120606,18.782540438894
