outputs/SLLS_triangulation/36_2014-11-25_152058_DSC_0594-G_DN141125_01_2018-04-26_163106_martin_nocomment.ecsv
# %ECSV 0.9
# ---
# datatype:
# - {name: x_image, unit: pix, datatype: float64}
# - {name: y_image, unit: pix, datatype: float64}
# - {name: time_err_minus, unit: s, datatype: float64}
# - {name: time_err_plus, unit: s, datatype: float64}
# - {name: de_bruijn_sequence_element_index, datatype: object}
# - {name: dash_start_end, datatype: object}
# - {name: zero_or_one, datatype: int64}
# - {name: err_minus_x_image, unit: pix, datatype: float64}
# - {name: err_plus_x_image, unit: pix, datatype: float64}
# - {name: err_minus_y_image, unit: pix, datatype: float64}
# - {name: err_plus_y_image, unit: pix, datatype: float64}
# - {name: periodic_pulse, datatype: object}
# - {name: pick_flag, datatype: object}
# - {name: encoding_type, datatype: object}
# - {name: brightness_dash_V, unit: adu, datatype: float64}
# - {name: flux_dash_V, unit: adu / s, datatype: float64}
# - {name: aperture_exptime, unit: s, datatype: float64}
# - {name: datetime, datatype: string}
# - {name: altitude, datatype: float64}
# - {name: azimuth, datatype: float64}
# - {name: err_minus_altitude, datatype: float64}
# - {name: err_plus_altitude, datatype: float64}
# - {name: err_minus_azimuth, datatype: float64}
# - {name: err_plus_azimuth, datatype: float64}
# - {name: JD, datatype: float64, description: Julian Date}
# - {name: m_V, unit: adu / s, datatype: float64}
# - {name: longitude, unit: deg, datatype: float64}
# - {name: latitude, unit: deg, datatype: float64}
# - {name: height, unit: m, datatype: float64}
# - {name: X_geo, unit: m, datatype: float64}
# - {name: Y_geo, unit: m, datatype: float64}
# - {name: Z_geo, unit: m, datatype: float64}
# - {name: cross_track_error, unit: m, datatype: float64}
# delimiter: ','
# meta: !!omap
# - {origin: Desert Fireball Network}
# - {exposure_time: 25.0}
# - {lens_type: Fisheye}
# - {telescope: DFNSMALL36}
# - {observer: 'DFN automated software http://adsabs.harvard.edu/abs/2012M%26PSA..75.5123T'}
# - {creator: raw_to_fits 6.0}
# - {timing_correction_dictionary_version: DEBUG}
# - {isodate_mid_obs: '2014-11-25T15:21:10.500'}
# - {sidereal_time_hour: 4.598023724157567}
# - {point_picking_user_comment: nocomment}
# - {point_picking_hostname: work-desktop-debian}
# - {obs_latitude: -30.6607733333}
# - {original_raw_filename: 36_2014-11-25_152058_DSC_0594.NEF}
# - {cropped: false}
# - {obs_elevation: 149.1}
# - {instrument: Nikon D800E}
# - {gps_lock: Y}
# - {filter_pattern: RG/GB}
# - {location: Mulgathing}
# - {aperture: 4.0}
# - {isodate_start_obs: '2014-11-25T15:20:58'}
# - {image_file: 36_2014-11-25_152058_DSC_0594-G.tiff}
# - {timing_corrected: true}
# - {NAXIS2: 4924}
# - {NAXIS1: 7378}
# - {event_codename: DN141125_01}
# - {jd_mid_obs: 2456987.139704861}
# - {lens: Samyang_8mm_F3.5}
# - {timing_de_bruijn_encoding_type: pulse_width}
# - {jd_start_obs: 2456987.1395601854}
# - {focal: 8.0}
# - {dfn_camera_codename: DFNSMALL36}
# - {point_picking_write_time: '2018-04-26T16:31:06'}
# - {tracking: 'NO'}
# - {point_picking_software: point_picker.py 1.5}
# - {obs_longitude: 134.186036667}
# - {sidereal_time_hms: 4h35m52.8854s}
# - {location_info: 'YES'}
# - {processing_filter: GREEN_INTERPOL}
# - {iso: '6400'}
# - {point_picking_user: martin}
# - {shutter_inversion: 'False'}
# - {camera_filter: RG/GB}
[...]
# - {triangulation_ra_eci_end: -14.91036325607215}
# - {triangulation_ra_eci_end_err: 0.021520224018896077}
# - {triangulation_dec_eci_end: -46.65428728808717}
# - {triangulation_dec_eci_end_err: 0.013887424888197846}
# - {triangulation_ra_ecef_end: 50.777890311629115}
# - {triangulation_ra_ecef_end_err: 0.021520224018896077}
# - {triangulation_dec_ecef_end: -47.73716719587527}
# - {triangulation_dec_ecef_end_err: 0.013887424888197846}
# - {triangulation_slope_end: 27.23374684233825}
# - {triangulation_slope_end_err: 0.014422129018313568}
# - {triangulation_azimuth_end: -131.34623865441898}
# - {triangulation_azimuth_end_err: 0.01567828623241846}
# - {triangulation_file_1: 36_2014-11-25_152058_DSC_0594-G_DN141125_01_2018-04-26_163106_martin_nocomment.ecsv}
# - {triangulation_file_2: 38_2014-11-25_152058_DSC_0559-G_DN141125_01_2018-04-26_163331_martin_nocomment.ecsv}
# - {triangulation_file_3: 40_2014-11-25_152058_DSC_0617-G_DN141125_01_2018-04-26_163631_martin_nocomment.ecsv}
# - {triangulation_file_4: 40_2014-11-25_152058_DSC_0617-G_DN141125_01_2018-04-26_163631_martin_nocomment.ecsv}
# - {triangulation_file_5: 38_2014-11-25_152058_DSC_0559-G_DN141125_01_2018-04-26_163331_martin_nocomment.ecsv}
# schema: astropy-2.0
x_image,y_image,time_err_minus,time_err_plus,de_bruijn_sequence_element_index,dash_start_end,zero_or_one,err_minus_x_image,err_plus_x_image,err_minus_y_image,err_plus_y_image,periodic_pulse,pick_flag,encoding_type,brightness_dash_V,flux_dash_V,aperture_exptime,datetime,altitude,azimuth,err_minus_altitude,err_plus_altitude,err_minus_azimuth,err_plus_azimuth,JD,m_V,longitude,latitude,height,X_geo,Y_geo,Z_geo,cross_track_error
[from data line 131]
4371.47436819,833.616030427,0.00065,5e-05,209,S,1,0.5,0.5,0.5,0.5,-,M,PW,3872558.89055,62866215.7557,0.0616,2014-11-25T15:21:21.926,35.7361351003,159.883092525,0.0291529588221,0.0291529588221,0.0277801433104,0.0277801433104,2456987.13984,-6.95185225024,134.3859086951651,-31.129993370186885,40531.37029255106,-3846656.433690335,3930009.2687583673,-3299192.9268118613,-7.404578473635666
4389.20617737,836.799639899,0.00065,5e-05,209,E,1,0.5,0.5,0.5,0.5,-,M,PW,nan,nan,nan,2014-11-25T15:21:21.986,35.6396226462,159.293185378,0.0291450997613,0.0291450997613,0.0277403246005,0.0277403246005,2456987.13984,nan,134.3906894199911,-31.126333416236488,40224.7280255144,-3846948.392284851,3929651.574057921,-3298684.841475727,-6.209656188151989
4400.99867702,839.090713662,0.00065,5e-05,210,S,1,0.5,0.5,0.5,0.5,-,M,PW,3676127.32969,59677391.7157,0.0616,2014-11-25T15:21:22.026,35.5772347696,158.900047384,0.0292246595227,0.0292246595227,0.0276662204846,0.0276662204846,2456987.13984,-6.89533353707,134.39384709295598,-31.123915759974732,40022.22595753867,-3847141.2282029777,3929415.320057301,-3298349.255868313,-1.158437504366293
4418.59856225,842.513248068,0.00065,5e-05,210,E,1,0.5,0.5,0.5,0.5,-,M,PW,nan,nan,nan,2014-11-25T15:21:22.086,35.4797342132,158.315138571,0.0291984797274,0.0291984797274,0.0276246026047,0.0276246026047,2456987.13984,nan,134.39851885812783,-31.120338476864386,39722.67660110139,-3847426.523850645,3929065.7885033484,-3297852.7658256656,3.841893547962298
4430.59996312,844.899001214,0.00065,5e-05,211,S,0,0.5,0.5,0.5,0.5,-,M,PW,1778392.55692,76654851.5916,0.0232,2014-11-25T15:21:22.126,35.4116120586,157.91696788,0.0291656264275,0.0291656264275,0.0275945731129,0.0275945731129,2456987.13984,-7.1671580714,134.40167893352665,-31.117918480767848,39520.090397060994,-3847619.500583279,3928829.3619830497,-3297516.935163687,7.228540357770031
4436.63813279,846.104441591,0.00065,5e-05,211,E,0,0.5,0.5,0.5,0.5,-,M,PW,nan,nan,nan,2014-11-25T15:21:22.146,35.3765419814,157.716989519,0.0292019138736,0.0292019138736,0.0274900517584,0.0274900517584,2456987.13984,nan,134.403260712606,-31.116707073320338,39418.69625731521,-3847716.0943972594,3928711.019533107,-3297348.836325815,8.556466834237792
4460.26051965,850.815045442,0.00065,5e-05,212,S,1,0.5,0.5,0.5,0.5,-,M,PW,3472085.50888,56365024.4948,0.0616,2014-11-25T15:21:22.226,35.2332092586,156.937468414,0.0290919350624,0.0290919350624,0.0274650056243,0.0274650056243,2456987.13984,-6.83333320368,134.40939616403594,-31.112007751520572,39025.47257908244,-3848090.7597004813,3928251.9962472,-3296696.819395671,10.073200446926162
4477.90797603,854.472688068,0.00065,5e-05,212,E,1,0.5,0.5,0.5,0.5,-,M,PW,nan,nan,nan,2014-11-25T15:21:22.286,35.123691862,156.356239091,0.0291055621411,0.0291055621411,0.0274402273389,0.0274402273389,2456987.13984,nan,134.41393201612763,-31.10853312018309,38734.836297315116,-3848367.738679001,3927912.6539068385,-3296214.8025616175,12.26849065125746
4489.7636598,857.0160911,0.00065,5e-05,213,S,0,0.5,0.5,0.5,0.5,-,M,PW,1666796.19248,71844663.469,0.0232,2014-11-25T15:21:22.326,35.0494721673,155.966040516,0.029128526845,0.029128526845,0.0274202624758,0.0274202624758,2456987.13984,-7.09679524056,134.4169578615814,-31.10621497868035,38540.98654229184,-3848552.507324179,3927686.2835706663,-3295893.256147311,14.894052750725367
4495.49246402,858.223624046,0.00065,5e-05,213,E,0,0.5,0.5,0.5,0.5,-,M,PW,nan,nan,nan,2014-11-25T15:21:22.346,35.0121767784,155.778203653,0.029128526845,0.029128526845,0.0274202624758,0.0274202624758,2456987.13984,nan,134.4184120398766,-31.10510084695491,38447.8343127755,-3848641.3037334303,3927577.4941546177,-3295738.726860319,14.946616094525242
4518.46091486,863.20795608,0.00065,5e-05,214,S,0,0.5,0.5,0.5,0.5,-,M,PW,1514474.81799,65279086.9822,0.0232,2014-11-25T15:21:22.426,34.8609274255,155.025951672,0.0291446717636,0.0291446717636,0.027415633951,0.027415633951,2456987.13984,-6.99274413246,134.42420298919936,-31.10066363494018,38076.93507347581,-3848994.911171026,3927144.27003023,-3295123.3561976105,16.674477052503747
4524.04980324,864.433627133,0.00065,5e-05,214,E,0,0.5,0.5,0.5,0.5,-,M,PW,nan,nan,nan,2014-11-25T15:21:22.446,34.8231250782,154.843417667,0.0291106691864,0.0291106691864,0.0273867492799,0.0273867492799,2456987.13984,nan,134.42560186191716,-31.099591671857347,37987.35416150635,-3849080.3280614945,3927039.621050467,-3294974.708169019,16.737719116885636
4547.17686775,869.652079415,0.00065,5e-05,215,S,0,0.5,0.5,0.5,0.5,-,M,PW,1278769.69809,55119383.5383,0.0232,2014-11-25T15:21:22.526,34.665029464,154.088920489,0.0291776272631,0.0291776272631,0.0273641204389,0.0273641204389,2456987.13984,-6.80906983282,134.43135304792173,-31.095184093669133,37619.11823012258,-3849431.4976824,3926609.3836307945,-3294363.579953479,18.575660372446134
4552.52382822,871.057540138,0.00065,5e-05,215,E,0,0.5,0.5,0.5,0.5,-,M,PW,nan,nan,nan,2014-11-25T15:21:22.546,34.632458696,153.912258733,0.0291107323437,0.0291107323437,0.027310195005,0.027310195005,2456987.13984,nan,134.43268153556997,-31.09416587581337,37534.07134648483,-3849512.6145321163,3926510.002869942,-3294222.4151354935,24.75310702785868
4575.61162427,876.521388943,0.00065,5e-05,216,S,0,0.5,0.5,0.5,0.5,-,M,PW,1255774.40775,54128207.2305,0.0232,2014-11-25T15:21:22.626,34.4703309309,153.16115128,0.029042986766,0.029042986766,0.0270749929839,0.0270749929839,2456987.13985,-6.78936806137,134.43835031491534,-31.08982064508351,37171.22450337041,-3849858.7429132527,3926085.9417532897,-3293620.060013299,28.414418312098682
4581.10158026,877.836973493,0.00065,5e-05,216,E,0,0.5,0.5,0.5,0.5,-,M,PW,nan,nan,nan,2014-11-25T15:21:22.646,34.4309015296,152.98301868,0.029042986766,0.029042986766,0.0270749929839,0.0270749929839,2456987.13985,nan,134.43968928270834,-31.088794205056246,37085.533203949744,-3849940.4974546325,3925985.779720939,-3293477.7854428026,29.04834562065139
4604.30241843,883.345358206,0.00065,5e-05,217,S,1,0.5,0.5,0.5,0.5,-,M,PW,2434172.87788,39515793.472,0.0616,2014-11-25T15:21:22.726,34.2574338068,152.234118627,0.0290323989631,0.0290323989631,0.0270465927219,0.0270465927219,2456987.13985,-6.44773572085,134.4453052959429,-31.084488627408405,36726.17462543266,-3850283.394721931,3925565.6772214267,-3292881.0533150714,26.859951780574587
4621.04249702,887.364759697,0.00065,5e-05,217,E,1,0.5,0.5,0.5,0.5,-,M,PW,nan,nan,nan,2014-11-25T15:21:22.786,34.1279620137,151.696295608,0.0288081005706,0.0288081005706,0.0270908513551,0.0270908513551,2456987.13985,nan,134.4493198432539,-31.08141043993976,36469.34560681664,-3850528.506612684,3925265.3770213784,-3292454.4936598893,23.533728963802048
4632.5178439,890.234289352,0.00065,5e-05,218,S,1,0.5,0.5,0.5,0.5,-,M,PW,2189218.77529,35539265.8327,0.0616,2014-11-25T15:21:22.826,34.0395138653,151.327417372,0.0288081005706,0.0288081005706,0.0270908513551,0.0270908513551,2456987.13985,-6.33258008336,134.45205834810085,-31.07931048154264,36294.17701689663,-3850695.7063674983,3925060.531309225,-3292163.5217713346,23.35074356501316
4648.91886082,894.368322878,0.00065,5e-05,218,E,1,0.5,0.5,0.5,0.5,-,M,PW,nan,nan,nan,2014-11-25T15:21:22.886,33.9102151557,150.80192812,0.0288408958053,0.0288408958053,0.0270637431448,0.0270637431448,2456987.13985,nan,134.455948065378,-31.076327481998636,36045.40750626041,-3850933.190495311,3924769.5763054867,-3291750.236445357,21.942788356984355
4660.02487203,897.236362676,0.00065,5e-05,219,S,1,0.5,0.5,0.5,0.5,-,M,PW,1947635.13065,31617453.4197,0.0616,2014-11-25T15:21:22.926,33.8219330536,150.446511513,0.0288233732069,0.0288233732069,0.0270395530202,0.0270395530202,2456987.13985,-6.20562617202,134.45856829946314,-31.074317868509638,35877.85276209927,-3851093.1651486363,3924573.582466719,-3291471.8381483564,21.698905626091115
4676.18307555,901.350127733,0.00065,5e-05,219,E,1,0.5,0.5,0.5,0.5,-,M,PW,nan,nan,nan,2014-11-25T15:21:22.986,33.6884376534,149.932592817,0.0286603335042,0.0286603335042,0.0270936661807,0.0270936661807,2456987.13985,nan,134.46235387126174,-31.071414242830993,35635.8130452425,-3851324.2849718714,3924290.424726231,-3291069.628399161,17.406040657818544
4687.35307433,904.265345574,0.00065,5e-05,220,S,0,0.5,0.5,0.5,0.5,-,M,PW,615762.331641,26541479.8121,0.0232,2014-11-25T15:21:23.026,33.5955142062,149.577730523,0.0286074679938,0.0286074679938,0.0270948525166,0.0270948525166,2456987.13985,-6.0156217864,134.4649579228435,-31.069416703568855,35469.34020513623,-3851483.267694839,3924095.646156474,-3290792.956323888,15.23741722940947
4692.66632531,905.707927036,0.00065,5e-05,220,E,0,0.5,0.5,0.5,0.5,-,M,PW,nan,nan,nan,2014-11-25T15:21:23.046,33.5520180333,149.408461601,0.0285811472635,0.0285811472635,0.027067571844,0.027067571844,2456987.13985,nan,134.46619467605277,-31.068467955756873,35390.28326977705,-3851558.7734705177,3924003.1398342736,-3290661.5562619045,15.53199071911249
4714.2840936,911.507751742,0.00065,5e-05,221,S,0,0.5,0.5,0.5,0.5,-,M,PW,458864.990209,19778663.3711,0.0232,2014-11-25T15:21:23.126,33.368638966,148.72392674,0.0286134599805,0.0286134599805,0.027090915184,0.027090915184,2456987.13985,-5.69630130081,134.4711934496848,-31.064632941996646,35070.790876963096,-3851863.952980275,3923629.247455781,-3290130.4630291355,11.812599095302776
4719.99858608,913.025335163,0.00065,5e-05,221,E,0,0.5,0.5,0.5,0.5,-,M,PW,nan,nan,nan,2014-11-25T15:21:23.146,33.3185364166,148.544059676,0.0286134599805,0.0286134599805,0.027090915184,0.027090915184,2456987.13985,nan,134.47250619465186,-31.063625732142395,34986.89960141722,-3851944.096234735,3923531.0595005862,-3289990.99252494,9.61792835340995
4740.910052,918.71276837,0.00065,5e-05,222,S,1,0.5,0.5,0.5,0.5,-,M,PW,988548.585452,16047866.6469,0.0616,2014-11-25T15:21:23.226,33.1341365104,147.886574355,0.0285974810669,0.0285974810669,0.0270651301025,0.0270651301025,2456987.13985,-5.46935222058,134.47728902047373,-31.059955791171504,34681.29319737145,-3852236.0849540797,3923173.3278925377,-3289482.8547636187,3.122107671346161
4756.28679063,923.020952999,0.00065,5e-05,222,E,1,0.5,0.5,0.5,0.5,-,M,PW,nan,nan,nan,2014-11-25T15:21:23.286,32.997267574,147.403955167,0.0286284085886,0.0286284085886,0.0270463804146,0.0270463804146,2456987.13985,nan,134.4807851682011,-31.057272846606555,34457.9420826035,-3852449.519322838,3922911.8375852406,-3289111.422392625,-0.3978141253782443
4766.18761515,925.864498271,0.00065,5e-05,223,S,1,0.5,0.5,0.5,0.5,-,M,PW,797916.012879,12953182.0273,0.0616,2014-11-25T15:21:23.326,32.9088806779,147.093352831,0.0286264341708,0.0286264341708,0.0269940210748,0.0269940210748,2456987.13985,-5.23675012496,134.4830279222092,-31.05555162643076,34314.68211520092,-3852586.4344454715,3922744.0952591132,-3288873.153790803,-1.7188298739774723
4781.17941328,930.346315491,0.00065,5e-05,223,E,1,0.5,0.5,0.5,0.5,-,M,PW,nan,nan,nan,2014-11-25T15:21:23.386,32.776399899,146.621970846,0.0286178928442,0.0286178928442,0.0269690716988,0.0269690716988,2456987.13985,nan,134.4864154868346,-31.052951618846055,34098.322256592895,-3852793.235457588,3922490.731845703,-3288513.265218492,-0.15017402998019488
4791.06024227,933.305010486,0.00065,5e-05,224,S,0,0.5,0.5,0.5,0.5,-,M,PW,279261.48809,12037133.1073,0.0232,2014-11-25T15:21:23.426,32.6872636208,146.312531763,0.0286477573123,0.0286477573123,0.027040686878,0.027040686878,2456987.13985,-5.15711661102,134.48863732149567,-31.05124620069471,33956.433845712476,-3852928.8705664882,3922324.55773554,-3288277.2241798257,-0.1407973070850454
4795.76853972,934.727321722,0.00065,5e-05,224,E,0,0.5,0.5,0.5,0.5,-,M,PW,nan,nan,nan,2014-11-25T15:21:23.446,32.6445520215,146.165234545,0.0286477573123,0.0286477573123,0.027040686878,0.027040686878,2456987.13985,nan,134.48969361582314,-31.05043538366853,33888.98280965553,-3852993.353174119,3922245.556509155,-3288165.0073518637,-0.0867341825536091
4814.95456049,940.526143012,0.00065,5e-05,225,S,0,0.5,0.5,0.5,0.5,-,M,PW,304179.801379,13111198.3353,0.0232,2014-11-25T15:21:23.526,32.4670008332,145.567476484,0.028623293937,0.028623293937,0.0270491885112,0.0270491885112,2456987.13986,-5.24991492121,134.49397803151845,-31.04714641231551,33615.42826258694,-3853254.897188752,3921925.1244008862,-3287709.8514459063,-1.9394769270600152
4819.96523303,942.139260878,0.00065,5e-05,225,E,0,0.5,0.5,0.5,0.5,-,M,PW,nan,nan,nan,2014-11-25T15:21:23.546,32.4220468534,145.410257184,0.028623293937,0.028623293937,0.0270491885112,0.0270491885112,2456987.13986,nan,134.4950967726171,-31.046287539187713,33544.00659572344,-3853323.1905151084,3921841.4544512006,-3287591.002957356,-0.051354779704962376
4838.69496206,947.901215722,0.00065,5e-05,226,S,1,0.5,0.5,0.5,0.5,-,M,PW,344765.116308,5596836.30369,0.0616,2014-11-25T15:21:23.626,32.2441679478,144.82988809,0.0288212111418,0.0288212111418,0.0270248152371,0.0270248152371,2456987.13986,-4.32566546561,134.4992461379698,-31.043101792379755,33279.137426441324,-3853576.4851285247,3921531.129142843,-3287150.203195965,-3.073353690470733
4852.58457693,952.220126037,0.00065,5e-05,226,E,1,0.5,0.5,0.5,0.5,-,M,PW,nan,nan,nan,2014-11-25T15:21:23.686,32.109867705,144.401224438,0.0288212111418,0.0288212111418,0.0270248152371,0.0270248152371,2456987.13986,nan,134.50230680737468,-31.04075168733082,33083.79489247535,-3853763.318601523,3921302.2290713503,-3286825.0634339824,-6.067685504589271
4861.71419422,955.132700999,0.00065,5e-05,227,S,1,0.5,0.5,0.5,0.5,-,M,PW,226478.95415,3676606.39855,0.0616,2014-11-25T15:21:23.726,32.0217201675,144.119304038,0.0288363336477,0.0288363336477,0.0270258881826,0.0270258881826,2456987.13986,-3.86942680021,134.50431389413743,-31.03921046246201,32955.71003239732,-3853885.8366827886,3921152.1253607534,-3286611.849499981,-6.843024645142756
4875.01286623,959.352147734,0.00065,5e-05,227,E,1,0.5,0.5,0.5,0.5,-,M,PW,nan,nan,nan,2014-11-25T15:21:23.786,31.8905038689,143.710782045,0.0288724454268,0.0288724454268,0.0268490455429,0.0268490455429,2456987.13986,nan,134.50722443527238,-31.03697533779983,32769.99028330699,-3854063.502420737,3920934.4571909895,-3286302.6640268327,-10.046039720405423
4883.52798993,962.113440352,0.00065,5e-05,228,S,1,0.5,0.5,0.5,0.5,-,M,PW,218342.918592,3544527.89923,0.0616,2014-11-25T15:21:23.826,31.8064648186,143.449167402,0.0287838059041,0.0287838059041,0.0268505971095,0.0268505971095,2456987.13986,-3.82970495116,134.5090839104439,-31.035547280300424,32651.35091096303,-3854177.0077762315,3920795.395471639,-3286105.1346244356,-11.21809907998208
4896.49707783,966.370319148,0.00065,5e-05,228,E,1,0.5,0.5,0.5,0.5,-,M,PW,nan,nan,nan,2014-11-25T15:21:23.886,31.6775414871,143.051360335,0.0287515748628,0.0287515748628,0.0268475806677,0.0268475806677,2456987.13986,nan,134.51190802559927,-31.03337825550119,32471.18368394458,-3854349.3947601034,3920584.1945968736,-3285805.1355824787,-12.812630644335801
4905.17899795,969.312142554,0.00065,5e-05,229,S,0,0.5,0.5,0.5,0.5,-,M,PW,40614.2151357,1750612.72137,0.0232,2014-11-25T15:21:23.926,31.5919324601,142.784404051,0.0287226356448,0.0287226356448,0.0263853146542,0.0263853146542,2456987.13986,-3.0637841537,134.51379639815798,-31.03192782552521,32350.725662095436,-3854464.6619825587,3920442.974316389,-3285604.5400645984,-12.087029895588886
4909.32031246,970.686324236,0.00065,5e-05,229,E,0,0.5,0.5,0.5,0.5,-,M,PW,nan,nan,nan,2014-11-25T15:21:23.946,31.5500256177,142.657922753,0.0287226356448,0.0287226356448,0.0263853146542,0.0263853146542,2456987.13986,nan,134.51469363054352,-31.031238649805164,32293.49534134844,-3854519.429211913,3920375.8759398856,-3285509.230569833,-12.834458590956903
4925.64339045,976.263947587,0.00065,5e-05,230,S,0,0.5,0.5,0.5,0.5,-,M,PW,30692.5219078,1322953.53051,0.0232,2014-11-25T15:21:24.026,31.3860155002,142.158274695,0.0286984391983,0.0286984391983,0.0263599427958,0.0263599427958,2456987.13986,-2.75967042754,134.5182265230562,-31.028524831270346,32068.170524769997,-3854735.0757890535,3920111.675333151,-3285133.948369923,-12.689156256748571
