outputs/SLLS_triangulation/38_2014-11-25_152058_DSC_0559-G_DN141125_01_2018-04-26_163331_martin_nocomment.ecsv
# %ECSV 0.9
# ---
# datatype:
# - {name: x_image, unit: pix, datatype: float64}
# - {name: y_image, unit: pix, datatype: float64}
# - {name: time_err_minus, unit: s, datatype: float64}
# - {name: time_err_plus, unit: s, datatype: float64}
# - {name: de_bruijn_sequence_element_index, datatype: object}
# - {name: dash_start_end, datatype: object}
# - {name: zero_or_one, datatype: int64}
# - {name: err_minus_x_image, unit: pix, datatype: float64}
# - {name: err_plus_x_image, unit: pix, datatype: float64}
# - {name: err_minus_y_image, unit: pix, datatype: float64}
# - {name: err_plus_y_image, unit: pix, datatype: float64}
# - {name: periodic_pulse, datatype: object}
# - {name: pick_flag, datatype: object}
# - {name: encoding_type, datatype: object}
# - {name: brightness_dash_V, unit: adu, datatype: float64}
# - {name: flux_dash_V, unit: adu / s, datatype: float64}
# - {name: aperture_exptime, unit: s, datatype: float64}
# - {name: datetime, datatype: string}
# - {name: altitude, datatype: float64}
# - {name: azimuth, datatype: float64}
# - {name: err_minus_altitude, datatype: float64}
# - {name: err_plus_altitude, datatype: float64}
# - {name: err_minus_azimuth, datatype: float64}
# - {name: err_plus_azimuth, datatype: float64}
# - {name: JD, datatype: float64, description: Julian Date}
# - {name: m_V, unit: adu / s, datatype: float64}
# - {name: longitude, unit: deg, datatype: float64}
# - {name: latitude, unit: deg, datatype: float64}
# - {name: height, unit: m, datatype: float64}
# - {name: X_geo, unit: m, datatype: float64}
# - {name: Y_geo, unit: m, datatype: float64}
# - {name: Z_geo, unit: m, datatype: float64}
# - {name: cross_track_error, unit: m, datatype: float64}
# delimiter: ','
# meta: !!omap
# - {origin: Desert Fireball Network}
# - {exposure_time: 25.0}
# - {lens_type: Fisheye}
# - {telescope: DFNSMALL38}
# - {observer: 'DFN automated software http://adsabs.harvard.edu/abs/2012M%26PSA..75.5123T'}
# - {creator: raw_to_fits 6.0}
# - {timing_correction_dictionary_version: DEBUG}
# - {isodate_mid_obs: '2014-11-25T15:21:10.500'}
# - {sidereal_time_hour: 4.670575946357566}
# - {point_picking_user_comment: nocomment}
# - {point_picking_hostname: work-desktop-debian}
# - {obs_latitude: -30.85765}
# - {original_raw_filename: 38_2014-11-25_152058_DSC_0559.NEF}
# - {cropped: false}
# - {obs_elevation: 164.4}
# - {instrument: Nikon D800E}
# - {gps_lock: Y}
# - {filter_pattern: RG/GB}
# - {location: NorthWell}
# - {aperture: 4.0}
# - {isodate_start_obs: '2014-11-25T15:20:58'}
# - {image_file: 38_2014-11-25_152058_DSC_0559-G.tiff}
# - {timing_corrected: true}
# - {NAXIS2: 4924}
# - {NAXIS1: 7378}
# - {event_codename: DN141125_01}
# - {jd_mid_obs: 2456987.139704861}
# - {lens: Samyang_8mm_F3.5}
# - {timing_de_bruijn_encoding_type: pulse_width}
# - {jd_start_obs: 2456987.1395601854}
# - {focal: 8.0}
# - {dfn_camera_codename: DFNSMALL38}
# - {point_picking_write_time: '2018-04-26T16:33:31'}
# - {tracking: 'NO'}
# - {point_picking_software: point_picker.py 1.5}
# - {obs_longitude: 135.27432}
# - {sidereal_time_hms: 4h40m14.0734s}
# - {location_info: 'YES'}
# - {processing_filter: GREEN_INTERPOL}
# - {iso: '6400'}
# - {point_picking_user: martin}
# - {shutter_inversion: 'False'}
# - {camera_filter: RG/GB}
[...]
# - {triangulation_ra_eci_end: -14.91036325607215}
# - {triangulation_ra_eci_end_err: 0.021520224018896077}
# - {triangulation_dec_eci_end: -46.65428728808717}
# - {triangulation_dec_eci_end_err: 0.013887424888197846}
# - {triangulation_ra_ecef_end: 50.777890311629115}
# - {triangulation_ra_ecef_end_err: 0.021520224018896077}
# - {triangulation_dec_ecef_end: -47.73716719587527}
# - {triangulation_dec_ecef_end_err: 0.013887424888197846}
# - {triangulation_slope_end: 27.23374684233825}
# - {triangulation_slope_end_err: 0.014422129018313568}
# - {triangulation_azimuth_end: -131.34623865441898}
# - {triangulation_azimuth_end_err: 0.01567828623241846}
# - {triangulation_file_1: 36_2014-11-25_152058_DSC_0594-G_DN141125_01_2018-04-26_163106_martin_nocomment.ecsv}
# - {triangulation_file_2: 38_2014-11-25_152058_DSC_0559-G_DN141125_01_2018-04-26_163331_martin_nocomment.ecsv}
# - {triangulation_file_3: 40_2014-11-25_152058_DSC_0617-G_DN141125_01_2018-04-26_163631_martin_nocomment.ecsv}
# - {triangulation_file_4: 40_2014-11-25_152058_DSC_0617-G_DN141125_01_2018-04-26_163631_martin_nocomment.ecsv}
# - {triangulation_file_5: 38_2014-11-25_152058_DSC_0559-G_DN141125_01_2018-04-26_163331_martin_nocomment.ecsv}
# schema: astropy-2.0
x_image,y_image,time_err_minus,time_err_plus,de_bruijn_sequence_element_index,dash_start_end,zero_or_one,err_minus_x_image,err_plus_x_image,err_minus_y_image,err_plus_y_image,periodic_pulse,pick_flag,encoding_type,brightness_dash_V,flux_dash_V,aperture_exptime,datetime,altitude,azimuth,err_minus_altitude,err_plus_altitude,err_minus_azimuth,err_plus_azimuth,JD,m_V,longitude,latitude,height,X_geo,Y_geo,Z_geo,cross_track_error
1835.66373616,1830.43819104,0.00065,5e-05,172,E,1,0.5,0.5,0.5,0.5,-,M,PW,nan,nan,nan,2014-11-25T15:21:18.286,24.7163171375,243.109979504,0.027799569442,0.027799569442,0.023019944143,0.023019944143,2456987.13979,nan,134.0544334322461,-31.38263326197595,61950.10486281164,-3826399.7144027506,3954826.901373762,-3334444.987280504,-15.840326725948081
1834.65265052,1831.44927669,0.00065,5e-05,173,S,1,0.5,0.5,0.5,0.5,-,M,PW,520054.183256,8442438.03987,0.0616,2014-11-25T15:21:18.326,24.6988761772,243.145826834,0.027799569442,0.027799569442,0.023019944143,0.023019944143,2456987.1398,-4.83002359454,134.05699599254305,-31.380688665349346,61783.331080768854,-3826556.418750101,3954634.9141686,-3334172.280182673,16.712313570184826
1832.63047923,1834.2803165,0.00065,5e-05,173,E,1,0.5,0.5,0.5,0.5,-,M,PW,nan,nan,nan,2014-11-25T15:21:18.386,24.6714923181,243.238683133,0.027799569442,0.027799569442,0.023019944143,0.023019944143,2456987.1398,nan,134.0634052413207,-31.37582443285931,61366.29246808097,-3826948.3465492423,3954154.7416395363,-3333490.22193432,56.08359317231368
1832.83269635,1835.6958364,0.00065,5e-05,174,S,1,0.5,0.5,0.5,0.5,-,M,PW,609904.214179,9901042.43798,0.0616,2014-11-25T15:21:18.426,24.6900969074,243.27399269,0.0277167215644,0.0277167215644,0.022996338018,0.022996338018,2456987.1398,-5.00305619458,134.06553381519336,-31.374208790711133,61227.815549055245,-3827078.5073003313,3953995.274469379,-3333263.7077291873,-0.8750761457112151
1831.21495932,1838.72909333,0.00065,5e-05,174,E,1,0.5,0.5,0.5,0.5,-,M,PW,nan,nan,nan,2014-11-25T15:21:18.486,24.6751708747,243.368407013,0.0277167215644,0.0277167215644,0.022996338018,0.022996338018,2456987.1398,nan,134.07181647565315,-31.36943955754629,60819.16417852418,-3827462.6808021464,3953524.6021609334,-3332595.144013406,6.9746634366095694
1830.40609081,1840.14461324,0.00065,5e-05,175,S,0,0.5,0.5,0.5,0.5,-,M,PW,824284.351673,35529497.9169,0.0232,2014-11-25T15:21:18.526,24.6667130369,243.412939912,0.0277167215644,0.0277167215644,0.022996338018,0.022996338018,2456987.1398,-6.39032656541,134.07476743182374,-31.3671991811769,60627.259720062044,-3827643.1230984647,3953303.5322751966,-3332281.1265927856,14.065797383554463
1828.58613664,1843.17787017,0.00065,5e-05,175,E,0,0.5,0.5,0.5,0.5,-,M,PW,nan,nan,nan,2014-11-25T15:21:18.546,24.6461589544,243.509106578,0.0277167215644,0.0277167215644,0.022996338018,0.022996338018,2456987.1398,nan,134.08110557188718,-31.36238664917592,60215.16549236627,-3828030.674350818,3952828.72169684,-3331606.684695818,34.70045015194227
1822.7218399,1855.10868078,0.00065,5e-05,177,E,1,0.5,0.5,0.5,0.5,-,M,PW,nan,nan,nan,2014-11-25T15:21:18.786,24.5983691642,243.875248915,0.0276407945831,0.0276407945831,0.0229579449714,0.0229579449714,2456987.1398,nan,134.10425584183554,-31.344801830178625,58710.941443950695,-3829446.1328797773,3951094.5647854805,-3329143.4116975935,37.09806389706321
1822.51962277,1856.52420069,0.00065,5e-05,178,S,0,0.5,0.5,0.5,0.5,-,M,PW,707132.065355,30479830.4032,0.0232,2014-11-25T15:21:18.826,24.6057470101,243.914288681,0.0275599777647,0.0275599777647,0.0229405079731,0.0229405079731,2456987.1398,-6.223885255,134.10654465590562,-31.3430626722847,58562.30448544342,-3829586.068739071,3950923.121586986,-3328899.8862133566,7.61943418872764
1821.10410287,1859.55745762,0.00065,5e-05,178,E,0,0.5,0.5,0.5,0.5,-,M,PW,nan,nan,nan,2014-11-25T15:21:18.846,24.5951754943,244.006619629,0.0275599777647,0.0275599777647,0.0229405079731,0.0229405079731,2456987.1398,nan,134.11217753594448,-31.338782072134208,58196.5648903403,-3829930.4519608933,3950501.1985620013,-3328300.568130912,4.483743148393802
1820.29523435,1861.57962891,0.00065,5e-05,179,S,0,0.5,0.5,0.5,0.5,-,M,PW,634406.381646,27345102.6572,0.0232,2014-11-25T15:21:18.926,24.5916540816,244.066973293,0.0275599777647,0.0275599777647,0.0229405079731,0.0229405079731,2456987.1398,-6.10605278488,134.1157938650574,-31.336033574181158,57961.805997770374,-3830151.543048393,3950230.3275830327,-3327915.8110399446,-5.586775366097969
1818.67749732,1864.20845159,0.00065,5e-05,179,E,0,0.5,0.5,0.5,0.5,-,M,PW,nan,nan,nan,2014-11-25T15:21:18.946,24.5718136376,244.150363528,0.0275599777647,0.0275599777647,0.0229405079731,0.0229405079731,2456987.1398,nan,134.12088491820822,-31.3321638030116,57631.3760023976,-3830462.7886414193,3949849.0033087903,-3327374.161214513,15.543897849600192
1817.86862881,1866.43284001,0.00065,5e-05,180,S,0,0.5,0.5,0.5,0.5,-,M,PW,711984.031364,30688966.8691,0.0232,2014-11-25T15:21:19.026,24.5699358817,244.216012657,0.0275599777647,0.0275599777647,0.0229405079731,0.0229405079731,2456987.1398,-6.23130956045,134.1247304020972,-31.32924045748712,57381.83703364846,-3830697.88108474,3949560.9784906465,-3326965.038053451,-0.05397517889287849
1816.4531089,1869.26387982,0.00065,5e-05,180,E,0,0.5,0.5,0.5,0.5,-,M,PW,nan,nan,nan,2014-11-25T15:21:19.046,24.5570870435,244.302901027,0.0275599777647,0.0275599777647,0.0229405079731,0.0229405079731,2456987.1398,nan,134.12986799814712,-31.325334379840168,57048.51622745992,-3831011.9606534685,3949176.1821552655,-3326418.4563591704,3.3952358507721017
1815.64424039,1871.89270249,0.00065,5e-05,181,S,1,0.5,0.5,0.5,0.5,-,M,PW,1044809.40248,16961191.5987,0.0616,2014-11-25T15:21:19.126,24.5585947406,244.379192767,0.0275599777647,0.0275599777647,0.0229405079731,0.0229405079731,2456987.1398,-5.58749478985,134.13421948704772,-31.32202555731579,56766.255382607706,-3831277.9775534654,3948850.2700665463,-3325955.5164471716,-23.19291629498107
1813.6220691,1876.74591359,0.00065,5e-05,181,E,1,0.5,0.5,0.5,0.5,-,M,PW,nan,nan,nan,2014-11-25T15:21:19.186,24.5469132924,244.52457196,0.0275599777647,0.0275599777647,0.0229405079731,0.0229405079731,2456987.13981,nan,134.14253338674024,-31.315702700542193,56227.12008626197,-3831786.2129969727,3948227.602578291,-3325071.052071057,-40.16961303451839
1813.6220691,1878.56586775,0.00065,5e-05,182,S,1,0.5,0.5,0.5,0.5,-,M,PW,1125035.89422,18263569.7114,0.0616,2014-11-25T15:21:19.226,24.5627952681,244.572607231,0.0275599777647,0.0275599777647,0.0229405079731,0.0229405079731,2456987.13981,-5.66781805623,134.14507732224087,-31.313767717295537,56062.19133345234,-3831941.7224119077,3948037.0793512426,-3324800.4244723376,-90.78894319579688
1809.57772652,1882.00355895,0.00065,5e-05,182,E,1,0.5,0.5,0.5,0.5,-,M,PW,nan,nan,nan,2014-11-25T15:21:19.286,24.4840538847,244.697699001,0.0275599777647,0.0275599777647,0.0229405079731,0.0229405079731,2456987.13981,nan,134.15268233328675,-31.307982370154985,55569.25128386182,-3832406.603091706,3947467.5281935534,-3323991.408875967,50.252147767947754
1809.57772652,1883.62129598,0.00065,5e-05,183,S,1,0.5,0.5,0.5,0.5,-,M,PW,876923.190959,14235766.087,0.0616,2014-11-25T15:21:19.326,24.4980368317,244.740391448,0.0275599777647,0.0275599777647,0.0229405079731,0.0229405079731,2456987.13981,-5.39730599795,134.1548908754733,-31.306302050927858,55426.12905750348,-3832541.6046263636,3947302.130310408,-3323756.4704244076,5.705571663104065
1807.75777236,1887.46342143,0.00065,5e-05,183,E,1,0.5,0.5,0.5,0.5,-,M,PW,nan,nan,nan,2014-11-25T15:21:19.386,24.4822005973,244.857147711,0.0275599777647,0.0275599777647,0.0229405079731,0.0229405079731,2456987.13981,nan,134.16135425117446,-31.301383972581178,55007.35603123909,-3832936.684382242,3946818.0961439675,-3323068.926935926,5.976358046132369
1807.75777236,1888.6767242,0.00065,5e-05,184,S,0,0.5,0.5,0.5,0.5,-,M,PW,937983.356476,40430317.0895,0.0232,2014-11-25T15:21:19.426,24.49260023,244.889192365,0.0275599777647,0.0275599777647,0.0229405079731,0.0229405079731,2456987.13981,-6.53062175825,134.16298448496468,-31.300143370394846,54901.749065550874,-3833036.332281667,3946696.0119642094,-3322895.513179917,-26.950312943646882
1806.14003532,1892.51884965,0.00065,5e-05,184,E,0,0.5,0.5,0.5,0.5,-,M,PW,nan,nan,nan,2014-11-25T15:21:19.446,24.4818966003,245.004214256,0.0275762406903,0.0275762406903,0.0228950861258,0.0228950861258,2456987.13981,nan,134.16920240419336,-31.295411063282774,54499.01957273853,-3833416.3960208413,3946230.374754385,-3322234.101540396,-37.59764574488384
1804.52229829,1894.54102094,0.00065,5e-05,185,S,1,0.5,0.5,0.5,0.5,-,M,PW,1028781.76191,16701002.6284,0.0616,2014-11-25T15:21:19.526,24.4555513659,245.071088016,0.0275762406903,0.0275762406903,0.0228950861258,0.0228950861258,2456987.13981,-5.57071025054,134.17295220923023,-31.292556800680252,54256.200586012346,-3833645.5942690885,3945949.5712422105,-3321835.23584098,0.6880683078564348
1802.500127,1899.7986663,0.00065,5e-05,185,E,1,0.5,0.5,0.5,0.5,-,M,PW,nan,nan,nan,2014-11-25T15:21:19.586,24.4455009935,245.226755957,0.0275762406903,0.0275762406903,0.0228950861258,0.0228950861258,2456987.13981,nan,134.1811344815864,-31.286327663871873,53726.49463946472,-3834145.7048776634,3945336.8579407884,-3320964.9108310803,-23.977258741486352
1801.48904136,1901.01196907,0.00065,5e-05,186,S,0,0.5,0.5,0.5,0.5,-,M,PW,873694.667642,37659252.9156,0.0232,2014-11-25T15:21:19.626,24.4284593943,245.267133797,0.0275762406903,0.0275762406903,0.0228950861258,0.0228950861258,2456987.13981,-6.45353314017,134.18335575212214,-31.284636384758354,53582.72612309539,-3834281.468828944,3945170.5259786644,-3320728.6455725227,1.194471525571427
1800.27573858,1903.84300888,0.00065,5e-05,186,E,0,0.5,0.5,0.5,0.5,-,M,PW,nan,nan,nan,2014-11-25T15:21:19.646,24.4194585825,245.351919123,0.0275762406903,0.0275762406903,0.0228950861258,0.0228950861258,2456987.13981,nan,134.1877607557363,-31.281282113022467,53297.65987312011,-3834550.6988446447,3944840.6773233204,-3320260.113987585,-4.675429346472959
1798.86021868,1907.07848294,0.00065,5e-05,187,S,1,0.5,0.5,0.5,0.5,-,M,PW,1056189.896,17145939.8701,0.0616,2014-11-25T15:21:19.726,24.408238021,245.449018728,0.0278205052868,0.0278205052868,0.0228764196228,0.0228764196228,2456987.13981,-5.59925713046,134.19276183590017,-31.27747347295747,52974.085449904094,-3834856.354747163,3944466.2012895783,-3319728.191705146,-9.48506734671791
1796.83804739,1911.52725978,0.00065,5e-05,187,E,1,0.5,0.5,0.5,0.5,-,M,PW,nan,nan,nan,2014-11-25T15:21:19.786,24.3904935631,245.583079609,0.0278205052868,0.0278205052868,0.0228764196228,0.0228764196228,2456987.13981,nan,134.1995965860373,-31.27226756027593,52531.985171561035,-3835274.070888461,3943954.4340292895,-3319001.2549064127,-11.430749594147407
1796.231396,1913.34721394,0.00065,5e-05,188,S,1,0.5,0.5,0.5,0.5,-,M,PW,1053342.36044,17099713.6435,0.0616,2014-11-25T15:21:19.826,24.3890940579,245.636130332,0.0278205052868,0.0278205052868,0.0228764196228,0.0228764196228,2456987.13981,-5.59632598369,134.20222673637315,-31.270263968316854,52361.891187429115,-3835434.813460373,3943757.4993707836,-3318721.5202275403,-24.297834465138855
1794.20922471,1917.79599078,0.00065,5e-05,188,E,1,0.5,0.5,0.5,0.5,-,M,PW,nan,nan,nan,2014-11-25T15:21:19.886,24.3709077845,245.770089854,0.0278830188858,0.0278830188858,0.0227352235222,0.0227352235222,2456987.13981,nan,134.2089200739596,-31.26516449775381,51929.1156866054,-3835843.8714926583,3943256.3396410407,-3318009.650833262,-25.50788479715591
1793.80479045,1919.21151069,0.00065,5e-05,189,S,0,0.5,0.5,0.5,0.5,-,M,PW,1054368.12252,45446901.8326,0.0232,2014-11-25T15:21:19.926,24.3715067928,245.810799261,0.0278830188858,0.0278830188858,0.0227352235222,0.0227352235222,2456987.13981,-6.65761459513,134.2108848533932,-31.26366741439817,51802.101686591646,-3835963.9453436527,3943109.2304927926,-3317800.6905077593,-38.90524193184949
1791.58040203,1922.85141901,0.00065,5e-05,189,E,0,0.5,0.5,0.5,0.5,-,M,PW,nan,nan,nan,2014-11-25T15:21:19.946,24.3409211725,245.924823057,0.0278830188858,0.0278830188858,0.0227352235222,0.0227352235222,2456987.13981,nan,134.21660248958446,-31.25931036083931,51432.54471154397,-3836313.3626824403,3942681.13989133,-3317192.611727535,-8.300039843911263
1790.56931639,1926.2891102,0.00065,5e-05,190,S,1,0.5,0.5,0.5,0.5,-,M,PW,1338634.82896,21731084.8856,0.0616,2014-11-25T15:21:20.026,24.3412732653,246.023869171,0.0278830188858,0.0278830188858,0.0227352235222,0.0227352235222,2456987.13982,-5.85655741019,134.22129499517246,-31.255734002145417,51129.31561375038,-3836600.1260393998,3942329.810165152,-3316693.567481712,-38.547992422401414
1787.94049371,1931.34453843,0.00065,5e-05,190,E,1,0.5,0.5,0.5,0.5,-,M,PW,nan,nan,nan,2014-11-25T15:21:20.086,24.3105971826,246.178392688,0.0278830188858,0.0278830188858,0.0227352235222,0.0227352235222,2456987.13982,nan,134.22876507040763,-31.250039821847935,50646.728659674984,-3837056.618110507,3941770.5363581874,-3315899.150287809,-20.535142846270478
1787.1316252,1933.77114397,0.00065,5e-05,191,S,1,0.5,0.5,0.5,0.5,-,M,PW,1073204.02437,17422143.2528,0.0616,2014-11-25T15:21:20.126,24.3079756263,246.249006964,0.0278830188858,0.0278830188858,0.0227352235222,0.0227352235222,2456987.13982,-5.61660784056,134.23204734843648,-31.247537498364107,50434.73451999093,-3837257.1919414927,3941524.802210471,-3315550.0986611387,-36.08531912069206
1785.10945391,1938.01770368,0.00065,5e-05,191,E,1,0.5,0.5,0.5,0.5,-,M,PW,nan,nan,nan,2014-11-25T15:21:20.186,24.28675804,246.377218107,0.0278830188858,0.0278830188858,0.0227352235222,0.0227352235222,2456987.13982,nan,134.23807329431725,-31.242942907449102,50045.61295558884,-3837625.4192861365,3941073.6664254228,-3314909.285485259,-30.398891850076993
1783.49171687,1939.23100646,0.00065,5e-05,192,S,1,0.5,0.5,0.5,0.5,-,M,PW,1002400.66648,16272738.0923,0.0616,2014-11-25T15:21:20.226,24.252497662,246.421782772,0.0278830188858,0.0278830188858,0.0227352235222,0.0227352235222,2456987.13982,-5.54250547605,134.24036123454437,-31.241198234166717,49897.89756124205,-3837765.226074006,3940902.381359503,-3314665.9846195094,26.558652090209335
1781.67176271,1943.07313191,0.00065,5e-05,192,E,1,0.5,0.5,0.5,0.5,-,M,PW,nan,nan,nan,2014-11-25T15:21:20.286,24.233225671,246.537547906,0.0278830188858,0.0278830188858,0.0227352235222,0.0227352235222,2456987.13982,nan,134.24570661999087,-31.23712168804868,49552.843157060786,-3838091.8560061976,3940502.208876326,-3314097.5619664122,31.21342615703055
1781.46954558,1945.0953032,0.00065,5e-05,193,S,0,0.5,0.5,0.5,0.5,-,M,PW,927040.884958,39958658.8344,0.0232,2014-11-25T15:21:20.326,24.2434523283,246.592734819,0.0278830188858,0.0278830188858,0.0227352235222,0.0227352235222,2456987.13982,-6.51788114763,134.24807934200302,-31.235311996436664,49399.7054806936,-3838236.8390166704,3940324.5821324144,-3313845.2531014103,-6.034379247191774
1779.85180855,1948.73521152,0.00065,5e-05,193,E,0,0.5,0.5,0.5,0.5,-,M,PW,nan,nan,nan,2014-11-25T15:21:20.346,24.2277527712,246.701539103,0.0278904562001,0.0278904562001,0.0227784297713,0.0227784297713,2456987.13982,nan,134.2529977012035,-31.231560367470554,49082.32067691497,-3838537.366484587,3939956.389228929,-3313322.2556544356,-6.626148374562321
1778.43628865,1951.56625133,0.00065,5e-05,194,S,1,0.5,0.5,0.5,0.5,-,M,PW,1335900.76425,21686700.7184,0.0616,2014-11-25T15:21:20.426,24.2111350785,246.787298888,0.0278904562001,0.0278904562001,0.0227784297713,0.0227784297713,2456987.13982,-5.85433760495,134.25686799794937,-31.2286078367016,48832.61604879639,-3838773.8498373856,3939666.660330281,-3312910.711942232,1.315837916202203
1776.0096831,1956.82389668,0.00065,5e-05,194,E,1,0.5,0.5,0.5,0.5,-,M,PW,nan,nan,nan,2014-11-25T15:21:20.486,24.1854162492,246.944943286,0.0278904562001,0.0278904562001,0.0227784297713,0.0227784297713,2456987.13982,nan,134.26385626661062,-31.223275934361578,48381.852636591735,-3839200.838649109,3939143.532606103,-3312167.638239299,5.8518109841158665
1774.99859745,1959.85715362,0.00065,5e-05,195,S,0,0.5,0.5,0.5,0.5,-,M,PW,791974.689676,34136840.0722,0.0232,2014-11-25T15:21:20.526,24.1809301623,247.032970961,0.0278904562001,0.0278904562001,0.0227784297713,0.0227784297713,2456987.13982,-6.3469121834,134.26763416994334,-31.22039306260736,48138.22446986263,-3839431.666614796,3938860.732436517,-3311765.9363995916,-11.36227387011572
