outputs/SLLS_triangulation/38_2014-11-25_152058_DSC_0559-G_DN141125_01_2018-04-26_163331_martin_nocomment.ecsv
# %ECSV 0.9
# ---
# datatype:
# - {name: x_image, unit: pix, datatype: float64}
# - {name: y_image, unit: pix, datatype: float64}
# - {name: time_err_minus, unit: s, datatype: float64}
# - {name: time_err_plus, unit: s, datatype: float64}
# - {name: de_bruijn_sequence_element_index, datatype: object}
# - {name: dash_start_end, datatype: object}
# - {name: zero_or_one, datatype: int64}
# - {name: err_minus_x_image, unit: pix, datatype: float64}
# - {name: err_plus_x_image, unit: pix, datatype: float64}
# - {name: err_minus_y_image, unit: pix, datatype: float64}
# - {name: err_plus_y_image, unit: pix, datatype: float64}
# - {name: periodic_pulse, datatype: object}
# - {name: pick_flag, datatype: object}
# - {name: encoding_type, datatype: object}
# - {name: brightness_dash_V, unit: adu, datatype: float64}
# - {name: flux_dash_V, unit: adu / s, datatype: float64}
# - {name: aperture_exptime, unit: s, datatype: float64}
# - {name: datetime, datatype: string}
# - {name: altitude, datatype: float64}
# - {name: azimuth, datatype: float64}
# - {name: err_minus_altitude, datatype: float64}
# - {name: err_plus_altitude, datatype: float64}
# - {name: err_minus_azimuth, datatype: float64}
# - {name: err_plus_azimuth, datatype: float64}
# - {name: JD, datatype: float64, description: Julian Date}
# - {name: m_V, unit: adu / s, datatype: float64}
# - {name: longitude, unit: deg, datatype: float64}
# - {name: latitude, unit: deg, datatype: float64}
# - {name: height, unit: m, datatype: float64}
# - {name: X_geo, unit: m, datatype: float64}
# - {name: Y_geo, unit: m, datatype: float64}
# - {name: Z_geo, unit: m, datatype: float64}
# - {name: cross_track_error, unit: m, datatype: float64}
# delimiter: ','
# meta: !!omap
# - {origin: Desert Fireball Network}
# - {exposure_time: 25.0}
# - {lens_type: Fisheye}
# - {telescope: DFNSMALL38}
# - {observer: 'DFN automated software http://adsabs.harvard.edu/abs/2012M%26PSA..75.5123T'}
# - {creator: raw_to_fits 6.0}
# - {timing_correction_dictionary_version: DEBUG}
# - {isodate_mid_obs: '2014-11-25T15:21:10.500'}
# - {sidereal_time_hour: 4.670575946357566}
# - {point_picking_user_comment: nocomment}
# - {point_picking_hostname: work-desktop-debian}
# - {obs_latitude: -30.85765}
# - {original_raw_filename: 38_2014-11-25_152058_DSC_0559.NEF}
# - {cropped: false}
# - {obs_elevation: 164.4}
# - {instrument: Nikon D800E}
# - {gps_lock: Y}
# - {filter_pattern: RG/GB}
# - {location: NorthWell}
# - {aperture: 4.0}
# - {isodate_start_obs: '2014-11-25T15:20:58'}
# - {image_file: 38_2014-11-25_152058_DSC_0559-G.tiff}
# - {timing_corrected: true}
# - {NAXIS2: 4924}
# - {NAXIS1: 7378}
# - {event_codename: DN141125_01}
# - {jd_mid_obs: 2456987.139704861}
# - {lens: Samyang_8mm_F3.5}
# - {timing_de_bruijn_encoding_type: pulse_width}
# - {jd_start_obs: 2456987.1395601854}
# - {focal: 8.0}
# - {dfn_camera_codename: DFNSMALL38}
# - {point_picking_write_time: '2018-04-26T16:33:31'}
# - {tracking: 'NO'}
# - {point_picking_software: point_picker.py 1.5}
# - {obs_longitude: 135.27432}
# - {sidereal_time_hms: 4h40m14.0734s}
# - {location_info: 'YES'}
# - {processing_filter: GREEN_INTERPOL}
# - {iso: '6400'}
# - {point_picking_user: martin}
# - {shutter_inversion: 'False'}
# - {camera_filter: RG/GB}
[...]
# - {triangulation_ra_eci_end: -14.91036325607215}
# - {triangulation_ra_eci_end_err: 0.021520224018896077}
# - {triangulation_dec_eci_end: -46.65428728808717}
# - {triangulation_dec_eci_end_err: 0.013887424888197846}
# - {triangulation_ra_ecef_end: 50.777890311629115}
# - {triangulation_ra_ecef_end_err: 0.021520224018896077}
# - {triangulation_dec_ecef_end: -47.73716719587527}
# - {triangulation_dec_ecef_end_err: 0.013887424888197846}
# - {triangulation_slope_end: 27.23374684233825}
# - {triangulation_slope_end_err: 0.014422129018313568}
# - {triangulation_azimuth_end: -131.34623865441898}
# - {triangulation_azimuth_end_err: 0.01567828623241846}
# - {triangulation_file_1: 36_2014-11-25_152058_DSC_0594-G_DN141125_01_2018-04-26_163106_martin_nocomment.ecsv}
# - {triangulation_file_2: 38_2014-11-25_152058_DSC_0559-G_DN141125_01_2018-04-26_163331_martin_nocomment.ecsv}
# - {triangulation_file_3: 40_2014-11-25_152058_DSC_0617-G_DN141125_01_2018-04-26_163631_martin_nocomment.ecsv}
# - {triangulation_file_4: 40_2014-11-25_152058_DSC_0617-G_DN141125_01_2018-04-26_163631_martin_nocomment.ecsv}
# - {triangulation_file_5: 38_2014-11-25_152058_DSC_0559-G_DN141125_01_2018-04-26_163331_martin_nocomment.ecsv}
# schema: astropy-2.0
x_image,y_image,time_err_minus,time_err_plus,de_bruijn_sequence_element_index,dash_start_end,zero_or_one,err_minus_x_image,err_plus_x_image,err_minus_y_image,err_plus_y_image,periodic_pulse,pick_flag,encoding_type,brightness_dash_V,flux_dash_V,aperture_exptime,datetime,altitude,azimuth,err_minus_altitude,err_plus_altitude,err_minus_azimuth,err_plus_azimuth,JD,m_V,longitude,latitude,height,X_geo,Y_geo,Z_geo,cross_track_error
[from data line 88]
1699.17292465,2146.93850367,0.00065,5e-05,218,S,1,0.5,0.5,0.5,0.5,-,M,PW,947730.923312,15385242.2616,0.0616,2014-11-25T15:21:22.826,23.2697009149,252.484422144,0.0276412400821,0.0276412400821,0.0230477760295,0.0230477760295,2456987.13985,-5.48161473759,134.45381606789792,-31.077962535273855,36181.75555724648,-3850803.0232351786,3924929.051450235,-3291976.7619779506,-20.312269586828624
1696.66282032,2153.43903028,0.00065,5e-05,218,E,1,0.5,0.5,0.5,0.5,-,M,PW,nan,nan,nan,2014-11-25T15:21:22.886,23.2321587099,252.66996253,0.0276412400821,0.0276412400821,0.0230477760295,0.0230477760295,2456987.13985,nan,134.4587914208674,-31.0741467370052,35863.58583047214,-3851106.787432735,3924556.893049379,-3291448.1317635295,-16.063783721007912
1695.56867227,2156.39966616,0.00065,5e-05,219,S,1,0.5,0.5,0.5,0.5,-,M,PW,737569.436451,11973529.8125,0.0616,2014-11-25T15:21:22.926,23.2162118608,252.75416175,0.0276412400821,0.0276412400821,0.0230477760295,0.0230477760295,2456987.13985,-5.20940938928,134.46101959482715,-31.072437698411235,35721.11862370609,-3851242.8240223685,3924390.2270628563,-3291211.392041977,-15.93237642440375
1693.50909949,2162.19221461,0.00065,5e-05,219,E,1,0.5,0.5,0.5,0.5,-,M,PW,nan,nan,nan,2014-11-25T15:21:22.986,23.1868876393,252.918400321,0.0276412400821,0.0276412400821,0.0230477760295,0.0230477760295,2456987.13985,nan,134.4653144986079,-31.069143167550035,35446.54638053263,-3851505.0372566474,3924068.9750564066,-3290755.0715164645,-18.580249483211922
1692.22251502,2164.32039228,0.00065,5e-05,220,S,0,0.5,0.5,0.5,0.5,-,M,PW,320955.8137,13834302.3146,0.0232,2014-11-25T15:21:23.026,23.1613778561,252.98108628,0.0276412400821,0.0276412400821,0.0230477760295,0.0230477760295,2456987.13985,-5.3662470443,134.46701964263445,-31.067835083720706,35337.55136146609,-3851609.138808784,3923941.434459188,-3290573.9072243245,1.9088209159178051
1691.42182757,2166.58900671,0.00065,5e-05,220,E,0,0.5,0.5,0.5,0.5,-,M,PW,nan,nan,nan,2014-11-25T15:21:23.046,23.149856353,253.045298546,0.0276412400821,0.0276412400821,0.0230477760295,0.0230477760295,2456987.13985,nan,134.46867628670338,-31.06656414979103,35231.664393644256,-3851710.278710837,3923817.5223440886,-3290397.896988297,0.801074231466848
1689.15321314,2172.72761047,0.00065,5e-05,221,S,0,0.5,0.5,0.5,0.5,-,M,PW,145425.835247,6268354.96753,0.0232,2014-11-25T15:21:23.126,23.1154985934,253.219371587,0.0276412400821,0.0276412400821,0.0230477760295,0.0230477760295,2456987.13985,-4.50673784444,134.47314415520134,-31.06313624126809,34946.132341438715,-3851983.0436644237,3923483.342839877,-3289923.2136745253,2.27463387797922
1688.36016753,2175.06454452,0.00065,5e-05,221,E,0,0.5,0.5,0.5,0.5,-,M,PW,nan,nan,nan,2014-11-25T15:21:23.146,23.104226384,253.285279693,0.0276412400821,0.0276412400821,0.0230477760295,0.0230477760295,2456987.13985,nan,134.47481087431402,-31.061857371294902,34839.63028890196,-3852084.7962524635,3923358.6800891235,-3289746.137202492,0.16329292399991557
1686.08391126,2180.06724539,0.00065,5e-05,222,S,1,0.5,0.5,0.5,0.5,-,M,PW,461570.153471,7493021.97194,0.0616,2014-11-25T15:21:23.226,23.0638679161,253.428766411,0.0276412400821,0.0276412400821,0.0230477760295,0.0230477760295,2456987.13985,-4.70049640482,134.47849809520244,-31.059027974928743,34604.04764791994,-3852309.8974067215,3923082.896154501,-3289354.4015325247,18.84956235542255
1683.54840102,2186.07240124,0.00065,5e-05,222,E,1,0.5,0.5,0.5,0.5,-,M,PW,nan,nan,nan,2014-11-25T15:21:23.286,23.0203833925,253.599919845,0.0276412400821,0.0276412400821,0.0230477760295,0.0230477760295,2456987.13985,nan,134.48281937900188,-31.05571167893851,34328.00259006565,-3852573.703398348,3922759.692772503,-3288895.309187077,33.748963440336524
1682.74771357,2188.8748073,0.00065,5e-05,223,S,1,0.5,0.5,0.5,0.5,-,M,PW,401620.515019,6519813.5555,0.0616,2014-11-25T15:21:23.326,23.0104764473,253.678111701,0.0273151280221,0.0273151280221,0.0230332185699,0.0230332185699,2456987.13985,-4.54944183101,134.48472075888594,-31.054252377459097,34206.558527811576,-3852689.7775602895,3922617.483865606,-3288693.3093806165,25.808183372068086
1680.61254705,2194.0792757,0.00065,5e-05,223,E,1,0.5,0.5,0.5,0.5,-,M,PW,nan,nan,nan,2014-11-25T15:21:23.386,22.9738892884,253.82591161,0.0273151280221,0.0273151280221,0.0230332185699,0.0230332185699,2456987.13985,nan,134.4883821345331,-31.0514420801493,33972.72961121127,-3852913.292368385,3922343.6434518322,-3288304.334373423,36.766559414828954
1679.67841169,2196.61478595,0.00065,5e-05,224,S,0,0.5,0.5,0.5,0.5,-,M,PW,125730.12158,5419401.79222,0.0232,2014-11-25T15:21:23.426,22.9588551196,253.897419834,0.0273151280221,0.0273151280221,0.0230332185699,0.0230332185699,2456987.13985,-4.34873226615,134.49012480973977,-31.05010439048216,33861.44927274307,-3853019.6757888217,3922213.3072109395,-3288119.1990256472,38.07274629471853
1678.74427634,2198.88340038,0.00065,5e-05,224,E,0,0.5,0.5,0.5,0.5,-,M,PW,nan,nan,nan,2014-11-25T15:21:23.446,22.9426114022,253.96176674,0.0273151280221,0.0273151280221,0.0230332185699,0.0230332185699,2456987.13985,nan,134.49169988257015,-31.048895300688645,33760.878744254995,-3853115.827134401,3922095.5068536266,-3287951.870200067,43.13006522802658
1676.74255772,2204.62166041,0.00065,5e-05,225,S,0,0.5,0.5,0.5,0.5,-,M,PW,148345.942928,6394221.67793,0.0232,2014-11-25T15:21:23.526,22.9111743761,254.122941491,0.0272868842582,0.0272868842582,0.023025795704,0.023025795704,2456987.13986,-4.52832311091,134.49556283226323,-31.04592973122952,33514.25387731938,-3853351.640946241,3921806.5982468184,-3287541.4916665885,42.19785722480057
1675.27463074,2207.29061856,0.00065,5e-05,225,E,0,0.5,0.5,0.5,0.5,-,M,PW,nan,nan,nan,2014-11-25T15:21:23.546,22.8815642958,254.199952096,0.0272868842582,0.0272868842582,0.023025795704,0.023025795704,2456987.13986,nan,134.49747116060902,-31.044464604510402,33392.4347676793,-3853468.1335818055,3921663.876644628,-3287338.7636051103,62.59504417388817
1673.80670375,2212.36163906,0.00065,5e-05,226,S,1,0.5,0.5,0.5,0.5,-,M,PW,151121.981625,2453278.92249,0.0616,2014-11-25T15:21:23.626,22.8615257568,254.340976949,0.0272868842582,0.0272868842582,0.023025795704,0.023025795704,2456987.13986,-3.48822120856,134.50075516716268,-31.041943122779063,33182.82264148714,-3853668.6015800308,3921418.2721585087,-3286989.896155494,50.712039383945914
1671.80498514,2216.89886792,0.00065,5e-05,226,E,1,0.5,0.5,0.5,0.5,-,M,PW,nan,nan,nan,2014-11-25T15:21:23.686,22.8242757245,254.469685005,0.0272868842582,0.0272868842582,0.023025795704,0.023025795704,2456987.13986,nan,134.50382445452925,-31.03958630649545,32986.94320959478,-3853855.9600336268,3921188.7289041085,-3286663.8427881286,66.72938288209528
1671.00429769,2219.9681698,0.00065,5e-05,227,S,1,0.5,0.5,0.5,0.5,-,M,PW,129472.82796,2101831.62272,0.0616,2014-11-25T15:21:23.726,22.8142065897,254.554586554,0.0272096565942,0.0272096565942,0.0231675146759,0.0231675146759,2456987.13986,-3.32034869422,134.50575656294103,-31.038102598978053,32863.65127510185,-3853973.9005607557,3921044.233409493,-3286458.5950115756,56.59914067858391
1669.56656586,2224.49429137,0.00065,5e-05,227,E,1,0.5,0.5,0.5,0.5,-,M,PW,nan,nan,nan,2014-11-25T15:21:23.786,22.792019176,254.680681518,0.0272096565942,0.0272096565942,0.0231675146759,0.0231675146759,2456987.13986,nan,134.5086429267888,-31.035885957470146,32679.485935724588,-3854150.0894978046,3920828.374550588,-3286151.979563408,51.73124676585361
1668.72986442,2227.06875735,0.00065,5e-05,228,S,1,0.5,0.5,0.5,0.5,-,M,PW,113642.370751,1844843.68103,0.0616,2014-11-25T15:21:23.826,22.7787500234,254.752431772,0.0272096565942,0.0272096565942,0.0231675146759,0.0231675146759,2456987.13986,-3.17875282215,134.51027721420508,-31.034630798612113,32575.220163467417,-3854249.8485309323,3920706.154214754,-3285978.3724053004,49.818443504643746
1667.05646153,2231.70279612,0.00065,5e-05,228,E,1,0.5,0.5,0.5,0.5,-,M,PW,nan,nan,nan,2014-11-25T15:21:23.886,22.7500087636,254.882102857,0.0272096565942,0.0272096565942,0.0231675146759,0.0231675146759,2456987.13986,nan,134.51323472877752,-31.032359242696995,32386.55312274879,-3854430.3774847514,3920484.9781600963,-3285664.2041776604,52.91730712375107
1666.02667513,2234.4059854,0.00065,5e-05,229,S,0,0.5,0.5,0.5,0.5,-,M,PW,33757.5125866,1455065.1977,0.0232,2014-11-25T15:21:23.926,22.7316229581,254.957877292,0.0271331380066,0.0271331380066,0.0231368334627,0.0231368334627,2456987.13986,-2.92106002302,134.51495879912846,-31.03103496728928,32276.581894501705,-3854535.6151149226,3920356.045690538,-3285481.062808631,56.85702941894703
1665.25433534,2236.46555818,0.00065,5e-05,229,E,0,0.5,0.5,0.5,0.5,-,M,PW,nan,nan,nan,2014-11-25T15:21:23.946,22.717885843,255.01553557,0.0268464990343,0.0268464990343,0.0229959033905,0.0229959033905,2456987.13986,nan,134.51626322700727,-31.030032983409946,32193.38348615761,-3854615.2372152014,3920258.4962302954,-3285342.4992508395,59.45133544307254
1663.66466277,2241.18638712,0.00065,5e-05,230,S,0,0.5,0.5,0.5,0.5,-,M,PW,19365.2095721,834707.309144,0.0232,2014-11-25T15:21:24.026,22.6911723209,255.146969663,0.0268464990343,0.0268464990343,0.0229959033905,0.0229959033905,2456987.13986,-2.31768943068,134.51919326703654,-31.02778217542201,32006.518581819717,-3854794.085009823,3920039.379857206,-3285031.256685784,58.83856600158111
1662.73052741,2243.85534527,0.00065,5e-05,230,E,0,0.5,0.5,0.5,0.5,-,M,PW,nan,nan,nan,2014-11-25T15:21:24.046,22.6749551615,255.221346309,0.0268464990343,0.0268464990343,0.0229959033905,0.0229959033905,2456987.13986,nan,134.52084516201293,-31.026513140580246,31901.17877528912,-3854894.914752505,3919915.8477355894,-3284855.7862092676,59.940935400379225
1661.66990076,2249.17810288,0.00065,5e-05,231,S,1,0.5,0.5,0.5,0.5,-,M,PW,27572.5066226,447605.62699,0.0616,2014-11-25T15:21:24.126,22.6645118417,255.36685716,0.0268464990343,0.0268464990343,0.0229959033905,0.0229959033905,2456987.13986,-1.64109273345,134.52394341632632,-31.024132820516254,31703.626781412222,-3855084.026863267,3919684.155978332,-3284526.6810136386,32.706998232517634
1660.02985487,2253.98762284,0.00065,5e-05,231,E,1,0.5,0.5,0.5,0.5,-,M,PW,nan,nan,nan,2014-11-25T15:21:24.186,22.6358896504,255.50054426,0.0268464990343,0.0268464990343,0.0229959033905,0.0229959033905,2456987.13986,nan,134.52685962875776,-31.02189218164999,31517.70699883147,-3855262.025403208,3919466.0800743503,-3284216.916376816,33.76480804196531
1659.40161802,2256.37492287,0.00065,5e-05,232,S,0,0.5,0.5,0.5,0.5,-,M,PW,9126.50083681,393383.656759,0.0232,2014-11-25T15:21:24.226,22.6267058746,255.566246986,0.0269198365743,0.0269198365743,0.0230319454652,0.0230319454652,2456987.13986,-1.50089467226,134.5282583522017,-31.020817427204157,31428.541519223392,-3855347.3993883724,3919361.4836602597,-3284068.3430148247,27.562904218628027
1659.15032328,2258.51092816,0.00065,5e-05,232,E,0,0.5,0.5,0.5,0.5,-,M,PW,nan,nan,nan,2014-11-25T15:21:24.246,22.6270228328,255.62400825,0.0269198365743,0.0269198365743,0.0230319454652,0.0230319454652,2456987.13986,nan,134.52944064563818,-31.019908942872195,31353.17728011322,-3855419.562763338,3919273.0722989356,-3283942.7596159643,10.68488787331537
1657.89384959,2263.28552821,0.00065,5e-05,233,S,1,0.5,0.5,0.5,0.5,-,M,PW,18988.5747133,308256.083008,0.0616,2014-11-25T15:21:24.326,22.6082869684,255.755335189,0.0268621319487,0.0268621319487,0.0230297758355,0.0230297758355,2456987.13986,-1.23613302848,134.5322092014723,-31.017781450296344,31176.71362261068,-3855588.545198958,3919066.0425254502,-3283648.6853903187,-1.1966882544183306
1655.58527466,2269.56160031,0.00065,5e-05,234,S,0,0.5,0.5,0.5,0.5,-,M,PW,3075.85223211,132579.837591,0.0232,2014-11-25T15:21:24.426,22.5650074926,255.929871239,0.0269394449813,0.0269394449813,0.0230597097293,0.0230597097293,2456987.13987,-0.320047596287,134.5359418977222,-31.01491281980375,30938.831382324788,-3855816.372380028,3918786.9187838743,-3283252.205711183,7.676526274971817
1654.97681205,2271.84333509,0.00065,5e-05,234,E,0,0.5,0.5,0.5,0.5,-,M,PW,nan,nan,nan,2014-11-25T15:21:24.446,22.5555285399,255.992554225,0.0269394449813,0.0269394449813,0.0230597097293,0.0230597097293,2456987.13987,nan,134.53724174845735,-31.01391379968677,30856.002009456002,-3855895.708726624,3918689.71941635,-3283114.1394405365,2.6244559544127526
1653.75988683,2275.79834206,0.00065,5e-05,235,S,1,0.5,0.5,0.5,0.5,-,M,PW,nan,nan,nan,2014-11-25T15:21:24.526,22.5344410935,256.101647388,0.0269394449813,0.0269394449813,0.0230597097293,0.0230597097293,2456987.13987,nan,134.53951363007016,-31.012167628257917,30711.244142733147,-3856034.3720004642,3918519.8353330214,-3282872.8285922795,-0.05998472927778051
1652.84719292,2279.44911772,0.00065,5e-05,235,E,1,0.5,0.5,0.5,0.5,-,M,PW,nan,nan,nan,2014-11-25T15:21:24.586,22.5206180643,256.201654273,0.0269394449813,0.0269394449813,0.0230597097293,0.0230597097293,2456987.13987,nan,134.54155481538817,-31.010598681201085,30581.19803568499,-3856158.953804395,3918367.2032410908,-3282656.023233864,-9.939824495140407
