outputs/SLLS_triangulation/40_2014-11-25_152058_DSC_0617-G_DN141125_01_2018-04-26_163631_martin_nocomment.ecsv
# %ECSV 0.9
# ---
# datatype:
# - {name: x_image, unit: pix, datatype: float64}
# - {name: y_image, unit: pix, datatype: float64}
# - {name: time_err_minus, unit: s, datatype: float64}
# - {name: time_err_plus, unit: s, datatype: float64}
# - {name: de_bruijn_sequence_element_index, datatype: object}
# - {name: dash_start_end, datatype: object}
# - {name: zero_or_one, datatype: int64}
# - {name: err_minus_x_image, unit: pix, datatype: float64}
# - {name: err_plus_x_image, unit: pix, datatype: float64}
# - {name: err_minus_y_image, unit: pix, datatype: float64}
# - {name: err_plus_y_image, unit: pix, datatype: float64}
# - {name: periodic_pulse, datatype: object}
# - {name: pick_flag, datatype: object}
# - {name: encoding_type, datatype: object}
# - {name: brightness_dash_V, unit: adu, datatype: float64}
# - {name: flux_dash_V, unit: adu / s, datatype: float64}
# - {name: aperture_exptime, unit: s, datatype: float64}
# - {name: datetime, datatype: string}
# - {name: altitude, datatype: float64}
# - {name: azimuth, datatype: float64}
# - {name: err_minus_altitude, datatype: float64}
# - {name: err_plus_altitude, datatype: float64}
# - {name: err_minus_azimuth, datatype: float64}
# - {name: err_plus_azimuth, datatype: float64}
# - {name: JD, datatype: float64, description: Julian Date}
# - {name: m_V, unit: adu / s, datatype: float64}
# - {name: longitude, unit: deg, datatype: float64}
# - {name: latitude, unit: deg, datatype: float64}
# - {name: height, unit: m, datatype: float64}
# - {name: X_geo, unit: m, datatype: float64}
# - {name: Y_geo, unit: m, datatype: float64}
# - {name: Z_geo, unit: m, datatype: float64}
# - {name: cross_track_error, unit: m, datatype: float64}
# delimiter: ','
# meta: !!omap
# - {origin: Desert Fireball Network}
# - {exposure_time: 25.0}
# - {lens_type: Fisheye}
# - {telescope: DFNSMALL40}
# - {observer: 'DFN automated software http://adsabs.harvard.edu/abs/2012M%26PSA..75.5123T'}
# - {creator: raw_to_fits 6.0}
# - {timing_correction_dictionary_version: DEBUG}
# - {isodate_mid_obs: '2014-11-25T15:21:10.500'}
# - {sidereal_time_hour: 4.725841279690901}
# - {point_picking_user_comment: nocomment}
# - {point_picking_hostname: work-desktop-debian}
# - {obs_latitude: -32.4592366667}
# - {original_raw_filename: 40_2014-11-25_152058_DSC_0617.NEF}
# - {cropped: false}
# - {obs_elevation: 284.0}
# - {instrument: Nikon D800}
# - {gps_lock: Y}
# - {filter_pattern: RG/GB}
# - {location: MountIves}
# - {aperture: 4.0}
# - {isodate_start_obs: '2014-11-25T15:20:58'}
# - {image_file: 40_2014-11-25_152058_DSC_0617-G.tiff}
# - {timing_corrected: true}
# - {NAXIS2: 4924}
# - {NAXIS1: 7378}
# - {event_codename: DN141125_01}
# - {jd_mid_obs: 2456987.139704861}
# - {lens: Samyang_8mm_F3.5}
# - {timing_de_bruijn_encoding_type: pulse_width}
# - {jd_start_obs: 2456987.1395601854}
# - {focal: 8.0}
# - {dfn_camera_codename: DFNSMALL40}
# - {point_picking_write_time: '2018-04-26T16:36:31'}
# - {tracking: 'NO'}
# - {point_picking_software: point_picker.py 1.5}
# - {obs_longitude: 136.1033}
# - {sidereal_time_hms: 4h43m33.0286s}
# - {location_info: 'YES'}
# - {processing_filter: GREEN_INTERPOL}
# - {iso: '6400'}
# - {point_picking_user: martin}
# - {shutter_inversion: 'False'}
# - {camera_filter: RG/GB}
[...]
# - {triangulation_ra_eci_end: -14.91036325607215}
# - {triangulation_ra_eci_end_err: 0.021520224018896077}
# - {triangulation_dec_eci_end: -46.65428728808717}
# - {triangulation_dec_eci_end_err: 0.013887424888197846}
# - {triangulation_ra_ecef_end: 50.777890311629115}
# - {triangulation_ra_ecef_end_err: 0.021520224018896077}
# - {triangulation_dec_ecef_end: -47.73716719587527}
# - {triangulation_dec_ecef_end_err: 0.013887424888197846}
# - {triangulation_slope_end: 27.23374684233825}
# - {triangulation_slope_end_err: 0.014422129018313568}
# - {triangulation_azimuth_end: -131.34623865441898}
# - {triangulation_azimuth_end_err: 0.01567828623241846}
# - {triangulation_file_1: 36_2014-11-25_152058_DSC_0594-G_DN141125_01_2018-04-26_163106_martin_nocomment.ecsv}
# - {triangulation_file_2: 38_2014-11-25_152058_DSC_0559-G_DN141125_01_2018-04-26_163331_martin_nocomment.ecsv}
# - {triangulation_file_3: 40_2014-11-25_152058_DSC_0617-G_DN141125_01_2018-04-26_163631_martin_nocomment.ecsv}
# - {triangulation_file_4: 40_2014-11-25_152058_DSC_0617-G_DN141125_01_2018-04-26_163631_martin_nocomment.ecsv}
# - {triangulation_file_5: 38_2014-11-25_152058_DSC_0559-G_DN141125_01_2018-04-26_163331_martin_nocomment.ecsv}
# schema: astropy-2.0
x_image,y_image,time_err_minus,time_err_plus,de_bruijn_sequence_element_index,dash_start_end,zero_or_one,err_minus_x_image,err_plus_x_image,err_minus_y_image,err_plus_y_image,periodic_pulse,pick_flag,encoding_type,brightness_dash_V,flux_dash_V,aperture_exptime,datetime,altitude,azimuth,err_minus_altitude,err_plus_altitude,err_minus_azimuth,err_plus_azimuth,JD,m_V,longitude,latitude,height,X_geo,Y_geo,Z_geo,cross_track_error
[from data line 44]
1541.1109746,3457.55000811,0.00065,5e-05,176,S,1,0.5,0.5,0.5,0.5,-,M,PW,1054933.44727,17125542.9752,0.0616,2014-11-25T15:21:18.626,13.7044409657,301.967202946,0.0274847052027,0.0274847052027,0.0219751377675,0.0219751377675,2456987.1398,-5.5876742104,134.08275989195064,-31.361130395264187,60107.62331046219,-3828131.8275759756,3952704.793258865,-3331430.651274057,-8.125065442426664
1541.58395424,3468.90151958,0.00065,5e-05,176,E,1,0.5,0.5,0.5,0.5,-,M,PW,nan,nan,nan,2014-11-25T15:21:18.686,13.5933232304,302.217553997,0.0275531483967,0.0275531483967,0.0216810933662,0.0216810933662,2456987.1398,nan,134.09090683819065,-31.354942980060777,59578.12852968738,-3828629.961741693,3952094.5014074333,-3330563.7657985734,14.671411926859454
1541.97810395,3473.86780585,0.00065,5e-05,177,S,1,0.5,0.5,0.5,0.5,-,M,PW,805647.176647,13078687.9326,0.0616,2014-11-25T15:21:18.726,13.5488747275,302.328647378,0.0275531483967,0.0275531483967,0.0216810933662,0.0216810933662,2456987.1398,-5.29497377882,134.09445552840026,-31.352247414280562,59347.54698292882,-3828846.93647917,3951828.6735976543,-3330186.172247657,6.065069774395482
1542.52991353,3481.75079992,0.00065,5e-05,177,E,1,0.5,0.5,0.5,0.5,-,M,PW,nan,nan,nan,2014-11-25T15:21:18.786,13.4761055295,302.503953346,0.0275531483967,0.0275531483967,0.0216810933662,0.0216810933662,2456987.1398,nan,134.10007748189412,-31.347976489057476,58982.32480389121,-3829190.668655138,3951407.5482051284,-3329587.9871575534,1.8750254430988476
1542.92406324,3486.00761672,0.00065,5e-05,178,S,0,0.5,0.5,0.5,0.5,-,M,PW,459414.456313,19802347.2549,0.0232,2014-11-25T15:21:18.826,13.4388943858,302.599405807,0.0275531483967,0.0275531483967,0.0216810933662,0.0216810933662,2456987.1398,-5.74535501568,134.10310459749573,-31.345676564517277,58785.70953446799,-3829375.7464295463,3951180.7991375555,-3329265.902776454,-9.711377426042752
1543.239383,3491.28922275,0.00065,5e-05,178,E,0,0.5,0.5,0.5,0.5,-,M,PW,nan,nan,nan,2014-11-25T15:21:18.846,13.3883412719,302.715969968,0.0275531483967,0.0275531483967,0.0216810933662,0.0216810933662,2456987.1398,nan,134.1068581943236,-31.342824421543032,58541.94426475252,-3829605.2380702114,3950899.636174024,-3328866.526496469,-4.926119629895925
1543.79119258,3498.69923718,0.00065,5e-05,179,S,0,0.5,0.5,0.5,0.5,-,M,PW,404399.36963,17431007.3116,0.0232,2014-11-25T15:21:18.926,13.3196364457,302.880294709,0.0275531483967,0.0275531483967,0.0216810933662,0.0216810933662,2456987.1398,-5.6068695482,134.11211025388792,-31.338833205631456,58200.93294598197,-3829926.3385148156,3950506.238173405,-3328307.7266173284,-8.252979937106248
1544.02768241,3504.61148274,0.00065,5e-05,179,E,0,0.5,0.5,0.5,0.5,-,M,PW,nan,nan,nan,2014-11-25T15:21:18.946,13.2596177319,303.009127133,0.027475312161,0.027475312161,0.0218025541655,0.0218025541655,2456987.1398,nan,134.11629498580362,-31.335652689432045,57929.277980954714,-3830182.1797512993,3950192.792855594,-3327862.495056835,11.771909588014122
1544.73715187,3512.41564687,0.00065,5e-05,180,S,0,0.5,0.5,0.5,0.5,-,M,PW,559080.969983,24098317.6717,0.0232,2014-11-25T15:21:19.026,13.1894251953,303.182811393,0.0273771860848,0.0273771860848,0.0217397931037,0.0217397931037,2456987.1398,-5.95853014828,134.121797885237,-31.33146979042345,57572.128480715626,-3830518.6029257793,3949780.6221270068,-3327277.0295665227,-1.8567274105244813
1544.97364169,3518.24906249,0.00065,5e-05,180,E,0,0.5,0.5,0.5,0.5,-,M,PW,nan,nan,nan,2014-11-25T15:21:19.046,13.1296243549,303.309438302,0.0273771860848,0.0273771860848,0.0217397931037,0.0217397931037,2456987.1398,nan,134.12590668047736,-31.328346188424923,57305.514983165725,-3830769.791756816,3949472.8767296765,-3326839.894424595,20.024990485838593
1545.60428122,3525.18609728,0.00065,5e-05,181,S,1,0.5,0.5,0.5,0.5,-,M,PW,1205146.31645,19564063.5787,0.0616,2014-11-25T15:21:19.126,13.0664518272,303.46325573,0.0273657108694,0.0273657108694,0.0217829513914,0.0217829513914,2456987.1398,-5.73221099933,134.13077611642004,-31.324643888608694,56989.60640303967,-3831067.4764792034,3949108.166631731,-3326321.8441082924,10.840961463611741
1546.55024051,3537.48356803,0.00065,5e-05,181,E,1,0.5,0.5,0.5,0.5,-,M,PW,nan,nan,nan,2014-11-25T15:21:19.186,12.9493800551,303.73345795,0.0273908061461,0.0273908061461,0.0218426457228,0.0218426457228,2456987.13981,nan,134.13938293660428,-31.3180988335401,56431.39580931019,-3831593.6254405077,3948463.552297236,-3325406.2054633526,16.30575806171647
1546.86556027,3540.95208543,0.00065,5e-05,182,S,1,0.5,0.5,0.5,0.5,-,M,PW,1166474.86501,18936280.2762,0.0616,2014-11-25T15:21:19.226,12.9172787379,303.809991561,0.0273908061461,0.0273908061461,0.0218426457228,0.0218426457228,2456987.13981,-5.69680001798,134.1418034098078,-31.316257915796843,56274.44941952213,-3831741.5896013947,3948282.2731802673,-3325148.7086064965,13.655368441717044
1547.73268962,3550.25401844,0.00065,5e-05,182,E,1,0.5,0.5,0.5,0.5,-,M,PW,nan,nan,nan,2014-11-25T15:21:19.286,12.8311930591,304.015095591,0.0273908061461,0.0273908061461,0.0218426457228,0.0218426457228,2456987.13981,nan,134.14828078252168,-31.311330896658323,55854.53018732791,-3832137.545939351,3947797.165064406,-3324459.6396328676,6.214071193945908
1548.12683933,3554.51083524,0.00065,5e-05,183,S,1,0.5,0.5,0.5,0.5,-,M,PW,1026970.84602,16671604.6432,0.0616,2014-11-25T15:21:19.326,12.7914908754,304.108751792,0.0273908061461,0.0273908061461,0.0218426457228,0.0218426457228,2456987.13981,-5.55850684235,134.15123845090721,-31.309080862101986,55662.82799296993,-3832318.3422554377,3947575.661449375,-3324145.0061240196,4.008466424037045
1548.83630879,3562.86680896,0.00065,5e-05,183,E,1,0.5,0.5,0.5,0.5,-,M,PW,nan,nan,nan,2014-11-25T15:21:19.386,12.711603791,304.291604867,0.0273908061461,0.0273908061461,0.0218426457228,0.0218426457228,2456987.13981,nan,134.1570328272038,-31.304672301514568,55287.33531523323,-3832672.534532592,3947141.720805541,-3323528.617685472,8.00412402609606
1549.38811838,3566.96596588,0.00065,5e-05,184,S,0,0.5,0.5,0.5,0.5,-,M,PW,742364.164178,31998455.3525,0.0232,2014-11-25T15:21:19.426,12.6769880594,304.383259146,0.0273908061461,0.0273908061461,0.0218426457228,0.0218426457228,2456987.13981,-6.26638587135,134.1598679904889,-31.302514965001787,55103.6429237211,-3832845.836253201,3946929.39923596,-3323227.0267591476,-10.310782317145708
1549.93992796,3572.95704137,0.00065,5e-05,184,E,0,0.5,0.5,0.5,0.5,-,M,PW,nan,nan,nan,2014-11-25T15:21:19.446,12.6201566353,304.514391933,0.0380287745749,0.0380287745749,0.04734693597,0.04734693597,2456987.13981,nan,134.16400701095512,-31.29936520433767,54835.513398883166,-3833098.8337587933,3946619.437930911,-3322786.744044117,-9.760569109164331
1551.04354713,3581.78599474,0.00065,5e-05,185,S,1,0.5,0.5,0.5,0.5,-,M,PW,1023693.53394,16618401.525,0.0616,2014-11-25T15:21:19.526,12.5426565958,304.710270731,0.0383377852767,0.0383377852767,0.0478083060892,0.0478083060892,2456987.13981,-5.55503645544,134.17009066132653,-31.294734968683738,54441.4968065901,-3833470.689018652,3946163.8573853024,-3322139.6173342085,-36.81973181121325
1551.59535672,3591.32441757,0.00065,5e-05,185,E,1,0.5,0.5,0.5,0.5,-,M,PW,nan,nan,nan,2014-11-25T15:21:19.586,12.4432278145,304.914634953,0.0383377852767,0.0383377852767,0.0478083060892,0.0478083060892,2456987.13981,nan,134.17664669598207,-31.289744367494755,54017.002583394205,-3833871.4079165244,3945672.914392597,-3321442.2602440407,2.660149827390215
1552.1471663,3595.10825473,0.00065,5e-05,186,S,0,0.5,0.5,0.5,0.5,-,M,PW,520870.862941,22451330.2992,0.0232,2014-11-25T15:21:19.626,12.4113486425,304.99904648,0.0383377852767,0.0383377852767,0.0478083060892,0.0478083060892,2456987.13981,-5.88166853348,134.17924082611617,-31.2877694176823,53849.06975095655,-3834029.9637825834,3945478.6587889623,-3321166.331012924,-15.123154035599322
1552.54131601,3599.52273141,0.00065,5e-05,186,E,0,0.5,0.5,0.5,0.5,-,M,PW,nan,nan,nan,2014-11-25T15:21:19.646,12.3681855295,305.094784936,0.0383377852767,0.0383377852767,0.0478083060892,0.0478083060892,2456987.13981,nan,134.18226406646437,-31.285467608495736,53653.382153573,-3834214.745204689,3945252.2727990663,-3320844.762363378,-9.657897534131243
1553.80259506,3608.90349436,0.00065,5e-05,187,S,1,0.5,0.5,0.5,0.5,-,M,PW,1061653.16044,17234629.2279,0.0616,2014-11-25T15:21:19.726,12.2857796607,305.302320815,0.0383377852767,0.0383377852767,0.0478083060892,0.0478083060892,2456987.13981,-5.5945681975,134.1886744348809,-31.28058632603769,53238.53872899354,-3834606.5415257025,3944772.2613511644,-3320162.9329218147,-39.414222717947595
1554.51206453,3618.91489684,0.00065,5e-05,187,E,1,0.5,0.5,0.5,0.5,-,M,PW,nan,nan,nan,2014-11-25T15:21:19.786,12.182258615,305.51643522,0.0384452825395,0.0384452825395,0.0482809718982,0.0482809718982,2456987.13981,nan,134.19549489028518,-31.275391865169276,52797.28420679421,-3835023.3908990207,3944261.5560164996,-3319437.5045290967,-3.0114993344746384
1554.82738429,3622.77756393,0.00065,5e-05,188,S,1,0.5,0.5,0.5,0.5,-,M,PW,1089541.38647,17687360.17,0.0616,2014-11-25T15:21:19.826,12.143072058,305.59931402,0.0384452825395,0.0384452825395,0.0482809718982,0.0482809718982,2456987.13981,-5.62272088431,134.19812056987857,-31.27339189646307,52627.448910101724,-3835183.8628912093,3944064.95286025,-3319158.2407306577,7.580715075731056
1556.08866334,3632.86779635,0.00065,5e-05,188,E,1,0.5,0.5,0.5,0.5,-,M,PW,nan,nan,nan,2014-11-25T15:21:19.886,12.0502494064,305.820067026,0.0384452825395,0.0384452825395,0.0482809718982,0.0482809718982,2456987.13981,nan,134.2049662369325,-31.268176927220747,52184.74621137497,-3835602.2372013233,3943552.3792407652,-3318430.158543741,-7.153807368073395
1556.71930287,3636.33631374,0.00065,5e-05,189,S,0,0.5,0.5,0.5,0.5,-,M,PW,583518.203855,25151646.7179,0.0232,2014-11-25T15:21:19.926,12.0226866428,305.897935947,0.0387936881911,0.0387936881911,0.0487703102454,0.0487703102454,2456987.13981,-6.00497939622,134.20731577602987,-31.266386850817447,52032.83429431102,-3835745.8270968995,3943376.4592793393,-3318180.274067895,-31.493938197997544
1557.27111245,3642.01206948,0.00065,5e-05,189,E,0,0.5,0.5,0.5,0.5,-,M,PW,nan,nan,nan,2014-11-25T15:21:19.946,11.9663031716,306.020019792,0.0387936881911,0.0387936881911,0.0487703102454,0.0487703102454,2456987.13981,nan,134.21115280443757,-31.26346324037837,51784.7807226638,-3835980.320601295,3943089.168254561,-3317772.1932193087,-21.70468981911907
1558.1382418,3649.18559409,0.00065,5e-05,190,S,1,0.5,0.5,0.5,0.5,-,M,PW,1220594.17282,19814840.4679,0.0616,2014-11-25T15:21:20.026,11.8985724453,306.175869389,0.0387936881911,0.0387936881911,0.0487703102454,0.0487703102454,2456987.13982,-5.74603978585,134.2159940871969,-31.259774017694234,51471.86414963276,-3836276.182254211,3942726.6917003463,-3317257.3155270787,-25.125916782153226
1559.32069091,3660.61593549,0.00065,5e-05,190,E,1,0.5,0.5,0.5,0.5,-,M,PW,nan,nan,nan,2014-11-25T15:21:20.086,11.7852222547,306.421368621,0.0387936881911,0.0387936881911,0.0487703102454,0.0487703102454,2456987.13982,nan,134.22368523648328,-31.253912126354596,50974.882445077994,-3836746.193821223,3942150.85440757,-3316439.3708270486,-7.128803137863812
1559.95133044,3665.03041218,0.00065,5e-05,191,S,1,0.5,0.5,0.5,0.5,-,M,PW,1121944.07702,18213377.8737,0.0616,2014-11-25T15:21:20.126,11.7451460213,306.517865637,0.039115681321,0.039115681321,0.0492846477518,0.0492846477518,2456987.13982,-5.65453958058,134.22665032587912,-31.251651932890997,50783.33084804938,-3836927.388656274,3941928.8625448076,-3316124.0437895786,-16.669794419938142
1560.73962985,3674.09585536,0.00065,5e-05,191,E,1,0.5,0.5,0.5,0.5,-,M,PW,nan,nan,nan,2014-11-25T15:21:20.186,11.6507840441,306.710086133,0.039115681321,0.039115681321,0.0492846477518,0.0492846477518,2456987.13982,nan,134.2327218191033,-31.247023272507242,50391.175913825406,-3837298.407247512,3941474.307048426,-3315478.3731048224,16.702413936726554
1561.44909931,3679.29863145,0.00065,5e-05,192,S,1,0.5,0.5,0.5,0.5,-,M,PW,1127288.34535,18300135.4765,0.0616,2014-11-25T15:21:20.226,11.6021984379,306.822996591,0.039115681321,0.039115681321,0.0492846477518,0.0492846477518,2456987.13982,-5.65969909765,134.23620199062796,-31.244369795136006,50166.44020129318,-3837511.070523005,3941213.761450344,-3315108.2826404837,11.098694030847318
1562.71037836,3688.83705429,0.00065,5e-05,192,E,1,0.5,0.5,0.5,0.5,-,M,PW,nan,nan,nan,2014-11-25T15:21:20.286,11.5116555105,307.029135458,0.0387978608485,0.0387978608485,0.0488179910244,0.0488179910244,2456987.13982,nan,134.24256856334472,-31.239514931090273,49755.40066697586,-3837900.105810389,3940737.1326981927,-3314431.258129229,6.990791929308093
1563.10452807,3693.09387109,0.00065,5e-05,193,S,0,0.5,0.5,0.5,0.5,-,M,PW,513335.525097,22126531.2542,0.0232,2014-11-25T15:21:20.326,11.4671851906,307.11907545,0.0387978608485,0.0387978608485,0.0488179910244,0.0488179910244,2456987.13982,-5.86584667435,134.2454017542568,-31.23735420302515,49572.52062698609,-3838073.2273644167,3940525.031860704,-3314129.9807405085,22.974473963885078
1563.81399754,3697.42951783,0.00065,5e-05,193,E,0,0.5,0.5,0.5,0.5,-,M,PW,nan,nan,nan,2014-11-25T15:21:20.346,11.4287258783,307.21398991,0.0387978608485,0.0387978608485,0.0488179910244,0.0488179910244,2456987.13982,nan,134.24828861505523,-31.235152376964965,49386.199567327945,-3838249.626389335,3940308.9156114743,-3313822.999683766,8.974007709243988
1565.39059635,3705.94315143,0.00065,5e-05,194,S,1,0.5,0.5,0.5,0.5,-,M,PW,1062586.65673,17249783.3884,0.0616,2014-11-25T15:21:20.426,11.3568893344,307.402103003,0.0387978608485,0.0387978608485,0.0488179910244,0.0488179910244,2456987.13982,-5.59552245019,134.25395104889162,-31.23083311582176,49020.80845994385,-3838595.6183926263,3939885.0215788996,-3313220.8818951687,-35.06178651805079
1566.41538558,3716.26987367,0.00065,5e-05,194,E,1,0.5,0.5,0.5,0.5,-,M,PW,nan,nan,nan,2014-11-25T15:21:20.486,11.2489249957,307.619748418,0.0387978608485,0.0387978608485,0.0488179910244,0.0488179910244,2456987.13982,nan,134.260785996875,-31.225618607230317,48579.87686563246,-3839013.2441749815,3939373.365022373,-3312494.1023449437,3.175963779890978
1567.04602511,3719.65956112,0.00065,5e-05,195,S,0,0.5,0.5,0.5,0.5,-,M,PW,544471.876716,23468615.3757,0.0232,2014-11-25T15:21:20.526,11.219932388,307.694351703,0.0385698642786,0.0385698642786,0.0492662157392,0.0492662157392,2456987.13982,-5.92978200412,134.2630308770038,-31.223905740684984,48435.08545275081,-3839150.4073027717,3939205.3188513448,-3312255.4021484177,-12.88175145467916
1567.59783469,3724.23169768,0.00065,5e-05,195,E,0,0.5,0.5,0.5,0.5,-,M,PW,nan,nan,nan,2014-11-25T15:21:20.546,11.1739565723,307.791502566,0.0385698642786,0.0385698642786,0.0492662157392,0.0492662157392,2456987.13982,nan,134.26604967558018,-31.22160220594784,48240.39990302454,-3839334.8552408605,3938979.341431252,-3311934.4138494483,-4.233478071248025
1569.41092333,3734.08544028,0.00065,5e-05,196,S,1,0.5,0.5,0.5,0.5,-,M,PW,1016017.64372,16493792.9176,0.0616,2014-11-25T15:21:20.626,11.0882995758,308.007505062,0.0385698642786,0.0385698642786,0.0492662157392,0.0492662157392,2456987.13982,-5.5468646796,134.2725565548347,-31.216636418444427,47820.85185611483,-3839732.416608381,3938492.2669044677,-3311242.5516989753,-45.33652472499594
1570.43571256,3743.07205353,0.00065,5e-05,196,E,1,0.5,0.5,0.5,0.5,-,M,PW,nan,nan,nan,2014-11-25T15:21:20.686,10.9954166212,308.196850893,0.0385698642786,0.0385698642786,0.0492662157392,0.0492662157392,2456987.13982,nan,134.27846196498402,-31.212128907508607,47440.18864720731,-3840093.220128048,3938050.2264599954,-3310614.65794619,-17.83383021978549
1571.38167185,3747.64419009,0.00065,5e-05,197,S,0,0.5,0.5,0.5,0.5,-,M,PW,532343.606546,22945845.1098,0.0232,2014-11-25T15:21:20.726,10.9574005322,308.297832732,0.0385698642786,0.0385698642786,0.0492662157392,0.0492662157392,2456987.13982,-5.90532347971,134.28147127276978,-31.209831677059967,47246.24632475863,-3840277.076890669,3937824.9733218243,-3310294.6984492224,-44.89768521013193
