outputs/SLLS_triangulation/40_2014-11-25_152058_DSC_0617-G_DN141125_01_2018-04-26_163631_martin_nocomment.ecsv
# %ECSV 0.9
# ---
# datatype:
# - {name: x_image, unit: pix, datatype: float64}
# - {name: y_image, unit: pix, datatype: float64}
# - {name: time_err_minus, unit: s, datatype: float64}
# - {name: time_err_plus, unit: s, datatype: float64}
# - {name: de_bruijn_sequence_element_index, datatype: object}
# - {name: dash_start_end, datatype: object}
# - {name: zero_or_one, datatype: int64}
# - {name: err_minus_x_image, unit: pix, datatype: float64}
# - {name: err_plus_x_image, unit: pix, datatype: float64}
# - {name: err_minus_y_image, unit: pix, datatype: float64}
# - {name: err_plus_y_image, unit: pix, datatype: float64}
# - {name: periodic_pulse, datatype: object}
# - {name: pick_flag, datatype: object}
# - {name: encoding_type, datatype: object}
# - {name: brightness_dash_V, unit: adu, datatype: float64}
# - {name: flux_dash_V, unit: adu / s, datatype: float64}
# - {name: aperture_exptime, unit: s, datatype: float64}
# - {name: datetime, datatype: string}
# - {name: altitude, datatype: float64}
# - {name: azimuth, datatype: float64}
# - {name: err_minus_altitude, datatype: float64}
# - {name: err_plus_altitude, datatype: float64}
# - {name: err_minus_azimuth, datatype: float64}
# - {name: err_plus_azimuth, datatype: float64}
# - {name: JD, datatype: float64, description: Julian Date}
# - {name: m_V, unit: adu / s, datatype: float64}
# - {name: longitude, unit: deg, datatype: float64}
# - {name: latitude, unit: deg, datatype: float64}
# - {name: height, unit: m, datatype: float64}
# - {name: X_geo, unit: m, datatype: float64}
# - {name: Y_geo, unit: m, datatype: float64}
# - {name: Z_geo, unit: m, datatype: float64}
# - {name: cross_track_error, unit: m, datatype: float64}
# delimiter: ','
# meta: !!omap
# - {origin: Desert Fireball Network}
# - {exposure_time: 25.0}
# - {lens_type: Fisheye}
# - {telescope: DFNSMALL40}
# - {observer: 'DFN automated software http://adsabs.harvard.edu/abs/2012M%26PSA..75.5123T'}
# - {creator: raw_to_fits 6.0}
# - {timing_correction_dictionary_version: DEBUG}
# - {isodate_mid_obs: '2014-11-25T15:21:10.500'}
# - {sidereal_time_hour: 4.725841279690901}
# - {point_picking_user_comment: nocomment}
# - {point_picking_hostname: work-desktop-debian}
# - {obs_latitude: -32.4592366667}
# - {original_raw_filename: 40_2014-11-25_152058_DSC_0617.NEF}
# - {cropped: false}
# - {obs_elevation: 284.0}
# - {instrument: Nikon D800}
# - {gps_lock: Y}
# - {filter_pattern: RG/GB}
# - {location: MountIves}
# - {aperture: 4.0}
# - {isodate_start_obs: '2014-11-25T15:20:58'}
# - {image_file: 40_2014-11-25_152058_DSC_0617-G.tiff}
# - {timing_corrected: true}
# - {NAXIS2: 4924}
# - {NAXIS1: 7378}
# - {event_codename: DN141125_01}
# - {jd_mid_obs: 2456987.139704861}
# - {lens: Samyang_8mm_F3.5}
# - {timing_de_bruijn_encoding_type: pulse_width}
# - {jd_start_obs: 2456987.1395601854}
# - {focal: 8.0}
# - {dfn_camera_codename: DFNSMALL40}
# - {point_picking_write_time: '2018-04-26T16:36:31'}
# - {tracking: 'NO'}
# - {point_picking_software: point_picker.py 1.5}
# - {obs_longitude: 136.1033}
# - {sidereal_time_hms: 4h43m33.0286s}
# - {location_info: 'YES'}
# - {processing_filter: GREEN_INTERPOL}
# - {iso: '6400'}
# - {point_picking_user: martin}
# - {shutter_inversion: 'False'}
# - {camera_filter: RG/GB}
[...]
# - {triangulation_ra_eci_end: -14.91036325607215}
# - {triangulation_ra_eci_end_err: 0.021520224018896077}
# - {triangulation_dec_eci_end: -46.65428728808717}
# - {triangulation_dec_eci_end_err: 0.013887424888197846}
# - {triangulation_ra_ecef_end: 50.777890311629115}
# - {triangulation_ra_ecef_end_err: 0.021520224018896077}
# - {triangulation_dec_ecef_end: -47.73716719587527}
# - {triangulation_dec_ecef_end_err: 0.013887424888197846}
# - {triangulation_slope_end: 27.23374684233825}
# - {triangulation_slope_end_err: 0.014422129018313568}
# - {triangulation_azimuth_end: -131.34623865441898}
# - {triangulation_azimuth_end_err: 0.01567828623241846}
# - {triangulation_file_1: 36_2014-11-25_152058_DSC_0594-G_DN141125_01_2018-04-26_163106_martin_nocomment.ecsv}
# - {triangulation_file_2: 38_2014-11-25_152058_DSC_0559-G_DN141125_01_2018-04-26_163331_martin_nocomment.ecsv}
# - {triangulation_file_3: 40_2014-11-25_152058_DSC_0617-G_DN141125_01_2018-04-26_163631_martin_nocomment.ecsv}
# - {triangulation_file_4: 40_2014-11-25_152058_DSC_0617-G_DN141125_01_2018-04-26_163631_martin_nocomment.ecsv}
# - {triangulation_file_5: 38_2014-11-25_152058_DSC_0559-G_DN141125_01_2018-04-26_163331_martin_nocomment.ecsv}
# schema: astropy-2.0
x_image,y_image,time_err_minus,time_err_plus,de_bruijn_sequence_element_index,dash_start_end,zero_or_one,err_minus_x_image,err_plus_x_image,err_minus_y_image,err_plus_y_image,periodic_pulse,pick_flag,encoding_type,brightness_dash_V,flux_dash_V,aperture_exptime,datetime,altitude,azimuth,err_minus_altitude,err_plus_altitude,err_minus_azimuth,err_plus_azimuth,JD,m_V,longitude,latitude,height,X_geo,Y_geo,Z_geo,cross_track_error
1535.67170869,3180.22627653,0.00065,5e-05,154,S,1,0.5,0.5,0.5,0.5,-,M,PW,8165.33740828,132554.178706,0.0616,2014-11-25T15:21:16.426,16.2167841815,295.650660191,0.0284359621504,0.0284359621504,0.0219034642487,0.0219034642487,2456987.13977,-0.309546893573,133.87138453204187,-31.521197441686695,73911.06550278571,-3815201.6891538943,3968546.2244634773,-3353932.5191753665,69.84787570269371
1535.04106916,3189.13405984,0.00065,5e-05,154,E,1,0.5,0.5,0.5,0.5,-,M,PW,nan,nan,nan,2014-11-25T15:21:16.486,16.1265906681,295.854679768,0.0285876637207,0.0285876637207,0.0219456179026,0.0219456179026,2456987.13977,nan,133.87864547746523,-31.515713911103507,73434.81176616966,-3815646.0414016536,3968001.823828796,-3353159.2284916677,118.30984554059606
1535.19872904,3194.17917604,0.00065,5e-05,155,S,1,0.5,0.5,0.5,0.5,-,M,PW,6770.51465249,109910.952151,0.0616,2014-11-25T15:21:16.526,16.0883809629,295.97394874,0.0285876637207,0.0285876637207,0.0219456179026,0.0219456179026,2456987.13977,-0.106165760921,133.88269785057835,-31.512653061466548,73169.07668334781,-3815894.0308807692,3967697.998135316,-3352727.6610700507,87.96294309624098
1534.88340928,3201.98334018,0.00065,5e-05,155,E,1,0.5,0.5,0.5,0.5,-,M,PW,nan,nan,nan,2014-11-25T15:21:16.586,16.0144738894,296.153816991,0.0284273785821,0.0284273785821,0.0219530801989,0.0219530801989,2456987.13978,nan,133.8889969459007,-31.50789455513191,72756.10443972946,-3816279.502603102,3967225.7353047626,-3352056.8381064837,106.73111965537798
1534.41042963,3207.8167558,0.00065,5e-05,156,S,1,0.5,0.5,0.5,0.5,-,M,PW,10159.3031294,164923.752101,0.0616,2014-11-25T15:21:16.626,15.9528037548,296.286140746,0.0284273785821,0.0284273785821,0.0219530801989,0.0219530801989,2456987.13978,-0.546771352222,133.89371011446687,-31.504333578180958,72447.17971685716,-3816567.917196206,3966872.382557413,-3351554.9202721207,149.09703199526757
1534.41042963,3213.88666123,0.00065,5e-05,156,E,1,0.5,0.5,0.5,0.5,-,M,PW,nan,nan,nan,2014-11-25T15:21:16.686,15.9008759484,296.427433833,0.0284273785821,0.0284273785821,0.0219530801989,0.0219530801989,2456987.13978,nan,133.89855846181172,-31.500670001924714,72129.46013894767,-3816864.597854658,3966508.902593998,-3351038.6172931856,138.28722606210505
1534.80457934,3217.98581815,0.00065,5e-05,157,S,0,0.5,0.5,0.5,0.5,-,M,PW,4058.54482825,174937.27708,0.0232,2014-11-25T15:21:16.726,15.8756580854,296.525839394,0.0284273785821,0.0284273785821,0.0219530801989,0.0219530801989,2456987.13978,-0.610769241544,133.90179252290568,-31.498225972175433,71917.5640943945,-3817062.493544862,3966266.4495853973,-3350694.2263412983,86.94020838232512
1534.80457934,3223.18859424,0.00065,5e-05,157,E,0,0.5,0.5,0.5,0.5,-,M,PW,nan,nan,nan,2014-11-25T15:21:16.746,15.8306569383,296.646652817,0.0285666302022,0.0285666302022,0.021977375565,0.021977375565,2456987.13978,nan,133.90593037203422,-31.495098628824483,71646.49481799277,-3817315.6890723975,3965956.2456726595,-3350253.5990156024,79.51324690544197
1534.56808952,3230.04679909,0.00065,5e-05,158,S,1,0.5,0.5,0.5,0.5,-,M,PW,16176.8605829,262611.373099,0.0616,2014-11-25T15:21:16.826,15.7649320147,296.803759147,0.0285666302022,0.0285666302022,0.021977375565,0.021977375565,2456987.13978,-1.05184716171,133.91138871434867,-31.49097274314621,71288.9943648615,-3817649.6790089635,3965547.0560390735,-3349672.3680041735,97.93656728441566
1534.36023346,3238.82950473,0.00065,5e-05,158,E,1,0.5,0.5,0.5,0.5,-,M,PW,nan,nan,nan,2014-11-25T15:21:16.886,15.6825545213,297.005253708,0.0281706813669,0.0281706813669,0.0219621992598,0.0219621992598,2456987.13978,nan,133.91834566434346,-31.485713211026095,70833.46279664057,-3818075.355987274,3965025.5355149177,-3348931.5772390715,113.0206247701414
1534.71940285,3242.85220195,0.00065,5e-05,159,S,1,0.5,0.5,0.5,0.5,-,M,PW,16723.5384403,271486.013641,0.0616,2014-11-25T15:21:16.926,15.6561137441,297.101052875,0.0281706813669,0.0281706813669,0.0219621992598,0.0219621992598,2456987.13978,-1.08793198708,133.9214879340597,-31.483337300419155,70627.7560738775,-3818267.6189058498,3964789.983527894,-3348596.9888027464,69.51861122608904
1534.64756897,3250.25109148,0.00065,5e-05,159,E,1,0.5,0.5,0.5,0.5,-,M,PW,nan,nan,nan,2014-11-25T15:21:16.986,15.5884983469,297.271073639,0.0281706813669,0.0281706813669,0.0219621992598,0.0219621992598,2456987.13978,nan,133.92730905898557,-31.47893534753426,70246.75342815777,-3818623.783563587,3964353.6264109877,-3347977.1678992184,73.64498877078289
1534.50390121,3254.13012095,0.00065,5e-05,160,S,1,0.5,0.5,0.5,0.5,-,M,PW,39529.1685936,641707.282363,0.0616,2014-11-25T15:21:17.026,15.5501662379,297.359201739,0.0281706813669,0.0281706813669,0.0219621992598,0.0219621992598,2456987.13978,-2.02190575524,133.93036094485583,-31.476627229227542,70047.04047353257,-3818810.509269452,3964124.858371,-3347652.215680611,88.45893556151101
1534.48925957,3262.52473468,0.00065,5e-05,160,E,1,0.5,0.5,0.5,0.5,-,M,PW,nan,nan,nan,2014-11-25T15:21:17.086,15.4742393324,297.552009118,0.0275631551507,0.0275631551507,0.0220059736019,0.0220059736019,2456987.13978,nan,133.93692541969608,-31.47166193068154,69617.55564160841,-3819212.1401135307,3963632.798102313,-3346953.2715623393,88.90400320327292
1534.50390121,3267.99405958,0.00065,5e-05,161,S,0,0.5,0.5,0.5,0.5,-,M,PW,10796.6429247,465372.539856,0.0232,2014-11-25T15:21:17.126,15.4250326888,297.677587214,0.0276290684294,0.0276290684294,0.0217331606036,0.0217331606036,2456987.13978,-1.673065219,133.9411874871877,-31.468437683765618,69338.77237890933,-3819472.8980564806,3963313.3290541517,-3346499.4836294544,87.75731203562013
1534.57573509,3271.72942129,0.00065,5e-05,161,E,0,0.5,0.5,0.5,0.5,-,M,PW,nan,nan,nan,2014-11-25T15:21:17.146,15.3928269872,297.763758467,0.0276290684294,0.0276290684294,0.0217331606036,0.0217331606036,2456987.13978,nan,133.9440881343674,-31.466243139808856,69149.0694061929,-3819650.3601581715,3963095.910370485,-3346190.652537367,80.63413691188745
1534.71940285,3278.40997203,0.00065,5e-05,162,S,0,0.5,0.5,0.5,0.5,-,M,PW,9412.48915291,405710.73935,0.0232,2014-11-25T15:21:17.226,15.335285812,297.917787209,0.0276290684294,0.0276290684294,0.0217331606036,0.0217331606036,2456987.13978,-1.52410459513,133.94926319606856,-31.462327420145744,68810.67821694413,-3819966.9659906714,3962708.0189689538,-3345639.6744745537,67.40012292451576
1535.03390372,3285.60908727,0.00065,5e-05,162,E,0,0.5,0.5,0.5,0.5,-,M,PW,nan,nan,nan,2014-11-25T15:21:17.246,15.2768258419,298.084813837,0.0276073107345,0.0276073107345,0.0215792117827,0.0215792117827,2456987.13978,nan,133.9548128929578,-31.45812763267585,68447.87410127025,-3820306.484072142,3962292.0564978058,-3345048.823025794,37.06457724004524
1534.80457934,3292.00713252,0.00065,5e-05,163,S,1,0.5,0.5,0.5,0.5,-,M,PW,55724.1243852,904612.40885,0.0616,2014-11-25T15:21:17.326,15.2116840145,298.228688116,0.0275369659471,0.0275369659471,0.021636005642,0.021636005642,2456987.13978,-2.39471968756,133.9597641322524,-31.454380210202636,68124.2667638322,-3820609.3832097533,3961920.9579299656,-3344521.698244955,68.27603688535558
1535.04106916,3299.73246672,0.00065,5e-05,163,E,1,0.5,0.5,0.5,0.5,-,M,PW,nan,nan,nan,2014-11-25T15:21:17.386,15.1454233453,298.406409317,0.0275369659471,0.0275369659471,0.021636005642,0.021636005642,2456987.13978,nan,133.9656909961624,-31.44989372168493,67736.98473991329,-3820971.9593468285,3961476.7457533893,-3343890.7196680596,50.63023898137348
1535.27755898,3304.61992304,0.00065,5e-05,164,S,1,0.5,0.5,0.5,0.5,-,M,PW,54298.7308925,881472.904098,0.0616,2014-11-25T15:21:17.426,15.105391497,298.519403902,0.0275369659471,0.0275369659471,0.021636005642,0.021636005642,2456987.13979,-2.36658575283,133.96942543708357,-31.447066479408022,67493.01424187554,-3821200.409317462,3961196.858997707,-3343493.1561700176,30.89711612263291
1535.1198991,3312.89706682,0.00065,5e-05,164,E,1,0.5,0.5,0.5,0.5,-,M,PW,nan,nan,nan,2014-11-25T15:21:17.486,15.0231332666,298.705627688,0.0275369659471,0.0275369659471,0.021636005642,0.021636005642,2456987.13979,nan,133.9757664468861,-31.442265232131636,67078.84716571255,-3821588.304888535,3960721.6265753503,-3342818.115067218,61.159479562701854
1535.35638892,3316.60207404,0.00065,5e-05,165,S,1,0.5,0.5,0.5,0.5,-,M,PW,95661.7188943,1552949.98205,0.0616,2014-11-25T15:21:17.526,14.9937866537,298.791493619,0.0275369659471,0.0275369659471,0.021636005642,0.021636005642,2456987.13979,-2.98145700567,133.9785791677723,-31.440135253860046,66895.16886756069,-3821760.362843567,3960510.8288121033,-3342518.6886226493,41.46182750617059
1535.43521886,3324.56389805,0.00065,5e-05,165,E,1,0.5,0.5,0.5,0.5,-,M,PW,nan,nan,nan,2014-11-25T15:21:17.586,14.9195781801,298.97200648,0.0275369659471,0.0275369659471,0.021636005642,0.021636005642,2456987.13979,nan,133.98463424204442,-31.43554941025363,66499.83191325839,-3822130.753122904,3960057.043095552,-3341874.111367132,48.154372024054176
1535.59287874,3329.37252444,0.00065,5e-05,166,S,0,0.5,0.5,0.5,0.5,-,M,PW,34384.1499899,1482075.4306,0.0232,2014-11-25T15:21:17.626,14.8772251372,299.081794582,0.0275369659471,0.0275369659471,0.021636005642,0.021636005642,2456987.13979,-2.93073910489,133.98827522643487,-31.43279153516275,66262.16119055156,-3822353.468481239,3959784.182132111,-3341486.52761441,41.07823635518284
1535.50957552,3334.22489597,0.00065,5e-05,166,E,0,0.5,0.5,0.5,0.5,-,M,PW,nan,nan,nan,2014-11-25T15:21:17.646,14.8282447057,299.190305556,0.0275369659471,0.0275369659471,0.021636005642,0.021636005642,2456987.13979,nan,133.9919554446897,-31.430003670808016,66021.96745898615,-3822578.5803109542,3959508.3851183923,-3341094.773366317,61.38963471866822
1536.22351827,3341.35467544,0.00065,5e-05,167,S,1,0.5,0.5,0.5,0.5,-,M,PW,135297.229651,2196383.59823,0.0616,2014-11-25T15:21:17.726,14.7766764898,299.356849767,0.0275369659471,0.0275369659471,0.021636005642,0.021636005642,2456987.13979,-3.35783381531,133.9973041453457,-31.425951399581532,65672.94646312635,-3822905.743846391,3959107.558888224,-3340525.422102146,0.7403570939705495
1536.46000809,3350.97192821,0.00065,5e-05,167,E,1,0.5,0.5,0.5,0.5,-,M,PW,nan,nan,nan,2014-11-25T15:21:17.786,14.6883270073,299.574599113,0.0275369659471,0.0275369659471,0.021636005642,0.021636005642,2456987.13979,nan,134.0045340329177,-31.420472991225612,65201.299991297245,-3823347.962245787,3958565.7725497666,-3339755.844880162,1.4966464963364088
1536.46000809,3355.85938453,0.00065,5e-05,168,S,1,0.5,0.5,0.5,0.5,-,M,PW,127588.301743,2071238.66465,0.0616,2014-11-25T15:21:17.826,14.6401378027,299.683957236,0.0275369659471,0.0275369659471,0.021636005642,0.021636005642,2456987.13979,-3.29413869719,134.00820339798236,-31.417692146639066,64961.98301376478,-3823572.395068799,3958290.8074248973,-3339365.272283699,16.185064346312455
1536.46000809,3363.97886843,0.00065,5e-05,168,E,1,0.5,0.5,0.5,0.5,-,M,PW,nan,nan,nan,2014-11-25T15:21:17.886,14.5596282067,299.865277444,0.0275369659471,0.0275369659471,0.021636005642,0.021636005642,2456987.13979,nan,134.01428265988855,-31.413084353856934,64565.57559117881,-3823944.2191675287,3957835.2650565202,-3338718.1998024136,42.23118937277868
1536.69649792,3367.36855588,0.00065,5e-05,169,S,0,0.5,0.5,0.5,0.5,-,M,PW,74576.6170943,3214509.35751,0.0232,2014-11-25T15:21:17.926,14.5316875753,299.942979512,0.0275369659471,0.0275369659471,0.021636005642,0.021636005642,2456987.13979,-3.77135007141,134.01680320038912,-31.41117368502821,64401.25055903745,-3824098.3794962764,3957646.394669938,-3338449.9199712262,27.934002952887543
1536.93298774,3372.09835233,0.00065,5e-05,169,E,0,0.5,0.5,0.5,0.5,-,M,PW,nan,nan,nan,2014-11-25T15:21:17.946,14.490216807,300.050442202,0.0275369659471,0.0275369659471,0.021636005642,0.021636005642,2456987.13979,nan,134.0203192019568,-31.408508203672778,64172.05704421854,-3824313.421146105,3957382.935193273,-3338075.6905051703,18.833948197629276
1537.48479732,3379.98134641,0.00065,5e-05,170,S,1,0.5,0.5,0.5,0.5,-,M,PW,316583.178154,5139337.3077,0.0616,2014-11-25T15:21:18.026,14.4245288381,300.230683708,0.0275369659471,0.0275369659471,0.021636005642,0.021636005642,2456987.13979,-4.28083114172,134.02615778449695,-31.40408142288499,63791.54125466133,-3824670.5069185086,3956945.449567596,-3337454.266617988,-11.78315425330785
1537.72128715,3389.59859918,0.00065,5e-05,170,E,1,0.5,0.5,0.5,0.5,-,M,PW,nan,nan,nan,2014-11-25T15:21:18.086,14.3328887058,300.446071796,0.0275369659471,0.0275369659471,0.021636005642,0.021636005642,2456987.13979,nan,134.0332761850628,-31.398683361643325,63327.74658451182,-3825105.854282258,3956412.0813167836,-3336696.6468191505,1.1003356086930973
1537.87894703,3393.30360639,0.00065,5e-05,171,S,0,0.5,0.5,0.5,0.5,-,M,PW,92904.5798461,4004507.75199,0.0232,2014-11-25T15:21:18.126,14.2990035577,300.529502609,0.0275369659471,0.0275369659471,0.021636005642,0.021636005642,2456987.13979,-4.00993618234,134.03600843056714,-31.396611160256818,63149.766941927446,-3825272.949639763,3956207.3635075754,-3336405.8566095824,-0.35379536484045454
1537.87894703,3398.42755254,0.00065,5e-05,171,E,0,0.5,0.5,0.5,0.5,-,M,PW,nan,nan,nan,2014-11-25T15:21:18.146,14.246598433,300.642725209,0.0275369659471,0.0275369659471,0.021636005642,0.021636005642,2456987.13979,nan,134.03978954493368,-31.393743223009213,62903.498306062014,-3825504.1873399615,3955924.0613494674,-3336003.441723228,21.943772946948567
1538.43075661,3407.02001608,0.00065,5e-05,172,S,1,0.5,0.5,0.5,0.5,-,M,PW,320874.971845,5209009.2832,0.0616,2014-11-25T15:21:18.226,14.1717235471,300.837327136,0.0275369659471,0.0275369659471,0.021636005642,0.021636005642,2456987.13979,-4.29545116408,134.04609072904438,-31.388963197827522,62493.18412768806,-3825889.534328245,3955451.9513375307,-3335332.8358299676,1.6039861383353728
1538.66724643,3415.29715986,0.00065,5e-05,172,E,1,0.5,0.5,0.5,0.5,-,M,PW,nan,nan,nan,2014-11-25T15:21:18.286,14.0917663434,301.021601182,0.0275369659471,0.0275369659471,0.021636005642,0.021636005642,2456987.13979,nan,134.05215266057402,-31.38436391219406,62098.5551797672,-3826260.24045617,3954997.7786573204,-3334687.7089141933,16.112196027005623
1539.06139614,3421.05174554,0.00065,5e-05,173,S,1,0.5,0.5,0.5,0.5,-,M,PW,536136.035524,8703507.0702,0.0616,2014-11-25T15:21:18.326,14.0414311373,301.151614627,0.0275369659471,0.0275369659471,0.021636005642,0.021636005642,2456987.1398,-4.85279905168,134.05634725858306,-31.381180969060278,61825.549530698474,-3826516.7478663735,3954683.5171730598,-3334241.3180348617,2.7871722329723045
1539.29788596,3428.30410009,0.00065,5e-05,173,E,1,0.5,0.5,0.5,0.5,-,M,PW,nan,nan,nan,2014-11-25T15:21:18.386,13.9712408749,301.312720266,0.0275369659471,0.0275369659471,0.021636005642,0.021636005642,2456987.1398,nan,134.061630033573,-31.37717179119172,61481.79051670132,-3826839.793010108,3954287.736613455,-3333679.1338638044,15.481930839965123
1539.69203566,3433.3492163,0.00065,5e-05,174,S,1,0.5,0.5,0.5,0.5,-,M,PW,617743.356904,10028301.2484,0.0616,2014-11-25T15:21:18.426,13.927728981,301.426772794,0.0275369659471,0.0275369659471,0.021636005642,0.021636005642,2456987.1398,-5.00663176458,134.06528854513857,-31.37439496162865,61243.771233559135,-3827063.5092720995,3954013.649387317,-3333289.808273437,0.6961171866977945
1539.61320572,3442.2569996,0.00065,5e-05,174,E,1,0.5,0.5,0.5,0.5,-,M,PW,nan,nan,nan,2014-11-25T15:21:18.486,13.8315599458,301.620371487,0.0275369659471,0.0275369659471,0.021636005642,0.021636005642,2456987.1398,nan,134.07175670020737,-31.369484937461767,60823.05170643188,-3827459.0256867497,3953529.080245948,-3332601.50488296,59.45374964862463
1540.55916501,3446.90796611,0.00065,5e-05,175,S,0,0.5,0.5,0.5,0.5,-,M,PW,226994.994286,9784266.9951,0.0232,2014-11-25T15:21:18.526,13.8050041881,301.730697052,0.0275369659471,0.0275369659471,0.021636005642,0.021636005642,2456987.1398,-4.97988407382,134.07509397313268,-31.366951259068582,60606.02583185616,-3827663.090005473,3953279.0697077117,-3332246.378882496,-14.283499568474966
