outputs/SLLS_triangulation/DN141125_01_triangulation_all_timesteps.ecsv
# %ECSV 0.9
# ---
# datatype:
# - {name: datetime, datatype: string}
# - {name: t_rel, datatype: float64}
# - {name: no_cams, datatype: int64}
# - {name: latitude, datatype: float64}
# - {name: longitude, datatype: float64}
# - {name: height, datatype: float64}
# - {name: X_geo, datatype: float64}
# - {name: Y_geo, datatype: float64}
# - {name: Z_geo, datatype: float64}
# - {name: D_DT_geo, datatype: float64}
# - {name: D_DT_eci, datatype: float64}
# delimiter: ','
# meta: !!omap
# - {vel_inf_ecef: 14108.26468107361}
# - {vel_inf_eci: 14379.080407699405}
# - {triangulation_frame: ECEF}
# - {triangulation_t0: '2014-11-25T15:21:15.386'}
# - {event_codename: DN141125_01}
# - {triangulation_radiant_inf_time: '2014-11-25T15:21:15.386'}
# - {triangulation_ra_eci_inf: -14.899279944606027}
# - {triangulation_ra_eci_inf_err: .nan}
# - {triangulation_dec_eci_inf: -46.70136382225404}
# - {triangulation_dec_eci_inf_err: .nan}
# - {triangulation_ra_ecef_inf: 50.79280429854342}
# - {triangulation_ra_ecef_inf_err: .nan}
# - {triangulation_dec_ecef_inf: -47.79676212219182}
# - {triangulation_dec_ecef_inf_err: .nan}
# - {triangulation_slope_inf: 26.711885760257985}
# - {triangulation_slope_inf_err: .nan}
# - {triangulation_azimuth_inf: -130.31182230794158}
# - {triangulation_azimuth_inf_err: .nan}
# - {triangulation_radiant_end_time: '2014-11-25T15:21:24.626'}
# - {triangulation_ra_eci_end: -14.899279944606027}
# - {triangulation_ra_eci_end_err: .nan}
# - {triangulation_dec_eci_end: -46.70136382225404}
# - {triangulation_dec_eci_end_err: .nan}
# - {triangulation_ra_ecef_end: 50.719578200159454}
# - {triangulation_ra_ecef_end_err: .nan}
# - {triangulation_dec_ecef_end: -47.796849521064495}
# - {triangulation_dec_ecef_end_err: .nan}
# - {triangulation_slope_end: 26.70708492720837}
# - {triangulation_slope_end_err: .nan}
# - {triangulation_azimuth_end: -130.31407793141858}
# - {triangulation_azimuth_end_err: .nan}
# - {triangulation_file_0: 36_2014-11-25_152058_DSC_0594-G_DN141125_01_2018-04-26_163106_martin_nocomment.ecsv}
# - {triangulation_file_1: 38_2014-11-25_152058_DSC_0559-G_DN141125_01_2018-04-26_163331_martin_nocomment.ecsv}
# - {triangulation_file_2: 40_2014-11-25_152058_DSC_0617-G_DN141125_01_2018-04-26_163631_martin_nocomment.ecsv}
# - {telescope: multiple_telescopes_0}
# - {astropy_version: 3.0.1}
# - {numpy_version: 1.14.2}
# - {scipy_version: 1.0.1}
# schema: astropy-2.0
datetime,t_rel,no_cams,latitude,longitude,height,X_geo,Y_geo,Z_geo,D_DT_geo,D_DT_eci
[from data line 164]
2014-11-25T15:21:23.546,8.160004019737244,3,-31.046950885083113,134.49423272203697,33599.16822765834,-3853270.444746275,3921906.0762240724,-3287682.79457504,7565.570159118953,7833.773815191421
2014-11-25T15:21:23.626,8.23998749256134,3,-31.04376146987141,134.49838695976564,33333.97791869319,-3853524.0376293906,3921595.385488929,-3287241.475745318,7350.514384358625,7618.552321313961
2014-11-25T15:21:23.686,8.300015330314636,3,-31.04142779736134,134.50142629787425,33139.98934860665,-3853709.56958858,3921368.079974339,-3286918.600962321,7190.366561758292,7458.274630650025
2014-11-25T15:21:23.726,8.340007066726685,3,-31.03990141095527,134.50341410763383,33013.12967368501,-3853830.911363284,3921219.4174222862,-3286707.434113508,7084.388897113042,7352.207793423109
2014-11-25T15:21:23.786,8.399994671344757,3,-31.037654025813655,134.50634068294656,32826.379416442236,-3854009.556473432,3921000.54936921,-3286396.5442731567,6926.647863703254,7194.328945791265
2014-11-25T15:21:23.826,8.439986407756805,3,-31.036183690712956,134.50825525103375,32704.220338188097,-3854126.4251728947,3920857.3670302373,-3286193.161760823,6822.388379894523,7089.974878336842
2014-11-25T15:21:23.886,8.500014245510101,3,-31.034018241320727,134.51107477268513,32524.33953517817,-3854298.532312705,3920646.509007985,-3285893.649721704,6667.384259802441,6934.824655435983
2014-11-25T15:21:23.926,8.54000598192215,2,-31.032602994506696,134.51291738045958,32406.796358770396,-3854411.0063984646,3920508.7107545016,-3285697.915001977,6565.184915381264,6832.525253287595
2014-11-25T15:21:23.946,8.560001850128174,2,-31.031903524711904,134.5138280355543,32348.70761961418,-3854466.593138235,3920440.608350241,-3285601.1793418815,6514.423611000983,6781.713061921634
2014-11-25T15:21:24.026,8.63998532295227,2,-31.02915943266835,134.51740041823834,32120.855612027404,-3854684.6508886833,3920173.45368108,-3285221.7010613503,6313.765466485094,6580.845721187407
2014-11-25T15:21:24.046,8.659981191158295,2,-31.02848672843631,134.51827612359548,32065.007296611562,-3854738.103368611,3920107.96607717,-3285128.679579053,6264.224029584775,6531.2506069422625
2014-11-25T15:21:24.126,8.740004897117615,2,-31.025847070120438,134.52171215312669,31845.894645036635,-3854947.834623784,3919851.012660136,-3284763.6916071833,6068.598496668722,6335.404346176965
2014-11-25T15:21:24.186,8.799992501735687,2,-31.023922628472906,134.52421699276047,31686.184207365583,-3855100.725390237,3919663.697684881,-3284497.6211508783,5924.843030573576,6191.477439730045
2014-11-25T15:21:24.226,8.839984238147736,2,-31.02266507688171,134.52585372370433,31581.834606910706,-3855200.6276206393,3919541.301910106,-3284323.764791558,5830.439452083028,6096.956614270118
2014-11-25T15:21:24.246,8.85998010635376,2,-31.02204383220571,134.5266622612114,31530.289182127402,-3855249.97862909,3919480.839246852,-3284237.880956699,5783.677808815972,6050.135513899455
2014-11-25T15:21:24.326,8.94000381231308,2,-31.019607122918714,134.52983342329352,31328.140893773074,-3855443.536571386,3919243.700654294,-3283901.038835863,5599.543674113147,5865.757480639201
2014-11-25T15:21:24.386,8.999991416931152,1,-31.01783157188624,134.5321439793981,31180.87053200756,-3855584.564304695,3919070.9197402596,-3283655.613201446,5464.738556005288,5730.763341232694
2014-11-25T15:21:24.426,9.0399831533432,2,-31.016671687376743,134.53365328176906,31084.678677611828,-3855676.685824137,3918958.056546915,-3283495.2973414226,5376.436283210807,5642.3321157322125
2014-11-25T15:21:24.446,9.059979021549225,2,-31.016098790009455,134.53439874363698,31037.17078598998,-3855722.185510336,3918902.3123525972,-3283416.1158280484,5332.760724172701,5598.59119314475
2014-11-25T15:21:24.526,9.140002727508545,2,-31.013852266935718,134.5373218088451,30850.90054008047,-3855900.5951968706,3918683.732730074,-3283105.6356871817,5161.176034869362,5426.738971644733
2014-11-25T15:21:24.586,9.199990332126617,2,-31.01221576665467,134.53945100073472,30715.234511154606,-3856030.54946322,3918524.518535847,-3282879.4808202228,5035.944306026646,5301.300463874661
2014-11-25T15:21:24.626,9.239982068538666,1,-31.011146885155366,134.54084161969044,30626.635160121412,-3856115.424693775,3918420.5331737474,-3282731.775423444,4954.081557216681,5219.296867175574
