outputs/SLLS_triangulation/DN141125_01_triangulation_all_timesteps.ecsv
# %ECSV 0.9
# ---
# datatype:
# - {name: datetime, datatype: string}
# - {name: t_rel, datatype: float64}
# - {name: no_cams, datatype: int64}
# - {name: latitude, datatype: float64}
# - {name: longitude, datatype: float64}
# - {name: height, datatype: float64}
# - {name: X_geo, datatype: float64}
# - {name: Y_geo, datatype: float64}
# - {name: Z_geo, datatype: float64}
# - {name: D_DT_geo, datatype: float64}
# - {name: D_DT_eci, datatype: float64}
# delimiter: ','
# meta: !!omap
# - {vel_inf_ecef: 14108.26468107361}
# - {vel_inf_eci: 14379.080407699405}
# - {triangulation_frame: ECEF}
# - {triangulation_t0: '2014-11-25T15:21:15.386'}
# - {event_codename: DN141125_01}
# - {triangulation_radiant_inf_time: '2014-11-25T15:21:15.386'}
# - {triangulation_ra_eci_inf: -14.899279944606027}
# - {triangulation_ra_eci_inf_err: .nan}
# - {triangulation_dec_eci_inf: -46.70136382225404}
# - {triangulation_dec_eci_inf_err: .nan}
# - {triangulation_ra_ecef_inf: 50.79280429854342}
# - {triangulation_ra_ecef_inf_err: .nan}
# - {triangulation_dec_ecef_inf: -47.79676212219182}
# - {triangulation_dec_ecef_inf_err: .nan}
# - {triangulation_slope_inf: 26.711885760257985}
# - {triangulation_slope_inf_err: .nan}
# - {triangulation_azimuth_inf: -130.31182230794158}
# - {triangulation_azimuth_inf_err: .nan}
# - {triangulation_radiant_end_time: '2014-11-25T15:21:24.626'}
# - {triangulation_ra_eci_end: -14.899279944606027}
# - {triangulation_ra_eci_end_err: .nan}
# - {triangulation_dec_eci_end: -46.70136382225404}
# - {triangulation_dec_eci_end_err: .nan}
# - {triangulation_ra_ecef_end: 50.719578200159454}
# - {triangulation_ra_ecef_end_err: .nan}
# - {triangulation_dec_ecef_end: -47.796849521064495}
# - {triangulation_dec_ecef_end_err: .nan}
# - {triangulation_slope_end: 26.70708492720837}
# - {triangulation_slope_end_err: .nan}
# - {triangulation_azimuth_end: -130.31407793141858}
# - {triangulation_azimuth_end_err: .nan}
# - {triangulation_file_0: 36_2014-11-25_152058_DSC_0594-G_DN141125_01_2018-04-26_163106_martin_nocomment.ecsv}
# - {triangulation_file_1: 38_2014-11-25_152058_DSC_0559-G_DN141125_01_2018-04-26_163331_martin_nocomment.ecsv}
# - {triangulation_file_2: 40_2014-11-25_152058_DSC_0617-G_DN141125_01_2018-04-26_163631_martin_nocomment.ecsv}
# - {telescope: multiple_telescopes_0}
# - {astropy_version: 3.0.1}
# - {numpy_version: 1.14.2}
# - {scipy_version: 1.0.1}
# schema: astropy-2.0
datetime,t_rel,no_cams,latitude,longitude,height,X_geo,Y_geo,Z_geo,D_DT_geo,D_DT_eci
[from data line 82]
2014-11-25T15:21:19.446,4.060006141662598,3,-31.30062108031312,134.1623567507021,54942.4129643266,-3832997.962157028,3946743.0213364176,-3322962.2873665346,13723.866546442938,13994.606321006777
2014-11-25T15:21:19.526,4.139989614486694,3,-31.294814733782644,134.1699858665504,54448.28310998736,-3833464.2836509664,3946171.704957248,-3322150.764371681,13697.998298199795,13968.732330776951
2014-11-25T15:21:19.586,4.20001745223999,3,-31.290463556520756,134.17570198465964,54078.163854728,-3833813.6657892093,3945743.6574819293,-3321542.746849735,13677.474797949946,13948.20425615713
2014-11-25T15:21:19.626,4.240009188652039,3,-31.287567984182797,134.17950540241395,53831.94328710602,-3834046.134861023,3945458.8467020188,-3321138.1890504025,13663.249379439623,13933.975641747418
2014-11-25T15:21:19.646,4.260005056858063,3,-31.286121214023822,134.18140563305695,53708.94400666118,-3834162.277708089,3945316.553645159,-3320936.069713622,13655.966016074184,13926.690653560394
2014-11-25T15:21:19.726,4.339988529682159,3,-31.280341196669003,134.188996323518,53217.71094564854,-3834626.214821111,3944748.1585035687,-3320128.696173528,13625.654660328477,13896.372463283451
2014-11-25T15:21:19.786,4.400016367435455,3,-31.276011061666843,134.19468193471712,52849.87208440152,-3834973.705665805,3944322.4281570897,-3319523.9700036314,13601.617802156175,13872.330170334606
2014-11-25T15:21:19.826,4.440008103847504,3,-31.273130146041726,134.19846419810412,52605.22364779835,-3835204.864073684,3944039.2231444097,-3319121.6931069293,13584.96331043421,13855.671877409886
2014-11-25T15:21:19.886,4.499995708465576,3,-31.268814909589583,134.2041288269687,52238.893601229014,-3835551.0593426563,3943615.080079752,-3318519.221582172,13558.982674002964,13829.685317309522
2014-11-25T15:21:19.926,4.5399874448776245,3,-31.26594234599725,134.20789918178198,51995.11599971379,-3835781.4811863117,3943332.7774728388,-3318118.22650244,13540.973376342785,13811.671876545275
2014-11-25T15:21:19.946,4.559983313083649,3,-31.264507387257297,134.20978248154742,51873.36363942557,-3835896.576049632,3943191.7683591098,-3317917.9309351374,13531.755978842602,13802.452383537282
2014-11-25T15:21:20.026,4.640007019042969,3,-31.25877385550515,134.21730647022892,51387.049608321526,-3836356.3839351577,3942628.432163616,-3317117.743345311,13493.400047175326,13764.087573674035
2014-11-25T15:21:20.086,4.699994623661041,3,-31.254485962721137,134.22293239831055,51023.52147670506,-3836700.1879889504,3942207.218709573,-3316519.4331687423,13463.047320361868,13733.727823579276
2014-11-25T15:21:20.126,4.73998636007309,3,-31.251632422651667,134.22667591984407,50781.677527145366,-3836928.9526787484,3941926.9463739507,-3316121.32197594,13442.01746387627,13712.69305865548
2014-11-25T15:21:20.186,4.8000141978263855,3,-31.247357180446464,134.2322838590085,50419.46006841095,-3837271.6445554188,3941507.0955099114,-3315524.947282338,13409.212754359403,13679.880641994641
2014-11-25T15:21:20.226,4.840005934238434,3,-31.244514428223365,134.2360123051893,50178.68845506272,-3837499.4794675894,3941227.962296535,-3315128.4541490385,13386.505110393815,13657.167660322199
2014-11-25T15:21:20.286,4.899993538856506,3,-31.240258917581837,134.24159298381377,49818.37873645061,-3837840.4927677806,3940810.167949831,-3314535.0006234064,13351.117734535543,13621.771895151625
2014-11-25T15:21:20.326,4.939985275268555,3,-31.237427880356922,134.2453051505301,49578.755941145166,-3838067.324445651,3940532.2638545535,-3314140.25338369,13326.613670986999,13597.261988355875
2014-11-25T15:21:20.346,4.959981143474579,3,-31.236014212214297,134.2471586708842,49459.12455907226,-3838180.5824124413,3940393.5052248533,-3313943.154503207,13314.080400290604,13584.725740063275
2014-11-25T15:21:20.426,5.040004849433899,3,-31.230369521080743,134.2545587585362,48981.59895597146,-3838632.7508433275,3939839.5285498197,-3313156.26158924,13261.986156420164,13532.618991532121
2014-11-25T15:21:20.486,5.099992454051971,3,-31.226152183570463,134.26008666533147,48624.985613408404,-3838970.5144703123,3939425.71555837,-3312568.4633562914,13220.830657483963,13491.453546893137
2014-11-25T15:21:20.526,5.13998419046402,3,-31.223347643346507,134.26376228965978,48387.91350477273,-3839195.096661074,3939150.5674347696,-3312177.6308203554,13192.352004609178,13462.967958371602
2014-11-25T15:21:20.546,5.159980058670044,3,-31.221947546468833,134.26559711975509,48269.584071774094,-3839307.2043195204,3939013.2181117525,-3311982.533781272,13177.79205928026,13448.404455331325
2014-11-25T15:21:20.626,5.240003764629364,3,-31.21635938914269,134.27291952492433,47797.45193334431,-3839754.593278025,3938465.097033965,-3311203.958416017,13117.319245090905,13387.91678708919
2014-11-25T15:21:20.686,5.2999913692474365,3,-31.21218684320151,134.2783860677445,47445.080364301306,-3840088.5830794866,3938055.9075659034,-3310622.727639706,13069.59656286301,13340.18227597017
2014-11-25T15:21:20.726,5.339983105659485,3,-31.209413357227064,134.28201923428483,47210.93433611074,-3840310.5549278194,3937783.9575178884,-3310236.43779145,13036.60067028836,13307.17813838115
2014-11-25T15:21:20.746,5.359978973865509,3,-31.208029154552055,134.28383235917028,47094.09815365567,-3840421.328359548,3937648.2428301764,-3310043.6626604833,13019.739837057583,13290.313097610577
2014-11-25T15:21:20.826,5.440002679824829,3,-31.202507126247436,134.2910646300858,46628.149354108085,-3840863.1782740615,3937106.907943028,-3309274.726699859,12949.773416132752,13220.32902567883
2014-11-25T15:21:20.846,5.459998548030853,3,-31.20113183828292,134.29286564702468,46512.13939397584,-3840973.2080171923,3936972.1043895492,-3309083.245784162,12931.653950818534,13202.204955980582
2014-11-25T15:21:20.926,5.53998202085495,3,-31.195649615200757,134.300044073712,46049.84224690652,-3841411.7526864973,3936434.818942003,-3308320.061826234,12856.541935545702,13127.073709257691
2014-11-25T15:21:20.986,5.600009858608246,3,-31.191555891439272,134.3054035095095,45704.784680936165,-3841739.1633711834,3936033.689915553,-3307750.2804568633,12797.318403803403,13067.8348534055
2014-11-25T15:21:21.026,5.640001595020294,3,-31.18883886845639,134.30896017184145,45475.84021905579,-3841956.4378629685,3935767.4948601117,-3307372.1652540034,12756.460656694726,13026.96644581938
2014-11-25T15:21:21.086,5.699989199638367,3,-31.18477938480391,134.31427353099875,45133.882723865856,-3842281.0222738977,3935369.8284587185,-3306807.302350055,12693.012667918929,12963.501748736724
2014-11-25T15:21:21.126,5.739980936050415,3,-31.18208412892224,134.3178008732798,44906.913868395044,-3842496.4980711406,3935105.8370839274,-3306432.3173524304,12649.238548998654,12919.716028054772
2014-11-25T15:21:21.186,5.800008773803711,3,-31.178055795872947,134.32307223042542,44567.79090565792,-3842818.5054195807,3934711.3279850166,-3305871.9392202464,12581.259080196183,12851.718329787846
2014-11-25T15:21:21.226,5.840000510215759,3,-31.175383925985273,134.3265681548271,44342.93040973483,-3843032.0545732197,3934449.6970483824,-3305500.3070931365,12534.420746912301,12804.867334148437
2014-11-25T15:21:21.246,5.8599963784217834,3,-31.174051656070866,134.3283112008953,44230.82927251723,-3843138.527746254,3934319.250846594,-3305315.015552053,12510.528453197187,12780.968545722326
2014-11-25T15:21:21.326,5.93997985124588,3,-31.168747811738502,134.33524957268884,43784.6844183632,-3843562.3477610988,3933800.005391585,-3304577.456395557,12411.73960983623,12682.152548824453
2014-11-25T15:21:21.386,6.000007688999176,3,-31.164794767948905,134.34042002939012,43452.30688259288,-3843878.1698013465,3933413.0742575037,-3304027.842339002,12334.137608446845,12604.528924202721
2014-11-25T15:21:21.426,6.039999425411224,3,-31.16217480143268,134.3438464736388,43232.0830266135,-3844087.4604606037,3933156.6606390127,-3303663.621120802,12280.75079295108,12551.127067068339
2014-11-25T15:21:21.446,6.0599952936172485,3,-31.160869015130288,134.3455540910197,43122.3437123198,-3844191.76239281,3933028.874545035,-3303482.108114232,12253.543889517723,12523.912434832095
2014-11-25T15:21:21.526,6.139978766441345,3,-31.15567471930715,134.35234607027172,42685.94158010231,-3844606.6121845767,3932520.619008861,-3302760.15952339,12141.235981167916,12411.572312068687
2014-11-25T15:21:21.546,6.160014867782593,3,-31.15438095169686,134.35403759072832,42577.27731598989,-3844709.9274596726,3932394.0417233445,-3302580.3635616987,12112.218680043745,12382.546575432043
2014-11-25T15:21:21.626,6.2399983406066895,3,-31.14924704199508,134.36074911214092,42146.204936078626,-3845119.8493330153,3931891.8236539126,-3301866.9908550256,11992.788783245845,12263.081553798664
2014-11-25T15:21:21.686,6.299985945224762,3,-31.145429998848904,134.3657383324121,41825.836223758415,-3845424.5706347693,3931518.4926515105,-3301336.6950256266,11899.389085791629,12169.653900911002
2014-11-25T15:21:21.726,6.340017914772034,3,-31.142899260127738,134.3690458739887,41613.490540738596,-3845626.578547197,3931271.0015309174,-3300985.147717154,11835.208084171696,12105.453439840952
2014-11-25T15:21:21.746,6.360013782978058,3,-31.14164023423567,134.37069124653001,41507.86838515538,-3845727.0686051236,3931147.885575973,-3300810.2683821423,11802.589962698179,12072.825335654748
2014-11-25T15:21:21.826,6.4399972558021545,3,-31.136638863425013,134.37722663944132,41088.41444804221,-3846126.207078978,3930658.8788485676,-3300115.6616486474,11668.35612372052,11938.549840921589
2014-11-25T15:21:21.886,6.499984860420227,3,-31.132925447740543,134.3820783053709,40777.10336970904,-3846422.508064116,3930295.8640440316,-3299600.019401909,11563.7010095038,11833.861560712992
2014-11-25T15:21:21.926,6.540016829967499,3,-31.130465899376297,134.3852914215283,40570.96778097992,-3846618.736426498,3930055.4537714114,-3299258.5300423466,11491.950839801422,11762.088305723555
2014-11-25T15:21:21.986,6.600004434585571,3,-31.126808912602,134.39006834867862,40264.56074344939,-3846910.4638032843,3929698.0423486554,-3298750.847086344,11381.562848053965,11651.664241535858
2014-11-25T15:21:22.026,6.63999617099762,3,-31.124390481841434,134.39322708497804,40061.98494427039,-3847103.3651258284,3929461.708217449,-3298415.147657909,11306.056297373601,11576.132602862977
2014-11-25T15:21:22.086,6.699983775615692,3,-31.120793004029416,134.3979252987797,39760.73166904585,-3847390.27661979,3929110.1970003964,-3297915.8456144393,11189.92919083079,11459.966221915514
2014-11-25T15:21:22.126,6.740015745162964,3,-31.118412895992364,134.40103333847057,39561.47592951866,-3847580.076139968,3928877.663059659,-3297585.5441442337,11110.525934803165,11380.535652316805
2014-11-25T15:21:22.146,6.760011613368988,3,-31.11723034393297,134.4025774671051,39462.49233383563,-3847674.3710150016,3928762.1371675893,-3297421.446069448,11070.295144729733,11340.29088311984
2014-11-25T15:21:22.226,6.839995086193085,3,-31.112543101501217,134.40869725934292,39070.26030742347,-3848048.0810862663,3928304.2841894417,-3296771.091496087,10905.611355445744,11175.548754453619
2014-11-25T15:21:22.286,6.899982690811157,3,-31.10907391679019,134.41322608529197,38780.06523771892,-3848324.6317743426,3927965.466571506,-3296289.82000092,10778.198224149439,11048.089226757831
2014-11-25T15:21:22.326,6.940014660358429,3,-31.10678145409865,134.41621846955815,38588.35305062645,-3848507.357677047,3927741.598912669,-3295971.8284999337,10691.343270083275,10961.202029778813
2014-11-25T15:21:22.346,6.960010528564453,3,-31.105643284047847,134.41770405135097,38493.18612709967,-3848598.071931789,3927630.4598375205,-3295813.961653475,10647.419476057485,10917.261726978893
2014-11-25T15:21:22.426,7.03999400138855,3,-31.10113753651766,134.4235845484627,38116.540500555486,-3848957.148270168,3927190.5354588367,-3295189.0736539094,10468.198750076119,10737.972181467077
2014-11-25T15:21:22.446,7.059989869594574,3,-31.10002302212712,134.42503897176147,38023.39981643109,-3849045.9573513814,3927081.730517662,-3295034.522314343,10422.529430525252,10692.284948516828
2014-11-25T15:21:22.526,7.140013575553894,3,-31.09561156599461,134.43079530299775,37654.825331181906,-3849397.441907104,3926651.107253842,-3294422.8460287503,10236.418528193095,10506.09938185546
2014-11-25T15:21:22.546,7.160009443759918,3,-31.094521640384546,134.43221736825546,37563.78575930502,-3849484.272735203,3926544.7259805044,-3294271.7373739267,10189.101201667625,10458.762652977817
2014-11-25T15:21:22.626,7.239992916584015,3,-31.090212492283072,134.43783914662998,37203.93960252958,-3849827.531946959,3926124.180042722,-3293674.3753669085,9996.727832265798,10266.308438617707
2014-11-25T15:21:22.646,7.259988784790039,3,-31.089148010069714,134.43922775741635,37115.06934060513,-3849912.3177444194,3926020.304250077,-3293526.825607417,9947.885251308846,10217.44481074783
2014-11-25T15:21:22.726,7.340012490749359,3,-31.084940159118403,134.4447163761554,36763.85435876258,-3850247.4373602886,3925609.7305835923,-3292943.6286545875,9749.591529402083,10019.063566354034
2014-11-25T15:21:22.786,7.400000095367432,3,-31.081841489507998,134.44875769748236,36505.30590941206,-3850494.1845132676,3925307.4269329077,-3292514.2232097182,9598.159674100432,9867.562407418354
2014-11-25T15:21:22.826,7.43999183177948,3,-31.079802614535108,134.45141658714533,36335.22538461346,-3850656.5237313425,3925108.5361344493,-3292231.7099433416,9495.98045421942,9765.335191480774
2014-11-25T15:21:22.886,7.4999794363975525,3,-31.076785175795,134.45535127610245,36083.572792476734,-3850896.7541510067,3924814.216495932,-3291813.645341656,9341.020185487772,9610.300109049029
2014-11-25T15:21:22.926,7.540011405944824,3,-31.074799091976917,134.45794087284895,35917.97271792002,-3851054.8586595384,3924620.513875489,-3291538.501592266,9236.569612686659,9505.797676824392
2014-11-25T15:21:22.986,7.599999010562897,3,-31.071864702732277,134.46176661362136,35673.35813273988,-3851288.431460027,3924334.350856237,-3291132.0230125044,9078.653036427695,9347.800474588177
2014-11-25T15:21:23.026,7.639990746974945,3,-31.069936488627174,134.46428033280148,35512.65560468558,-3851441.8995783566,3924146.32853511,-3290864.9478109106,8972.540569408362,9241.632207975608
2014-11-25T15:21:23.046,7.659986615180969,3,-31.068980848357594,134.46552609288582,35433.020553050344,-3851517.9554359494,3924053.1482769847,-3290732.5904606013,8919.259483519778,9188.322606826025
2014-11-25T15:21:23.126,7.740010321140289,3,-31.065213222606925,134.47043712146498,35119.126421227986,-3851817.778857799,3923685.817939465,-3290210.818240387,8704.73238802051,8973.677146894002
2014-11-25T15:21:23.146,7.7600061893463135,3,-31.0642860648562,134.47164555644937,35041.89833803431,-3851891.55420407,3923595.4316625046,-3290082.4295842117,8650.848481949484,8919.762616728516
2014-11-25T15:21:23.226,7.83998966217041,3,-31.060634845719957,134.476404092698,34737.83221613459,-3852182.061036815,3923239.515596089,-3289576.8706983384,8434.469647682243,8703.256744530125
2014-11-25T15:21:23.286,7.900017499923706,3,-31.057955165036198,134.47989606894097,34514.73884091578,-3852395.2414715854,3922978.336397433,-3289205.8802397866,8271.448472916105,8540.135483225806
2014-11-25T15:21:23.326,7.940009236335754,3,-31.05619882132559,134.48218464127257,34368.546541811236,-3852534.954166628,3922807.1666098656,-3288962.7431204948,8162.680607769656,8431.298558359644
2014-11-25T15:21:23.386,7.999996840953827,3,-31.053607712470466,134.48556068727498,34152.91426194789,-3852741.0526738153,3922554.6638742876,-3288604.0770929554,7999.474138076506,8267.985003839785
2014-11-25T15:21:23.426,8.039988577365875,3,-31.051909247620653,134.48777351324665,34011.59577929121,-3852876.1382809263,3922389.1629893067,-3288368.992333044,7890.740837994308,8159.177891833783
2014-11-25T15:21:23.446,8.0599844455719,3,-31.05106869228609,134.4888685736259,33941.66667314586,-3852942.9876204687,3922307.2621481195,-3288252.656764269,7836.422886783728,8104.822290504431
