outputs/SLLS_triangulation/DN141125_01_triangulation_all_timesteps.ecsv
# %ECSV 0.9
# ---
# datatype:
# - {name: datetime, datatype: string}
# - {name: t_rel, datatype: float64}
# - {name: no_cams, datatype: int64}
# - {name: latitude, datatype: float64}
# - {name: longitude, datatype: float64}
# - {name: height, datatype: float64}
# - {name: X_geo, datatype: float64}
# - {name: Y_geo, datatype: float64}
# - {name: Z_geo, datatype: float64}
# - {name: D_DT_geo, datatype: float64}
# - {name: D_DT_eci, datatype: float64}
# delimiter: ','
# meta: !!omap
# - {vel_inf_ecef: 14108.26468107361}
# - {vel_inf_eci: 14379.080407699405}
# - {triangulation_frame: ECEF}
# - {triangulation_t0: '2014-11-25T15:21:15.386'}
# - {event_codename: DN141125_01}
# - {triangulation_radiant_inf_time: '2014-11-25T15:21:15.386'}
# - {triangulation_ra_eci_inf: -14.899279944606027}
# - {triangulation_ra_eci_inf_err: .nan}
# - {triangulation_dec_eci_inf: -46.70136382225404}
# - {triangulation_dec_eci_inf_err: .nan}
# - {triangulation_ra_ecef_inf: 50.79280429854342}
# - {triangulation_ra_ecef_inf_err: .nan}
# - {triangulation_dec_ecef_inf: -47.79676212219182}
# - {triangulation_dec_ecef_inf_err: .nan}
# - {triangulation_slope_inf: 26.711885760257985}
# - {triangulation_slope_inf_err: .nan}
# - {triangulation_azimuth_inf: -130.31182230794158}
# - {triangulation_azimuth_inf_err: .nan}
# - {triangulation_radiant_end_time: '2014-11-25T15:21:24.626'}
# - {triangulation_ra_eci_end: -14.899279944606027}
# - {triangulation_ra_eci_end_err: .nan}
# - {triangulation_dec_eci_end: -46.70136382225404}
# - {triangulation_dec_eci_end_err: .nan}
# - {triangulation_ra_ecef_end: 50.719578200159454}
# - {triangulation_ra_ecef_end_err: .nan}
# - {triangulation_dec_ecef_end: -47.796849521064495}
# - {triangulation_dec_ecef_end_err: .nan}
# - {triangulation_slope_end: 26.70708492720837}
# - {triangulation_slope_end_err: .nan}
# - {triangulation_azimuth_end: -130.31407793141858}
# - {triangulation_azimuth_end_err: .nan}
# - {triangulation_file_0: 36_2014-11-25_152058_DSC_0594-G_DN141125_01_2018-04-26_163106_martin_nocomment.ecsv}
# - {triangulation_file_1: 38_2014-11-25_152058_DSC_0559-G_DN141125_01_2018-04-26_163331_martin_nocomment.ecsv}
# - {triangulation_file_2: 40_2014-11-25_152058_DSC_0617-G_DN141125_01_2018-04-26_163631_martin_nocomment.ecsv}
# - {telescope: multiple_telescopes_0}
# - {astropy_version: 3.0.1}
# - {numpy_version: 1.14.2}
# - {scipy_version: 1.0.1}
# schema: astropy-2.0
datetime,t_rel,no_cams,latitude,longitude,height,X_geo,Y_geo,Z_geo,D_DT_geo,D_DT_eci
2014-11-25T15:21:15.386,0.0,1,-31.59965398534403,133.7673430571649,80751.61087825976,-3808833.097760108,3976348.739729877,-3365015.5561531973,14094.890236044072,14365.70306310927
2014-11-25T15:21:15.426,0.03999173641204834,1,-31.596705814179003,133.77125786423443,80493.66588212208,-3809072.782337958,3976055.0888325027,-3364598.44146094,14094.437942875218,14365.250783629277
2014-11-25T15:21:15.446,0.05998760461807251,1,-31.595231630362534,133.77321524475718,80364.71112324679,-3809192.6217083065,3975908.2669595256,-3364389.889193909,14094.206103299228,14365.018945483558
2014-11-25T15:21:15.526,0.14001131057739258,1,-31.58933128275315,133.78104853934371,79848.75179737716,-3809672.2000920908,3975320.7088278234,-3363555.295697075,14093.238759537151,14364.051597283837
2014-11-25T15:21:15.586,0.1999989151954651,1,-31.584907581071274,133.78692036626094,79462.10297545228,-3810031.680838891,3974880.288985906,-3362929.7039196696,14092.470282804743,14363.283089263543
2014-11-25T15:21:15.626,0.23999065160751343,1,-31.581958136236192,133.79083481821039,79204.3977041588,-3810271.3235693085,3974586.689358147,-3362512.6620530365,14091.936255756911,14362.749057831892
2014-11-25T15:21:15.686,0.3000184893608093,1,-31.577530545097346,133.7967102725702,78817.67236501328,-3810631.011326891,3974146.0158958156,-3361886.710022004,14091.10064411653,14361.913426273757
2014-11-25T15:21:15.726,0.34001022577285767,1,-31.5745804975697,133.8006245015262,78560.08994682791,-3810870.630374311,3973852.445283413,-3361469.7093700636,14090.520402623571,14361.333134101527
2014-11-25T15:21:15.786,0.3999978303909302,1,-31.57015498903642,133.80649565846636,78173.8096831198,-3811230.0400172956,3973412.1125547327,-3360844.241332144,14089.613045657388,14360.42574502631
2014-11-25T15:21:15.826,0.4399895668029785,1,-31.567204364532063,133.81040963081236,77916.35226820734,-3811469.63334429,3973118.573453853,-3360427.2854405614,14088.982560340155,14359.795213748179
2014-11-25T15:21:15.886,0.5000174045562744,1,-31.56277504202597,133.81628431326308,77530.00235697701,-3811829.2437872686,3972677.9947139393,-3359801.46795743,14087.996016966641,14358.808595719522
2014-11-25T15:21:15.926,0.5400091409683228,1,-31.559823868160397,133.82019799207683,77272.67239614399,-3812068.809146337,3972384.48987812,-3359384.5607374515,14087.310919231742,14358.12346232813
2014-11-25T15:21:15.946,0.5600050091743469,1,-31.558348201735985,133.8221547836664,77144.02677411304,-3812188.587401053,3972237.742881302,-3359176.1148278196,14086.95975591795,14357.77226987501
2014-11-25T15:21:16.026,0.6399884819984436,1,-31.552445019673442,133.82998161331264,76629.57450856299,-3812667.669831584,3971650.792369493,-3358342.384421094,14085.495322507792,14356.307722587293
2014-11-25T15:21:16.046,0.6599843502044678,1,-31.550969098349587,133.831938232211,76500.99428004606,-3812787.4325284986,3971504.0644334015,-3358133.9655861594,14085.113784385041,14355.926138124245
2014-11-25T15:21:16.126,0.7400080561637878,1,-31.54506196012342,133.8397682633372,75986.5478774688,-3813266.6909765527,3970916.898272743,-3357299.928862293,14083.521821319515,14354.334035424783
2014-11-25T15:21:16.146,0.760003924369812,1,-31.54358580074037,133.84172468711063,75858.03452392977,-3813386.4367492194,3970770.191071488,-3357091.5394800347,14083.107256280504,14353.919421860472
2014-11-25T15:21:16.226,0.8399873971939087,1,-31.53768071617548,133.8495499539954,75344.11728393578,-3813865.3836862026,3970183.4065603553,-3356258.0448679957,14081.378436968214,14352.1904246515
2014-11-25T15:21:16.246,0.8599832653999329,1,-31.53620433706761,133.85150615866482,75215.67234233159,-3813985.1110778223,3970036.721878743,-3356049.6874736315,14080.92801667623,14351.739946209624
2014-11-25T15:21:16.326,0.9400069713592529,1,-31.530295441320334,133.8593344337477,74701.77374722995,-3814464.222253242,3969449.7361499732,-3355215.907043182,14079.048706936197,14349.860428951879
2014-11-25T15:21:16.346,0.9600028395652771,1,-31.528818862181247,133.8612903931484,74573.39893878406,-3814583.9296694905,3969303.075941298,-3355007.5844112574,14078.559317355976,14349.370976489303
2014-11-25T15:21:16.426,1.0399863123893738,2,-31.522912179724628,133.86911369561474,74060.04282244094,-3815062.7166729695,3968716.4873735895,-3354174.368125904,14076.518512662205,14347.329931808428
2014-11-25T15:21:16.486,1.1000141501426697,2,-31.51847883766988,133.87498451168625,73674.92010554843,-3815422.0008802335,3968276.3083231817,-3353549.118379384,14074.895481620531,14345.706686820038
2014-11-25T15:21:16.526,1.140005886554718,2,-31.51552510045805,133.878895463594,73418.41753980138,-3815661.339703622,3967983.0810288144,-3353132.60539153,14073.76847370628,14344.579526586656
2014-11-25T15:21:16.586,1.1999934911727905,2,-31.511094279529296,133.88476141201178,73033.77609333849,-3816020.311187252,3967543.2851135107,-3352507.8998670178,14072.006314254437,14342.81714212064
2014-11-25T15:21:16.626,1.2399852275848389,2,-31.50814026738201,133.88867170903188,72777.42440967656,-3816259.6000568117,3967250.1190203554,-3352091.473812066,14070.78193107421,14341.592579989401
2014-11-25T15:21:16.686,1.3000130653381348,2,-31.503706101742658,133.8945405561859,72392.75489738287,-3816618.7341166628,3966810.123923888,-3351466.4853618396,14068.86624684088,14339.676610405957
2014-11-25T15:21:16.726,1.340004801750183,2,-31.500751868651957,133.8984501268842,72136.55876667422,-3816857.9686768227,3966517.0243681963,-3351050.153819638,14067.536043132643,14338.346220654314
2014-11-25T15:21:16.746,1.3600006699562073,2,-31.499274724379195,133.90040479622766,72008.48448456285,-3816977.577381141,3966370.4850969934,-3350842.002972636,14066.854218553151,14337.664311173312
2014-11-25T15:21:16.826,1.439984142780304,2,-31.493365990751567,133.9082226630116,71496.34831963334,-3817455.95275881,3965784.400834942,-3350009.50302529,14064.011198803775,14334.820858262277
2014-11-25T15:21:16.886,1.5000119805335999,2,-31.488931339243926,133.9140890971252,71112.16076840267,-3817814.9096143455,3965344.62284133,-3349384.8229575395,14061.750322210455,14332.559628261111
2014-11-25T15:21:16.926,1.5400037169456482,2,-31.485976844638273,133.91799697848649,70856.29101669742,-3818054.021137664,3965051.674024911,-3348968.705532052,14060.180485658024,14330.989548740976
2014-11-25T15:21:16.986,1.5999913215637207,2,-31.481545067901894,133.9238580840941,70472.61412775858,-3818412.6372309537,3964612.3135180655,-3348344.618480927,14057.726117671611,14328.534779301528
2014-11-25T15:21:17.026,1.639983057975769,2,-31.478590543600852,133.9277649882247,70216.91611488978,-3818651.6791586205,3964319.4499671473,-3347928.622170319,14056.020853861453,14326.829230888845
2014-11-25T15:21:17.086,1.700010895729065,2,-31.47415580488242,133.93362848554634,69833.24439179116,-3819010.4268898796,3963879.928183309,-3347304.306034236,14053.352921565118,14324.160875831301
2014-11-25T15:21:17.126,1.7400026321411133,2,-31.47120132572127,133.9375343137878,69577.7245347723,-3819249.393203807,3963587.157270985,-3346888.4413115755,14051.500529352426,14322.308177487901
2014-11-25T15:21:17.146,1.7599985003471375,2,-31.46972410055964,133.93948705654816,69449.99196739378,-3819368.8644110444,3963440.7864550976,-3346680.529745937,14050.55109517379,14321.358591160075
2014-11-25T15:21:17.226,1.8399819731712341,2,-31.463815334628592,133.94729683456046,68939.24737243436,-3819846.6664886186,3962855.4045748548,-3345849.0274927057,14046.592460014637,14317.39925804708
2014-11-25T15:21:17.246,1.8600180745124817,2,-31.46233521348916,133.94925289700114,68811.35158573653,-3819966.3359093717,3962708.790916573,-3345640.7709830143,14045.559113788477,14316.365740917798
2014-11-25T15:21:17.326,1.9400015473365784,2,-31.45642684176998,133.95706012444828,68300.98904250663,-3820443.962445194,3962123.624102287,-3344809.574218958,14041.25926086393,14312.065133768947
2014-11-25T15:21:17.386,1.9999891519546509,2,-31.45199585178314,133.96291409908974,67918.42456084947,-3820802.083673338,3961684.869882234,-3344186.348364346,14037.842660807186,14308.64793742907
2014-11-25T15:21:17.426,2.039980888366699,2,-31.449042025643216,133.96681602142283,67663.48285392701,-3821040.7818000605,3961392.4275409603,-3343770.9503585035,14035.469059554454,14306.27390995688
2014-11-25T15:21:17.486,2.100008726119995,2,-31.444608607784165,133.9726716830842,67280.96944219325,-3821398.9916571905,3960953.5647366107,-3343147.5702659655,14031.755872403273,14302.560047510457
2014-11-25T15:21:17.526,2.1400004625320435,2,-31.44165519741506,133.97657204346257,67026.23724275093,-3821637.584530635,3960661.2513469784,-3342732.3554287236,14029.177959258634,14299.981672625205
2014-11-25T15:21:17.586,2.199988067150116,2,-31.43722545773152,133.98242132895976,66644.30142669256,-3821995.3898047027,3960222.884219824,-3342109.679417946,14025.148060359532,14295.951018295305
2014-11-25T15:21:17.626,2.2399798035621643,2,-31.434272576061154,133.98631997983657,66389.78819437503,-3822233.868429643,3959930.7108023837,-3341694.6634033825,14022.348531069394,14293.150958633183
2014-11-25T15:21:17.646,2.260015904903412,2,-31.43279325552162,133.98827295530347,66262.30943039668,-3822353.329559463,3959784.3523329,-3341486.7693751203,14020.910853036517,14291.713007640146
2014-11-25T15:21:17.726,2.3399993777275085,2,-31.426888520081643,133.9960672826876,65753.64879781163,-3822830.0894151325,3959200.2473366368,-3340657.0808642376,14014.929128506492,14285.73016138109
2014-11-25T15:21:17.786,2.399986982345581,2,-31.422460740078765,134.00191094980664,65372.40148231022,-3823187.5220562927,3958762.336742768,-3340035.053333483,14010.176906238652,14280.977049897074
2014-11-25T15:21:17.826,2.4399787187576294,2,-31.41950929548321,134.00580568407105,65118.358255710424,-3823425.741826557,3958470.480462577,-3339620.4877946633,14006.875813030298,14277.675322418423
2014-11-25T15:21:17.886,2.5000065565109253,2,-31.415079831160575,134.0116500603171,64737.22539736464,-3823783.2034074785,3958032.534412998,-3338998.409901053,14001.712342560611,14272.510849974416
2014-11-25T15:21:17.926,2.5399982929229736,2,-31.412129316959188,134.01554255877141,64483.435043642574,-3824021.2768195113,3957740.8574444107,-3338584.0990643473,13998.1280278745,14268.925851558915
2014-11-25T15:21:17.946,2.559994161128998,2,-31.410654213929224,134.01748845370216,64356.57900754212,-3824140.2904178402,3957595.047270629,-3338376.983859495,13996.2911872344,14267.088645511367
2014-11-25T15:21:18.026,2.640017867088318,2,-31.404751938182,134.0252734847529,63849.167210377454,-3824616.423993177,3957011.709565209,-3337548.385242383,13988.630302033675,14259.426251997425
2014-11-25T15:21:18.086,2.7000054717063904,2,-31.400328710219082,134.0311066135427,63469.08841875913,-3824973.1689155716,3956574.6415338214,-3336927.554524556,13982.548020092374,14253.342761055223
2014-11-25T15:21:18.126,2.7399972081184387,2,-31.397380541119336,134.0349940072451,63215.84445118427,-3825210.910988221,3956283.370507528,-3336513.8203061963,13978.323483891925,14249.117406459583
2014-11-25T15:21:18.146,2.759993076324463,2,-31.395906662419048,134.03693728208447,63089.26595775605,-3825329.754785432,3956137.7683665333,-3336307.0006002937,13976.15866512165,14246.952150472676
2014-11-25T15:21:18.226,2.840016782283783,2,-31.39000964485003,134.04471135887425,62582.99498305758,-3825805.1802227497,3955555.2982403566,-3335479.634331022,13967.130719641997,14237.922398582405
2014-11-25T15:21:18.286,2.9000043869018555,3,-31.385590751706225,134.05053576209687,62203.80437689168,-3826161.362947432,3955118.918988632,-3334859.781986221,13959.96403955358,14230.754262567125
2014-11-25T15:21:18.326,2.939996123313904,3,-31.382645668739734,134.05441708223856,61951.168995886255,-3826398.714570334,3954828.1263240236,-3334446.727253908,13954.986834817988,14225.776055433045
2014-11-25T15:21:18.386,2.9999837279319763,3,-31.37822940008079,134.06023652564397,61572.46075809959,-3826754.579770774,3954392.136088895,-3333827.4274854455,13947.208827275997,14217.996446835148
2014-11-25T15:21:18.426,3.040015697479248,3,-31.37528321709325,134.0641182948893,61319.90249014251,-3826991.9493854684,3954101.3213815433,-3333414.341442646,13941.801832501635,14212.588360441669
2014-11-25T15:21:18.486,3.1000033020973206,3,-31.3708699137631,134.06993233260846,60941.70527727728,-3827347.4698497714,3953665.7535018157,-3332795.641606433,13933.361027164254,14204.145827003038
2014-11-25T15:21:18.526,3.139995038509369,3,-31.367928788375234,134.0738064406282,60689.75150770715,-3827584.361551331,3953375.524312406,-3332383.387259155,13927.499668283599,14198.283259807507
2014-11-25T15:21:18.546,3.159990906715393,3,-31.366458563839743,134.07574289977293,60563.829198605876,-3827702.769615992,3953230.4560115747,-3332177.3258433775,13924.496480314647,14195.279433615244
2014-11-25T15:21:18.626,3.240014612674713,2,-31.3605770877229,134.08348850166558,60060.2611196002,-3828176.378122355,3952650.2119084913,-3331353.1215155325,13911.975248078359,14182.755589871684
2014-11-25T15:21:18.686,3.3000022172927856,2,-31.356170849581304,134.08929024719689,59683.18078098238,-3828531.11876223,3952215.5994350114,-3330735.7787805106,13902.038875151371,14172.81716205247
2014-11-25T15:21:18.726,3.339993953704834,2,-31.353234705267152,134.0931558067317,59431.994248597395,-3828767.4689985607,3951926.0336247464,-3330324.4667262426,13895.13999248046,14165.91680748048
2014-11-25T15:21:18.786,3.3999815583229065,3,-31.348832630525084,134.09895058313805,59055.52501895838,-3829121.769507755,3951491.960379824,-3329707.889935259,13884.361791003823,14155.136348357952
2014-11-25T15:21:18.826,3.4400135278701782,3,-31.34589646422489,134.102815180328,58804.50645367695,-3829358.0515698986,3951202.478093545,-3329296.6965221455,13876.871340780473,14147.644310597905
2014-11-25T15:21:18.846,3.4600093960762024,3,-31.34443032637416,134.1047447700989,58679.18890656202,-3829476.0255866647,3951057.9415689134,-3329091.390464747,13873.037745318954,14143.809909315642
2014-11-25T15:21:18.926,3.539992868900299,3,-31.33856906088778,134.11245781735292,58178.36872343156,-3829947.5876089595,3950480.2047272,-3328270.7475615875,13857.066554818766,14127.835307618208
2014-11-25T15:21:18.946,3.5599887371063232,3,-31.33710460063028,134.11438470603775,58053.27906807928,-3830065.3918469422,3950335.876207992,-3328065.7369642705,13852.909427611099,14123.677312207956
2014-11-25T15:21:19.026,3.6400124430656433,3,-31.331247456474866,134.1220903587759,57553.14873967162,-3830536.483266113,3949758.715928321,-3327245.913035277,13835.583077408031,14106.3472292031
2014-11-25T15:21:19.046,3.6600083112716675,3,-31.329784854512518,134.12401431053453,57428.3020782781,-3830654.103332135,3949614.613048418,-3327041.222945986,13831.075861678119,14101.839051473848
2014-11-25T15:21:19.126,3.739991784095764,3,-31.32393846996019,134.13170384429404,56929.42690489546,-3831124.1908832644,3949038.682663276,-3326223.146013452,13812.302023336653,14083.061153002804
2014-11-25T15:21:19.186,3.7999793887138367,3,-31.31955813427578,134.13746411015862,56555.82657961998,-3831476.3260434223,3948607.2623078036,-3325610.337503704,13797.40611614954,14068.162022417377
2014-11-25T15:21:19.226,3.8400113582611084,3,-31.316637223505,134.14130470162644,56306.78490351499,-3831711.10355863,3948319.6233255933,-3325201.762401028,13787.058152944168,14057.811799217661
2014-11-25T15:21:19.286,3.899998962879181,3,-31.31226381122754,134.14705439911208,55934.025855344305,-3832062.5789533947,3947889.0112853725,-3324590.1020579305,13770.915639017572,14041.665755929316
2014-11-25T15:21:19.326,3.9399906992912292,3,-31.309350676925245,134.15088379181043,55685.81402861971,-3832296.6627730476,3947602.222188141,-3324182.7341693807,13759.714485986115,14030.462161351521
2014-11-25T15:21:19.386,4.000018537044525,3,-31.304981951908434,134.15662586835995,55313.70435249172,-3832647.658670452,3947172.197606785,-3323571.9082787773,13742.214022484533,14012.957846956768
