outputs/MPF_triangulation/36_2014-11-25_152058_DSC_0594-G_DN141125_01_2018-04-26_163106_martin_nocomment.ecsv
# %ECSV 0.9
# ---
# datatype:
# - {name: x_image, unit: pix, datatype: float64}
# - {name: y_image, unit: pix, datatype: float64}
# - {name: time_err_minus, unit: s, datatype: float64}
# - {name: time_err_plus, unit: s, datatype: float64}
# - {name: de_bruijn_sequence_element_index, datatype: object}
# - {name: dash_start_end, datatype: object}
# - {name: zero_or_one, datatype: int64}
# - {name: err_minus_x_image, unit: pix, datatype: float64}
# - {name: err_plus_x_image, unit: pix, datatype: float64}
# - {name: err_minus_y_image, unit: pix, datatype: float64}
# - {name: err_plus_y_image, unit: pix, datatype: float64}
# - {name: periodic_pulse, datatype: object}
# - {name: pick_flag, datatype: object}
# - {name: encoding_type, datatype: object}
# - {name: brightness_dash_V, unit: adu, datatype: float64}
# - {name: flux_dash_V, unit: adu / s, datatype: float64}
# - {name: aperture_exptime, unit: s, datatype: float64}
# - {name: datetime, datatype: string}
# - {name: altitude, datatype: float64}
# - {name: azimuth, datatype: float64}
# - {name: err_minus_altitude, datatype: float64}
# - {name: err_plus_altitude, datatype: float64}
# - {name: err_minus_azimuth, datatype: float64}
# - {name: err_plus_azimuth, datatype: float64}
# - {name: JD, datatype: float64, description: Julian Date}
# - {name: m_V, unit: adu / s, datatype: float64}
# - {name: longitude, unit: deg, datatype: float64}
# - {name: latitude, unit: deg, datatype: float64}
# - {name: height, unit: m, datatype: float64}
# - {name: X_geo, unit: m, datatype: float64}
# - {name: Y_geo, unit: m, datatype: float64}
# - {name: Z_geo, unit: m, datatype: float64}
# - {name: cross_track_error, unit: m, datatype: float64}
# - {name: timing, datatype: bool}
# - {name: t_rel, unit: s, datatype: float64}
# - {name: X_eci, unit: m, datatype: float64}
# - {name: Y_eci, unit: m, datatype: float64}
# - {name: Z_eci, unit: m, datatype: float64}
# - {name: pos_err, unit: m, datatype: float64}
# - {name: D_DT_geo, unit: m / s, datatype: float64}
# - {name: D_DT_eci, unit: m / s, datatype: float64}
# - {name: D_DT_err, unit: m / s, datatype: float64}
# - {name: along_track_error, unit: m, datatype: float64}
# - {name: range, unit: m, datatype: float64}
# delimiter: ','
# meta: !!omap
# - {origin: Desert Fireball Network}
# - {exposure_time: 25.0}
# - {lens_type: Fisheye}
# - {telescope: DFNSMALL36}
# - {observer: 'DFN automated software http://adsabs.harvard.edu/abs/2012M%26PSA..75.5123T'}
# - {creator: raw_to_fits 6.0}
# - {timing_correction_dictionary_version: DEBUG}
# - {isodate_mid_obs: '2014-11-25T15:21:10.500'}
# - {sidereal_time_hour: 4.598023724157567}
# - {point_picking_user_comment: nocomment}
# - {point_picking_hostname: work-desktop-debian}
# - {obs_latitude: -30.6607733333}
# - {original_raw_filename: 36_2014-11-25_152058_DSC_0594.NEF}
# - {cropped: false}
# - {obs_elevation: 149.1}
# - {instrument: Nikon D800E}
# - {gps_lock: Y}
# - {filter_pattern: RG/GB}
# - {location: Mulgathing}
# - {aperture: 4.0}
# - {isodate_start_obs: '2014-11-25T15:20:58'}
# - {image_file: 36_2014-11-25_152058_DSC_0594-G.tiff}
# - {timing_corrected: true}
# - {NAXIS2: 4924}
# - {NAXIS1: 7378}
# - {event_codename: DN141125_01}
# - {jd_mid_obs: 2456987.139704861}
# - {lens: Samyang_8mm_F3.5}
# - {timing_de_bruijn_encoding_type: pulse_width}
[...]
# - {triangulation_dec_ecef_end_err: 0.011953641975078888}
# - {triangulation_slope_end: 27.231587683138226}
# - {triangulation_slope_end_err: 0.005901227556882568}
# - {triangulation_azimuth_end: -131.34568850489168}
# - {triangulation_azimuth_end_err: 0.012558560827622044}
# - {triangulation_file_1: 38_2014-11-25_152058_DSC_0559-G_DN141125_01_2018-04-26_163331_martin_nocomment.ecsv}
# - {triangulation_file_2: 40_2014-11-25_152058_DSC_0617-G_DN141125_01_2018-04-26_163631_martin_nocomment.ecsv}
# - {triangulation_file_3: 41_2014-11-25_152059_DSC_0674-G_DN141125_01_2018-01-01_212656_ellie_nocomment.ecsv}
# - {triangulation_file_4: 40_2014-11-25_152058_DSC_0617-G_DN141125_01_2018-04-26_163631_martin_nocomment.ecsv}
# - {triangulation_file_5: 38_2014-11-25_152058_DSC_0559-G_DN141125_01_2018-04-26_163331_martin_nocomment.ecsv}
# - {triangulation_t0: '2014-11-25T15:21:15.386'}
# - {triangulation_file_0: 36_2014-11-25_152058_DSC_0594-G_DN141125_01_2018-04-26_163106_martin_nocomment.ecsv}
# - {astropy_version: 3.0.1}
# - {numpy_version: 1.14.2}
# - {scipy_version: 1.0.1}
# schema: astropy-2.0
x_image,y_image,time_err_minus,time_err_plus,de_bruijn_sequence_element_index,dash_start_end,zero_or_one,err_minus_x_image,err_plus_x_image,err_minus_y_image,err_plus_y_image,periodic_pulse,pick_flag,encoding_type,brightness_dash_V,flux_dash_V,aperture_exptime,datetime,altitude,azimuth,err_minus_altitude,err_plus_altitude,err_minus_azimuth,err_plus_azimuth,JD,m_V,longitude,latitude,height,X_geo,Y_geo,Z_geo,cross_track_error,timing,t_rel,X_eci,Y_eci,Z_eci,pos_err,D_DT_geo,D_DT_eci,D_DT_err,along_track_error,range
[from data line 147]
4604.30241843,883.345358206,0.00065,5e-05,217,S,1,0.5,0.5,0.5,0.5,-,M,PW,2434172.87788,39515793.472,0.0616,2014-11-25T15:21:22.726,34.2574338068,152.234118627,0.0290323989631,0.0290323989631,0.0270465927219,0.0270465927219,2456987.13985,-6.44773572085,134.44431680595022,-31.084071373513595,36713.06579254186,-3850224.628792639,3925641.2388848914,-3292834.43763374,7.133329075307283,True,7.34,1957866.6021079205,5136576.802805761,-3295449.07103991,789.427975191729,10033.226562766364,10305.567865338126,137.32516417612,70.02412226479841,64542.174131217085
4621.04249702,887.364759697,0.00065,5e-05,217,E,1,0.5,0.5,0.5,0.5,-,M,PW,nan,nan,nan,2014-11-25T15:21:22.786,34.1279620137,151.696295608,0.0288081005706,0.0288081005706,0.0270908513551,0.0270908513551,2456987.13985,nan,134.4484818335081,-31.080877763382805,36446.653139391135,-3850478.9586378583,3925329.710888055,-3292391.9086295934,3.772970151907857,True,7.4,1957455.5758212663,5136686.633224133,-3295005.9379365514,799.7271857829046,9898.358708536549,10170.757136956672,138.4034716414202,49.814897287571156,64287.117951913184
4632.5178439,890.234289352,0.00065,5e-05,218,S,1,0.5,0.5,0.5,0.5,-,M,PW,2189218.77529,35539265.8327,0.0616,2014-11-25T15:21:22.826,34.0395138653,151.327417372,0.0288081005706,0.0288081005706,0.0270908513551,0.0270908513551,2456987.13985,-6.33258008336,134.45122687705336,-31.078772759763897,36271.095431493784,-3850646.5774972863,3925124.394962728,-3292100.2550610756,3.564575688141394,True,7.44,1957184.5130243942,5136759.08152798,-3294713.8859889912,807.3050565343973,9806.190949602955,10078.629249311782,139.47062257161915,48.48085600571581,64121.51444720313
4648.91886082,894.368322878,0.00065,5e-05,218,E,1,0.5,0.5,0.5,0.5,-,M,PW,nan,nan,nan,2014-11-25T15:21:22.886,33.9102151557,150.80192812,0.0288408958053,0.0288408958053,0.0270637431448,0.0270637431448,2456987.13985,nan,134.45529570424353,-31.075652348112577,36010.91506749505,-3850895.0264483313,3924820.070458586,-3291667.9586988757,2.121804107673834,True,7.5,1956782.45479152,5136866.570857479,-3294280.9987073336,817.7333545103319,9664.464817922084,9936.96593730275,140.54896273881897,24.332582566613286,63879.73573174412
4660.02487203,897.236362676,0.00065,5e-05,219,S,1,0.5,0.5,0.5,0.5,-,M,PW,1947635.13065,31617453.4197,0.0616,2014-11-25T15:21:22.926,33.8219330536,150.446511513,0.0288233732069,0.0288233732069,0.0270395530202,0.0270395530202,2456987.13985,-6.20562617202,134.45797500067718,-31.073597394277208,35839.61352773007,-3851058.6263453485,3924619.6773503516,-3291383.298047103,1.853690911383895,True,7.54,1956517.531092121,5136937.415491036,-3293995.948692522,825.3972734511982,9567.610159605247,9840.155255045283,141.6161452205469,16.05245249576408,63722.95113855346
4676.18307555,901.350127733,0.00065,5e-05,219,E,1,0.5,0.5,0.5,0.5,-,M,PW,nan,nan,nan,2014-11-25T15:21:22.986,33.6884376534,149.932592817,0.0286603335042,0.0286603335042,0.0270936661807,0.0270936661807,2456987.13985,nan,134.46194272204127,-31.070553983694367,35585.973462715425,-3851300.8953479766,3924322.9226497025,-3290961.754675439,-2.4672484438338644,True,7.6,1956124.928018155,5137042.433403906,-3293573.8282846897,835.9546442042367,9418.6769945013,9691.291397502759,142.69451643727777,-8.733060307195718,63494.34396930681
4687.35307433,904.265345574,0.00065,5e-05,220,S,0,0.5,0.5,0.5,0.5,-,M,PW,615762.331641,26541479.8121,0.0232,2014-11-25T15:21:23.026,33.5955142062,149.577730523,0.0286074679938,0.0286074679938,0.0270948525166,0.0270948525166,2456987.13985,-6.0156217864,134.4645529190357,-31.068551678175893,35419.13859628548,-3851460.2719109817,3924127.702692828,-3290684.4425430377,-4.656319098395759,True,7.64,1955866.4556271683,5137111.593106658,-3293296.1362751583,843.7046020703823,9316.897099381686,9589.560128787476,143.7617288820515,-10.149224533909507,63346.298035727625
4692.66632531,905.707927036,0.00065,5e-05,220,E,0,0.5,0.5,0.5,0.5,-,M,PW,nan,nan,nan,2014-11-25T15:21:23.046,33.5520180333,149.408461601,0.0285811472635,0.0285811472635,0.027067571844,0.027067571844,2456987.13985,nan,134.46584732207546,-31.06755867886335,35336.41192253638,-3851539.3065409386,3924030.893370549,-3290546.923817866,-4.373601775785767,True,7.66,1955738.2179225534,5137145.912238032,-3293158.4290798334,848.603878551583,9265.24486576026,9537.932984033334,144.81789825003045,-18.057679703652177,63273.576873462705
4714.2840936,911.507751742,0.00065,5e-05,221,S,0,0.5,0.5,0.5,0.5,-,M,PW,458864.990209,19778663.3711,0.0232,2014-11-25T15:21:23.126,33.368638966,148.72392674,0.0286134599805,0.0286134599805,0.027090915184,0.027090915184,2456987.13985,-5.69630130081,134.47095195457769,-31.063642337354604,35010.21559649334,-3851850.985168217,3923649.1189927557,-3290004.609043819,-8.13209656316109,True,7.74,1955232.0648167694,5137281.415680017,-3292615.370385485,862.2688406991025,9053.434820766262,9326.228649735694,145.90760470237853,-33.316683540135436,62991.32102777116
4719.99858608,913.025335163,0.00065,5e-05,221,E,0,0.5,0.5,0.5,0.5,-,M,PW,nan,nan,nan,2014-11-25T15:21:23.146,33.3185364166,148.544059676,0.0286134599805,0.0286134599805,0.027090915184,0.027090915184,2456987.13985,nan,134.47220950132,-31.062677449926056,34929.867126617566,-3851927.767509654,3923555.068493101,-3289871.0092570437,-10.335276667607461,True,7.76,1955107.2676435914,5137314.83648704,-3292481.5871800757,867.211128285454,8999.155976443826,9271.977668619322,146.96380153643082,-26.31535114547202,62922.90283140227
4740.910052,918.71276837,0.00065,5e-05,222,S,1,0.5,0.5,0.5,0.5,-,M,PW,988548.585452,16047866.6469,0.0616,2014-11-25T15:21:23.226,33.1341365104,147.886574355,0.0285974810669,0.0285974810669,0.0270651301025,0.0270651301025,2456987.13985,-5.46935222058,134.47716298867078,-31.058876438810454,34613.417297410466,-3852230.2101891465,3923184.6072048526,-3289344.7648532386,-16.86106721730722,True,7.84,1954615.2382441075,5137446.650728135,-3291954.619621179,881.0481718653119,8776.575002648553,9049.514498286278,148.0535355816721,-50.279542193350785,62657.73901039648
4756.28679063,923.020952999,0.00065,5e-05,222,E,1,0.5,0.5,0.5,0.5,-,M,PW,nan,nan,nan,2014-11-25T15:21:23.286,32.997267574,147.403955167,0.0286284085886,0.0286284085886,0.0270463804146,0.0270463804146,2456987.13985,nan,134.4807954022509,-31.056088825439883,34381.407351651935,-3852451.9890405526,3922912.9508396327,-3288958.8739477936,-20.40420939764536,True,7.9,1954253.9203187919,5137543.502203524,-3291568.197669515,891.9927119699081,8603.746297526188,8876.78136931522,149.13199087138923,-69.45695207038085,62467.72541259172
4766.18761515,925.864498271,0.00065,5e-05,223,S,1,0.5,0.5,0.5,0.5,-,M,PW,797916.012879,12953182.0273,0.0616,2014-11-25T15:21:23.326,32.9088806779,147.093352831,0.0286264341708,0.0286264341708,0.0269940210748,0.0269940210748,2456987.13985,-5.23675012496,134.4831764392055,-31.054261407779126,34229.345715465824,-3852597.3627759074,3922734.8829116295,-3288705.9264642606,-21.74092324870702,True,7.94,1954016.8384299127,5137607.0777159305,-3291314.901742725,900.0007558655738,8485.636355601999,8758.738915778611,150.199284466588,-88.63552687205134,62345.225535740574
4781.17941328,930.346315491,0.00065,5e-05,223,E,1,0.5,0.5,0.5,0.5,-,M,PW,nan,nan,nan,2014-11-25T15:21:23.386,32.776399899,146.621970846,0.0286178928442,0.0286178928442,0.0269690716988,0.0269690716988,2456987.13985,nan,134.486685501657,-31.05156803476195,34005.273499197894,-3852811.605455474,3922472.457584612,-3288333.148351836,-20.20557415259562,True,8.0,1953667.0478841567,5137700.918798604,-3290941.6095127836,911.0743200337613,8304.01899422048,8577.22889410823,151.27776510028067,-105.9860222374603,62167.67838814025
4791.06024227,933.305010486,0.00065,5e-05,224,S,0,0.5,0.5,0.5,0.5,-,M,PW,279261.48809,12037133.1073,0.0232,2014-11-25T15:21:23.426,32.6872636208,146.312531763,0.0286477573123,0.0286477573123,0.027040686878,0.027040686878,2456987.13985,-5.15711661102,134.4889822370648,-31.049805045714375,33858.633628328935,-3852951.829023108,3922300.698084281,-3288089.1620603744,-20.215859110843734,True,8.04,1953437.8335021997,5137762.441099989,-3290697.286327485,919.168371895442,8179.902945384676,8453.188891887974,152.34508315950305,-116.76970962498363,62053.41123585989
4795.76853972,934.727321722,0.00065,5e-05,224,E,0,0.5,0.5,0.5,0.5,-,M,PW,nan,nan,nan,2014-11-25T15:21:23.446,32.6445520215,146.165234545,0.0286477573123,0.0286477573123,0.027040686878,0.027040686878,2456987.13985,nan,134.49011755649573,-31.04893352769939,33786.15229392656,-3853021.143707978,3922215.7946986384,-3287968.555851371,-20.170585071300543,True,8.06,1953324.443936443,5137792.884520211,-3290576.5134679973,924.2396619056489,8116.915347066745,8390.240739420042,153.4013546438426,-127.76096374309114,61997.496937263335
4814.95456049,940.526143012,0.00065,5e-05,225,S,0,0.5,0.5,0.5,0.5,-,M,PW,304179.801379,13111198.3353,0.0232,2014-11-25T15:21:23.526,32.4670008332,145.567476484,0.028623293937,0.028623293937,0.0270491885112,0.0270491885112,2456987.13986,-5.24991492121,134.49456980140204,-31.04551554915118,33501.94616921934,-3853292.963807141,3921882.8429331123,-3287495.5941441613,-22.0561875190113,True,8.14,1952879.1789972566,5137912.496095142,-3290102.8973191204,938.5928236890431,7858.622431186909,8132.11598574773,154.49116374834932,-151.87065540168766,61781.887094935366
4819.96523303,942.139260878,0.00065,5e-05,225,E,0,0.5,0.5,0.5,0.5,-,M,PW,nan,nan,nan,2014-11-25T15:21:23.546,32.4220468534,145.410257184,0.028623293937,0.028623293937,0.0270491885112,0.0270491885112,2456987.13986,nan,134.49566015758083,-31.044678423970172,33432.35254092053,-3853359.5319264773,3921801.3038087827,-3287379.766905984,-20.183901533425086,True,8.16,1952769.9852184628,5137941.844719949,-3289986.9096035506,943.7071117620175,7792.43179810798,8065.970192406085,155.54745767543724,-148.41592099104986,61729.97854176803
4838.69496206,947.901215722,0.00065,5e-05,226,S,1,0.5,0.5,0.5,0.5,-,M,PW,344765.116308,5596836.30369,0.0616,2014-11-25T15:21:23.626,32.2441679478,144.82988809,0.0288212111418,0.0288212111418,0.0270248152371,0.0270248152371,2456987.13986,-4.32566546561,134.49992801366744,-31.041401529493708,33159.982506126085,-3853620.0891986825,3921482.1478520725,-3286926.402299512,-23.235211940137468,True,8.24,1952341.941002395,5138056.9618251175,-3289532.915857148,958.2322992507331,7521.00421429068,7794.734400684705,156.63728936941342,-165.92982042876596,61530.20864866436
4852.58457693,952.220126037,0.00065,5e-05,226,E,1,0.5,0.5,0.5,0.5,-,M,PW,nan,nan,nan,2014-11-25T15:21:23.686,32.109867705,144.401224438,0.0288212111418,0.0288212111418,0.0270248152371,0.0270248152371,2456987.13986,nan,134.5030280160312,-31.039021091411417,32962.175934010265,-3853809.3450514614,3921250.328827235,-3286597.1007816857,-26.249829368760256,True,8.3,1952030.3063515457,5138140.849730806,-3289203.1563126533,969.6929062481631,7310.247306160772,7584.135922802136,157.71583870239263,-172.3679831329205,61388.531114892154
4861.71419422,955.132700999,0.00065,5e-05,227,S,1,0.5,0.5,0.5,0.5,-,M,PW,226478.95415,3676606.39855,0.0616,2014-11-25T15:21:23.726,32.0217201675,144.119304038,0.0288363336477,0.0288363336477,0.0270258881826,0.0270258881826,2456987.13986,-3.86942680021,134.50504519031932,-31.037472033771227,32833.47761073085,-3853932.49279446,3921099.4854621626,-3286382.82609432,-27.041901492701523,True,8.34,1951827.177842512,5138195.566692379,-3288988.5830705115,978.044965421671,7166.2174925848385,7440.219528373156,158.78322304746217,-174.46048566058369,61297.90119381513
4875.01286623,959.352147734,0.00065,5e-05,227,E,1,0.5,0.5,0.5,0.5,-,M,PW,nan,nan,nan,2014-11-25T15:21:23.786,31.8905038689,143.710782045,0.0288724454268,0.0288724454268,0.0268490455429,0.0268490455429,2456987.13986,nan,134.5079947174878,-31.03520684196289,32645.31467476854,-3854112.558621341,3920878.923277263,-3286069.5150435404,-30.263192646485845,True,8.4,1951529.5976464967,5138275.787151417,-3288674.8346437085,989.6345606635517,6944.74320959243,7218.928492532713,159.86179311583462,-180.82690130213885,61167.60814469495
4883.52798993,962.113440352,0.00065,5e-05,228,S,1,0.5,0.5,0.5,0.5,-,M,PW,218342.918592,3544527.89923,0.0616,2014-11-25T15:21:23.826,31.8064648186,143.449167402,0.0287838059041,0.0287838059041,0.0268505971095,0.0268505971095,2456987.13986,-3.82970495116,134.5099090541554,-31.033736566407,32523.20412205363,-3854229.4259641916,3920735.7727587605,-3285866.1681307773,-31.448575219590925,True,8.44,1951336.0635813873,5138328.001864502,-3288471.2032581023,998.0726061705968,6793.389216148959,7067.706293956807,160.92919744823834,-189.00060449696304,61084.46609647852
4896.49707783,966.370319148,0.00065,5e-05,228,E,1,0.5,0.5,0.5,0.5,-,M,PW,nan,nan,nan,2014-11-25T15:21:23.886,31.6775414871,143.051360335,0.0287515748628,0.0287515748628,0.0268475806677,0.0268475806677,2456987.13986,nan,134.5127004423826,-31.031592552526728,32345.16729855489,-3854399.8344355216,3920527.039844732,-3285569.6606915873,-33.06641788976846,True,8.5,1951053.2217378062,5138404.3806302585,-3288174.280109822,1009.7911825894892,6560.652560149203,6835.183750988564,162.0077872186546,-185.54642458719155,60965.24993323602
4905.17899795,969.312142554,0.00065,5e-05,229,S,0,0.5,0.5,0.5,0.5,-,M,PW,40614.2151357,1750612.72137,0.0232,2014-11-25T15:21:23.926,31.5919324601,142.784404051,0.0287226356448,0.0287226356448,0.0263853146542,0.0263853146542,2456987.13986,-3.0637841537,134.51450670419277,-31.030205112046538,32229.974310173322,-3854510.1020083716,3920391.9733681395,-3285377.797250782,-32.36248817449524,True,8.54,1950869.7701431422,5138453.966186307,-3287982.147018061,1018.3152104336774,6401.6019388748155,6676.288049203314,163.07521052477665,-174.96031502186193,60889.388294531964
4909.32031246,970.686324236,0.00065,5e-05,229,E,0,0.5,0.5,0.5,0.5,-,M,PW,nan,nan,nan,2014-11-25T15:21:23.946,31.5500256177,142.657922753,0.0287226356448,0.0287226356448,0.0263853146542,0.0263853146542,2456987.13986,nan,134.515393107485,-31.029524216597846,32173.447980317884,-3854564.214338797,3920325.691308764,-3285283.642844032,-33.116748077841294,True,8.56,1950779.6048247651,5138478.3521187985,-3287887.860077174,1023.6014570571892,6320.885409956762,6595.652992798654,164.13158385341427,-173.78972613089084,60852.52963712688
4925.64339045,976.263947587,0.00065,5e-05,230,S,0,0.5,0.5,0.5,0.5,-,M,PW,30692.5219078,1322953.53051,0.0232,2014-11-25T15:21:24.026,31.3860155002,142.158274695,0.0286984391983,0.0286984391983,0.0263599427958,0.0263599427958,2456987.13986,-2.75967042754,134.51882458402562,-31.026888159494277,31954.642145720944,-3854773.694222385,3920069.0999187324,-3284919.1519043525,-33.00757928627647,True,8.64,1950429.5908287766,5138573.119818828,-3287522.854672418,1038.8145862785423,5989.8915608389125,6265.015193648424,165.2214956074026,-161.0696123814013,60712.145098407505
4929.8088605,977.615054838,0.00065,5e-05,230,E,0,0.5,0.5,0.5,0.5,-,M,PW,nan,nan,nan,2014-11-25T15:21:24.046,31.3418785426,142.032653747,0.0286984391983,0.0286984391983,0.0263599427958,0.0263599427958,2456987.13986,nan,134.51965334650941,-31.02625146918296,31901.80164373027,-3854824.286919704,3920007.129049223,-3284831.12159103,-35.45419056814595,True,8.66,1950344.8024774715,5138596.103849763,-3287434.6997467,1044.1438235494143,5905.070448561348,6180.291468458179,166.2778862232626,-152.31402544952775,60678.79067034739
4945.60494027,983.145369236,0.00065,5e-05,231,S,1,0.5,0.5,0.5,0.5,-,M,PW,50569.677099,820936.316542,0.0616,2014-11-25T15:21:24.126,31.1813669665,141.550334874,0.0287069758342,0.0287069758342,0.026243461359,0.026243461359,2456987.13986,-2.24158262448,134.52284844858283,-31.02379672680852,31698.105481178296,-3855019.333862172,3919768.2165329847,-3284491.743689324,-34.54339925143189,True,8.74,1950016.8229106532,5138685.128983653,-3287094.839770287,1059.5289307506703,5557.244955870552,5832.894918549938,167.36781545794366,-124.73093933551722,60552.21640455201
