outputs/MPF_triangulation/36_2014-11-25_152058_DSC_0594-G_DN141125_01_2018-04-26_163106_martin_nocomment.ecsv
# %ECSV 0.9
# ---
# datatype:
# - {name: x_image, unit: pix, datatype: float64}
# - {name: y_image, unit: pix, datatype: float64}
# - {name: time_err_minus, unit: s, datatype: float64}
# - {name: time_err_plus, unit: s, datatype: float64}
# - {name: de_bruijn_sequence_element_index, datatype: object}
# - {name: dash_start_end, datatype: object}
# - {name: zero_or_one, datatype: int64}
# - {name: err_minus_x_image, unit: pix, datatype: float64}
# - {name: err_plus_x_image, unit: pix, datatype: float64}
# - {name: err_minus_y_image, unit: pix, datatype: float64}
# - {name: err_plus_y_image, unit: pix, datatype: float64}
# - {name: periodic_pulse, datatype: object}
# - {name: pick_flag, datatype: object}
# - {name: encoding_type, datatype: object}
# - {name: brightness_dash_V, unit: adu, datatype: float64}
# - {name: flux_dash_V, unit: adu / s, datatype: float64}
# - {name: aperture_exptime, unit: s, datatype: float64}
# - {name: datetime, datatype: string}
# - {name: altitude, datatype: float64}
# - {name: azimuth, datatype: float64}
# - {name: err_minus_altitude, datatype: float64}
# - {name: err_plus_altitude, datatype: float64}
# - {name: err_minus_azimuth, datatype: float64}
# - {name: err_plus_azimuth, datatype: float64}
# - {name: JD, datatype: float64, description: Julian Date}
# - {name: m_V, unit: adu / s, datatype: float64}
# - {name: longitude, unit: deg, datatype: float64}
# - {name: latitude, unit: deg, datatype: float64}
# - {name: height, unit: m, datatype: float64}
# - {name: X_geo, unit: m, datatype: float64}
# - {name: Y_geo, unit: m, datatype: float64}
# - {name: Z_geo, unit: m, datatype: float64}
# - {name: cross_track_error, unit: m, datatype: float64}
# - {name: timing, datatype: bool}
# - {name: t_rel, unit: s, datatype: float64}
# - {name: X_eci, unit: m, datatype: float64}
# - {name: Y_eci, unit: m, datatype: float64}
# - {name: Z_eci, unit: m, datatype: float64}
# - {name: pos_err, unit: m, datatype: float64}
# - {name: D_DT_geo, unit: m / s, datatype: float64}
# - {name: D_DT_eci, unit: m / s, datatype: float64}
# - {name: D_DT_err, unit: m / s, datatype: float64}
# - {name: along_track_error, unit: m, datatype: float64}
# - {name: range, unit: m, datatype: float64}
# delimiter: ','
# meta: !!omap
# - {origin: Desert Fireball Network}
# - {exposure_time: 25.0}
# - {lens_type: Fisheye}
# - {telescope: DFNSMALL36}
# - {observer: 'DFN automated software http://adsabs.harvard.edu/abs/2012M%26PSA..75.5123T'}
# - {creator: raw_to_fits 6.0}
# - {timing_correction_dictionary_version: DEBUG}
# - {isodate_mid_obs: '2014-11-25T15:21:10.500'}
# - {sidereal_time_hour: 4.598023724157567}
# - {point_picking_user_comment: nocomment}
# - {point_picking_hostname: work-desktop-debian}
# - {obs_latitude: -30.6607733333}
# - {original_raw_filename: 36_2014-11-25_152058_DSC_0594.NEF}
# - {cropped: false}
# - {obs_elevation: 149.1}
# - {instrument: Nikon D800E}
# - {gps_lock: Y}
# - {filter_pattern: RG/GB}
# - {location: Mulgathing}
# - {aperture: 4.0}
# - {isodate_start_obs: '2014-11-25T15:20:58'}
# - {image_file: 36_2014-11-25_152058_DSC_0594-G.tiff}
# - {timing_corrected: true}
# - {NAXIS2: 4924}
# - {NAXIS1: 7378}
# - {event_codename: DN141125_01}
# - {jd_mid_obs: 2456987.139704861}
# - {lens: Samyang_8mm_F3.5}
# - {timing_de_bruijn_encoding_type: pulse_width}
[...]
# - {triangulation_dec_ecef_end_err: 0.011953641975078888}
# - {triangulation_slope_end: 27.231587683138226}
# - {triangulation_slope_end_err: 0.005901227556882568}
# - {triangulation_azimuth_end: -131.34568850489168}
# - {triangulation_azimuth_end_err: 0.012558560827622044}
# - {triangulation_file_1: 38_2014-11-25_152058_DSC_0559-G_DN141125_01_2018-04-26_163331_martin_nocomment.ecsv}
# - {triangulation_file_2: 40_2014-11-25_152058_DSC_0617-G_DN141125_01_2018-04-26_163631_martin_nocomment.ecsv}
# - {triangulation_file_3: 41_2014-11-25_152059_DSC_0674-G_DN141125_01_2018-01-01_212656_ellie_nocomment.ecsv}
# - {triangulation_file_4: 40_2014-11-25_152058_DSC_0617-G_DN141125_01_2018-04-26_163631_martin_nocomment.ecsv}
# - {triangulation_file_5: 38_2014-11-25_152058_DSC_0559-G_DN141125_01_2018-04-26_163331_martin_nocomment.ecsv}
# - {triangulation_t0: '2014-11-25T15:21:15.386'}
# - {triangulation_file_0: 36_2014-11-25_152058_DSC_0594-G_DN141125_01_2018-04-26_163106_martin_nocomment.ecsv}
# - {astropy_version: 3.0.1}
# - {numpy_version: 1.14.2}
# - {scipy_version: 1.0.1}
# schema: astropy-2.0
x_image,y_image,time_err_minus,time_err_plus,de_bruijn_sequence_element_index,dash_start_end,zero_or_one,err_minus_x_image,err_plus_x_image,err_minus_y_image,err_plus_y_image,periodic_pulse,pick_flag,encoding_type,brightness_dash_V,flux_dash_V,aperture_exptime,datetime,altitude,azimuth,err_minus_altitude,err_plus_altitude,err_minus_azimuth,err_plus_azimuth,JD,m_V,longitude,latitude,height,X_geo,Y_geo,Z_geo,cross_track_error,timing,t_rel,X_eci,Y_eci,Z_eci,pos_err,D_DT_geo,D_DT_eci,D_DT_err,along_track_error,range
[from data line 89]
3808.64468933,780.080729947,0.00065,5e-05,188,S,1,0.5,0.5,0.5,0.5,-,M,PW,3166953.7439,51411586.7516,0.0616,2014-11-25T15:21:19.826,37.2734502735,179.039025493,0.03166372811,0.03166372811,0.0289518022422,0.0289518022422,2456987.13981,-6.73346147352,134.19940606653972,-31.271244464007456,52464.769945675886,-3835262.2954164953,3943968.5639404305,-3318868.6078780526,-5.906405525414274,True,4.44,1981810.4949527897,5130200.40689714,-3321518.4315908407,364.20376268545044,13438.416851759232,13709.691886972778,75.15988180541851,-139.02582318044125,85775.05468609296
3821.9392694,780.267031044,0.00065,5e-05,188,E,1,0.5,0.5,0.5,0.5,-,M,PW,nan,nan,nan,2014-11-25T15:21:19.886,37.2711149009,178.581575194,0.0316379234251,0.0316379234251,0.0289028147076,0.0289028147076,2456987.13981,nan,134.20501017239295,-31.26697507196312,52102.44130455276,-3835604.829766088,3943548.994464878,-3318272.6047448753,-9.476361713350913,True,4.5,1981264.7691474839,5130345.56604867,-3320921.626414669,370.7445634173252,13406.412770530344,13677.695275966253,76.23545912200358,-143.86839336650294,85185.73968501226
3831.0271141,780.352398375,0.00065,5e-05,189,S,0,0.5,0.5,0.5,0.5,-,M,PW,2068216.48476,89147262.2742,0.0232,2014-11-25T15:21:19.926,37.2664202595,178.26896128,0.0316087523721,0.0316087523721,0.0289519777063,0.0289519777063,2456987.13981,-7.33107897967,134.20873880290452,-31.264134127406628,51861.41905419262,-3835832.726973847,3943269.8437401312,-3317876.0680178916,-14.97636614387583,True,4.54,1980901.65250132,5130442.153366862,-3320524.556016115,375.81699317519616,13384.541402735249,13655.829041075642,77.30000167600855,-141.46265516758578,84795.62122151702
3835.57675004,780.428279348,0.00065,5e-05,189,E,0,0.5,0.5,0.5,0.5,-,M,PW,nan,nan,nan,2014-11-25T15:21:19.946,37.2644964403,178.112447667,0.0317409265847,0.0317409265847,0.0289046003002,0.0289046003002,2456987.13981,nan,134.21060084095745,-31.26271528510265,51741.0698320623,-3835946.5351152774,3943130.440429864,-3317678.0440563415,-16.625065179263295,True,4.56,1980720.3085064369,5130490.390204486,-3320326.2655423,379.377235780285,13373.441912038736,13644.732140728956,78.35361753796066,-141.04920948683213,84601.39945627558
3854.27728199,780.767132967,0.00065,5e-05,190,S,1,0.5,0.5,0.5,0.5,-,M,PW,3593517.4372,58336322.0324,0.0616,2014-11-25T15:21:20.026,37.2534505416,177.469264796,0.0318158029785,0.0318158029785,0.0285789734646,0.0285789734646,2456987.13982,-6.87065656452,134.2180334515419,-31.257051060933048,51260.77501654315,-3836400.809299678,3942574.001107697,-3316887.615775072,-24.75429587230741,True,4.64,1979996.3804333615,5130682.956667804,-3319534.7733031,387.68954184145065,13327.926288434339,13599.227272698494,79.44078442525709,-126.17843477477737,83830.17388199462
3868.27047668,781.139881345,0.00065,5e-05,190,E,1,0.5,0.5,0.5,0.5,-,M,PW,nan,nan,nan,2014-11-25T15:21:20.086,37.2445922882,176.988019711,0.0317914790266,0.0317914790266,0.0285331836181,0.0285331836181,2456987.13982,nan,134.22359114756665,-31.252814937807607,50901.739025949515,-3836740.4816167415,3942157.937328694,-3316296.5925230565,-28.29187275538411,True,4.7,1979455.0228170648,5130826.960036485,-3318942.9544219794,394.49126953784,13292.584515252862,13563.893921510878,80.51678462602769,-123.55404903813307,83257.7939377466
3877.96886805,781.384595821,0.00065,5e-05,191,S,1,0.5,0.5,0.5,0.5,-,M,PW,3674768.76926,59655337.1632,0.0616,2014-11-25T15:21:20.126,37.2359640981,176.65463157,0.0317209133571,0.0317209133571,0.0286699631803,0.0286699631803,2456987.13982,-6.89493221505,134.22728805298885,-31.24999677966168,50662.96138612622,-3836966.422931262,3941881.1823727256,-3315903.459012422,-32.66882254020956,True,4.74,1979094.891445967,5130922.7577123055,-3318549.291631057,399.7376840384357,13268.432191858397,13539.747381703406,81.58172839388372,-110.62294646299694,82879.13416413352
3892.57070731,781.884980398,0.00065,5e-05,191,E,1,0.5,0.5,0.5,0.5,-,M,PW,nan,nan,nan,2014-11-25T15:21:20.186,37.223690218,176.152641141,0.0316160725063,0.0316160725063,0.0286894120251,0.0286894120251,2456987.13982,nan,134.2328207389054,-31.245778686917532,50305.685529245864,-3837304.5541751822,3941467.0062503945,-3315315.117197824,-35.616690311870634,True,4.8,1978555.8710228582,5131066.145222167,-3317960.1576245287,406.6697030808529,13231.293224768298,13502.617306359942,82.6579147004817,-94.23318564540548,82315.60327786974
3902.27388026,782.306903648,0.00065,5e-05,192,S,1,0.5,0.5,0.5,0.5,-,M,PW,3633937.84594,58992497.499,0.0616,2014-11-25T15:21:20.226,37.2160590838,175.818998284,0.031477272212,0.031477272212,0.0287299577428,0.0287299577428,2456987.13982,-6.88280091049,134.23650054811984,-31.242972876036994,50068.10795846382,-3837529.4423309737,3941191.541305943,-3314923.816162978,-35.120822808787885,True,4.84,1978197.3472083698,5131161.518252331,-3317568.32967449,412.0029885554824,13205.912711484754,13477.242945139811,83.72303531840359,-87.90352569291427,81942.92868399329
3916.92743147,783.000256605,0.00065,5e-05,192,E,1,0.5,0.5,0.5,0.5,-,M,PW,nan,nan,nan,2014-11-25T15:21:20.286,37.2029706884,175.315215765,0.0313861693741,0.0313861693741,0.0286798596587,0.0286798596587,2456987.13982,nan,134.24200693851677,-31.23877380791015,49712.67323981179,-3837865.9541353583,3940779.3488310836,-3314338.292141802,-34.080450156465375,True,4.9,1977660.8138259074,5131304.247134912,-3316982.0171090155,419.0652006088255,13166.885159883512,13438.224849443677,84.79939311370403,-79.59552899556871,81388.50490484825
3927.18939972,783.597899153,0.00065,5e-05,193,S,0,0.5,0.5,0.5,0.5,-,M,PW,2371263.83861,102209648.216,0.0232,2014-11-25T15:21:20.326,37.1948196983,174.962260506,0.0313549918649,0.0313549918649,0.0287193122663,0.0287193122663,2456987.13982,-7.47953868735,134.24566877307785,-31.235981023815658,49476.35108765809,-3838089.7355773696,3940505.2394975964,-3313948.9167674948,-30.12627674961288,True,4.94,1977303.979376267,5131399.174121368,-3316592.117296395,424.4852878868292,13140.214001005113,13411.560195549833,85.86467685014867,-58.1547808698692,81021.98825721824
3931.86682377,783.892582552,0.00065,5e-05,193,E,0,0.5,0.5,0.5,0.5,-,M,PW,nan,nan,nan,2014-11-25T15:21:20.346,37.1911324358,174.801356944,0.0313300435989,0.0313300435989,0.0286763018539,0.0286763018539,2456987.13982,nan,134.24749690754325,-31.234586652798086,49358.38378074186,-3838201.455010675,3940368.394640733,-3313754.5271176226,-27.798235794948425,True,4.96,1977125.8236549767,5131446.568668167,-3316397.46580988,428.21958213120155,13126.678666470507,13398.028188023223,86.91899722264955,-65.99433563093771,80839.67012529752
3951.82877929,785.096402196,0.00065,5e-05,194,S,1,0.5,0.5,0.5,0.5,-,M,PW,3588471.92478,58254414.3633,0.0616,2014-11-25T15:21:20.426,37.1693358461,174.115188919,0.0311605752663,0.0311605752663,0.0285427372142,0.0285427372142,2456987.13982,-6.86913105504,134.2547904539474,-31.229022982209113,48887.83401901543,-3838647.164040561,3939822.446755096,-3312979.0020392966,-23.055857899201964,True,5.04,1976414.9696837624,5131635.681901112,-3315620.896007097,437.2262207317593,13071.174390744578,13342.537534920319,88.00686078807736,-55.60988616808647,80116.7468614085
3966.76920831,786.046601593,0.00065,5e-05,194,E,1,0.5,0.5,0.5,0.5,-,M,PW,nan,nan,nan,2014-11-25T15:21:20.486,37.1497572936,173.601909414,0.0310366853175,0.0310366853175,0.0284648249715,0.0284648249715,2456987.13982,nan,134.2602401322304,-31.224865151660794,48536.341172990484,-3838980.18572375,3939414.529321035,-3312399.5507613937,-20.499449519398002,True,5.1,1975883.764148208,5131777.005149018,-3315040.6640100814,444.54856760207576,13028.076672467498,13299.45050184559,89.08352331048259,-55.81157774385458,79581.31888021347
3977.00913071,786.752626119,0.00065,5e-05,195,S,0,0.5,0.5,0.5,0.5,-,M,PW,2647890.92951,114133229.72,0.0232,2014-11-25T15:21:20.526,37.135626973,173.250156714,0.0310139467764,0.0310139467764,0.0285198896362,0.0285198896362,2456987.13982,-7.59933922106,134.26386320115705,-31.22210060023632,48302.70723863519,-3839201.5820410727,3939143.341520867,-3312014.3254578453,-17.97907127054324,True,5.14,1975530.5707898187,5131870.971919215,-3314654.9196193586,450.1420821000823,12998.623989829119,13270.00516406436,90.14909729143491,-48.434143378566986,79227.64047475137
3982.05440299,787.072975729,0.00065,5e-05,195,E,0,0.5,0.5,0.5,0.5,-,M,PW,nan,nan,nan,2014-11-25T15:21:20.546,37.1271519391,173.077041054,0.0309673695124,0.0309673695124,0.0284987183754,0.0284987183754,2456987.13982,nan,134.2656716597898,-31.220720572302575,48186.10249126276,-3839312.091048511,3939007.9793116455,-3311822.041925533,-18.311784711292358,True,5.16,1975354.2628848432,5131917.879166713,-3314462.376973156,453.9631561232378,12983.677061040997,13255.061996288496,91.20369434063694,-48.60685115375973,79051.79383017504
4002.74544687,788.542050783,0.00065,5e-05,196,S,1,0.5,0.5,0.5,0.5,-,M,PW,3650653.19034,59263850.4925,0.0616,2014-11-25T15:21:20.626,37.0921781845,172.367059081,0.0306796797284,0.0306796797284,0.028272598243,0.028272598243,2456987.13982,-6.88778361614,134.27288450359717,-31.215215821297093,47721.12884085985,-3839752.8364913627,3938468.1113114604,-3311055.1533924993,-16.337588738077255,True,5.24,1974650.9864999105,5132104.994946484,-3313694.4548445456,463.31630540439807,12922.384268122538,13193.784627069597,92.29183223527312,-36.1253051991072,78355.1057856032
4018.38124453,789.772049832,0.00065,5e-05,196,E,1,0.5,0.5,0.5,0.5,-,M,PW,nan,nan,nan,2014-11-25T15:21:20.686,37.0641575374,171.83069999,0.0307218997313,0.0307218997313,0.027953571031,0.027953571031,2456987.13982,nan,134.27827149932438,-31.21110384882976,47373.953774196496,-3840082.0040701088,3938064.914760376,-3310482.4081816715,-13.200071336813883,True,5.3,1974125.66492868,5132244.767898298,-3313120.93756228,470.8984718716251,12874.791907226616,13146.204340003289,93.3687562810639,-28.75423691141073,77839.72082781352
4029.28552865,790.605826839,0.00065,5e-05,197,S,0,0.5,0.5,0.5,0.5,-,M,PW,1928688.58116,83133128.4982,0.0232,2014-11-25T15:21:20.726,37.0412946076,171.457164515,0.0307218997313,0.0307218997313,0.027953571031,0.027953571031,2456987.13982,-7.25524426437,134.28185172243874,-31.208370687977226,47143.2649144856,-3840300.766519107,3937796.953178988,-3310101.765757987,-13.613976625216175,True,5.34,1973776.4927344976,5132337.6755150845,-3312739.781962992,476.66519430107735,12842.267616904168,13113.688378374532,94.43457977490958,-9.182845929433093,77499.57876852296
4034.52066536,791.121995984,0.00065,5e-05,197,E,0,0.5,0.5,0.5,0.5,-,M,PW,nan,nan,nan,2014-11-25T15:21:20.746,37.0329711547,171.277351386,0.0307218997313,0.0307218997313,0.027953571031,0.027953571031,2456987.13982,nan,134.28363843458533,-31.20700660581437,47028.15306824837,-3840409.9388658837,3937663.228242098,-3309911.8079893347,-9.633268244917538,True,5.36,1973602.2104670305,5132384.051113121,-3312549.568053174,480.57291701648495,12825.761879301159,13097.186859617903,95.48941506158924,-8.112651002701215,77330.55251005107
4055.50215543,792.930465387,0.00065,5e-05,198,S,0,0.5,0.5,0.5,0.5,-,M,PW,2335112.67134,100651408.247,0.0232,2014-11-25T15:21:20.826,36.9869772394,170.558853275,0.0305097222453,0.0305097222453,0.0281477399687,0.0281477399687,2456987.13982,-7.46285859256,134.29076208463832,-31.20156734709693,46569.28994874101,-3840845.2030713297,3937130.07419602,-3309154.456703211,-7.228829992795483,True,5.44,1972907.3176210467,5132568.957852793,-3311791.1954964874,490.2722113639914,12758.076887206214,13029.51936512175,96.57778952677624,-8.935754864555541,76661.49312332785
4060.66886275,793.409360917,0.00065,5e-05,198,E,0,0.5,0.5,0.5,0.5,-,M,PW,nan,nan,nan,2014-11-25T15:21:20.846,36.9754204618,170.381947494,0.0305097222453,0.0305097222453,0.0281477399687,0.0281477399687,2456987.13982,nan,134.2925370804037,-31.200211890583464,46454.97760237572,-3840953.6556876954,3936997.230855126,-3308965.751251532,-6.05594710339762,True,5.46,1972734.149314345,5132615.038523845,-3311602.235533112,494.22321844630716,12740.731802609347,13012.178792717692,97.63273162400843,-13.399055182596204,76496.00686492538
4082.29602027,795.271448258,0.00065,5e-05,199,S,1,0.5,0.5,0.5,0.5,-,M,PW,3629729.34081,58924177.6105,0.0616,2014-11-25T15:21:20.926,36.917652364,169.643307603,0.0306351970143,0.0306351970143,0.0280752398839,0.0280752398839,2456987.13983,-6.88154277826,134.2996126761123,-31.19480805501482,45999.38726003195,-3841385.9684984004,3936467.6919651497,-3308213.5353350877,-9.955932003697866,True,5.54,1972043.7627600129,5132798.759750542,-3310849.00495491,504.0954739765458,12669.604904674714,12941.07053420429,98.7212122639067,-2.313658099946128,75841.27857504241
4098.61016395,796.81048497,0.00065,5e-05,199,E,1,0.5,0.5,0.5,0.5,-,M,PW,nan,nan,nan,2014-11-25T15:21:20.986,36.8724643347,169.086479574,0.0305489524755,0.0305489524755,0.0280516269183,0.0280516269183,2456987.13983,nan,134.30489307352218,-31.190774604758023,45659.48005830059,-3841708.588343665,3936072.515716573,-3307652.1830536844,-10.964229129211885,True,5.6,1971528.423317397,5132935.908191027,-3310286.8952888823,512.0668796123039,12614.376600746456,12885.856837632804,99.79846368150383,3.7069935623126806,75357.9046195312
4109.52998836,797.815951281,0.00065,5e-05,200,S,1,0.5,0.5,0.5,0.5,-,M,PW,4015355.67652,65184345.398,0.0616,2014-11-25T15:21:21.026,36.8388346611,168.71453841,0.0305489524755,0.0305489524755,0.0280516269183,0.0280516269183,2456987.13983,-6.9911672249,134.30840043456513,-31.188095183200247,45433.749440544714,-3841922.87611688,3935810.0351544567,-3307279.3264791844,-14.19327062109809,True,5.64,1971186.0832176495,5133027.018664517,-3309913.535585017,518.0930754887885,12576.633959760286,12848.124241378593,100.86460009407462,6.4154696388774255,75039.35903415756
4126.08096139,799.551084763,0.00065,5e-05,200,E,1,0.5,0.5,0.5,0.5,-,M,PW,nan,nan,nan,2014-11-25T15:21:21.086,36.7899620326,168.150318241,0.0304631843057,0.0304631843057,0.0279966420945,0.0279966420945,2456987.13983,nan,134.31364159779375,-31.1840907734783,45096.49763917323,-3842243.0877395724,3935417.808731739,-3306722.1644584085,-13.33871550808481,True,5.7,1970674.4359974193,5133163.194798023,-3309355.621591614,526.194103026301,12518.597195404933,12790.103078050366,101.94194625945251,13.141449095218452,74567.16240472851
4137.46893888,800.65176358,0.00065,5e-05,201,S,1,0.5,0.5,0.5,0.5,-,M,PW,4194304.27561,68089355.1236,0.0616,2014-11-25T15:21:21.126,36.7507804963,167.763470236,0.0304580029141,0.0304580029141,0.0279652656996,0.0279652656996,2456987.13983,-7.03850700596,134.31712214195227,-31.181431224087312,44872.57882984598,-3842455.7297501354,3935157.3440602147,-3306352.1714790436,-18.031308199836523,True,5.74,1970334.6088759715,5133253.644927578,-3308985.129178132,532.3067048371339,12478.935271984137,12750.45188710148,103.00817336459879,27.243616860257937,74256.15061845879
4154.41916887,802.454081468,0.00065,5e-05,201,E,1,0.5,0.5,0.5,0.5,-,M,PW,nan,nan,nan,2014-11-25T15:21:21.186,36.6929593068,167.187614341,0.030373822123,0.030373822123,0.0279265200701,0.0279265200701,2456987.13983,nan,134.32232206213544,-31.177457410969385,44538.10871651471,-3842773.4106877255,3934768.2174674035,-3305799.412801324,-21.243941526087667,True,5.8,1969826.810878272,5133388.811680436,-3308431.624175751,540.5373036529207,12417.947231844177,12689.480501679573,104.0856080799703,40.18086664938389,73795.37637164693
