outputs/MPF_triangulation/36_2014-11-25_152058_DSC_0594-G_DN141125_01_2018-04-26_163106_martin_nocomment.ecsv
# %ECSV 0.9
# ---
# datatype:
# - {name: x_image, unit: pix, datatype: float64}
# - {name: y_image, unit: pix, datatype: float64}
# - {name: time_err_minus, unit: s, datatype: float64}
# - {name: time_err_plus, unit: s, datatype: float64}
# - {name: de_bruijn_sequence_element_index, datatype: object}
# - {name: dash_start_end, datatype: object}
# - {name: zero_or_one, datatype: int64}
# - {name: err_minus_x_image, unit: pix, datatype: float64}
# - {name: err_plus_x_image, unit: pix, datatype: float64}
# - {name: err_minus_y_image, unit: pix, datatype: float64}
# - {name: err_plus_y_image, unit: pix, datatype: float64}
# - {name: periodic_pulse, datatype: object}
# - {name: pick_flag, datatype: object}
# - {name: encoding_type, datatype: object}
# - {name: brightness_dash_V, unit: adu, datatype: float64}
# - {name: flux_dash_V, unit: adu / s, datatype: float64}
# - {name: aperture_exptime, unit: s, datatype: float64}
# - {name: datetime, datatype: string}
# - {name: altitude, datatype: float64}
# - {name: azimuth, datatype: float64}
# - {name: err_minus_altitude, datatype: float64}
# - {name: err_plus_altitude, datatype: float64}
# - {name: err_minus_azimuth, datatype: float64}
# - {name: err_plus_azimuth, datatype: float64}
# - {name: JD, datatype: float64, description: Julian Date}
# - {name: m_V, unit: adu / s, datatype: float64}
# - {name: longitude, unit: deg, datatype: float64}
# - {name: latitude, unit: deg, datatype: float64}
# - {name: height, unit: m, datatype: float64}
# - {name: X_geo, unit: m, datatype: float64}
# - {name: Y_geo, unit: m, datatype: float64}
# - {name: Z_geo, unit: m, datatype: float64}
# - {name: cross_track_error, unit: m, datatype: float64}
# - {name: timing, datatype: bool}
# - {name: t_rel, unit: s, datatype: float64}
# - {name: X_eci, unit: m, datatype: float64}
# - {name: Y_eci, unit: m, datatype: float64}
# - {name: Z_eci, unit: m, datatype: float64}
# - {name: pos_err, unit: m, datatype: float64}
# - {name: D_DT_geo, unit: m / s, datatype: float64}
# - {name: D_DT_eci, unit: m / s, datatype: float64}
# - {name: D_DT_err, unit: m / s, datatype: float64}
# - {name: along_track_error, unit: m, datatype: float64}
# - {name: range, unit: m, datatype: float64}
# delimiter: ','
# meta: !!omap
# - {origin: Desert Fireball Network}
# - {exposure_time: 25.0}
# - {lens_type: Fisheye}
# - {telescope: DFNSMALL36}
# - {observer: 'DFN automated software http://adsabs.harvard.edu/abs/2012M%26PSA..75.5123T'}
# - {creator: raw_to_fits 6.0}
# - {timing_correction_dictionary_version: DEBUG}
# - {isodate_mid_obs: '2014-11-25T15:21:10.500'}
# - {sidereal_time_hour: 4.598023724157567}
# - {point_picking_user_comment: nocomment}
# - {point_picking_hostname: work-desktop-debian}
# - {obs_latitude: -30.6607733333}
# - {original_raw_filename: 36_2014-11-25_152058_DSC_0594.NEF}
# - {cropped: false}
# - {obs_elevation: 149.1}
# - {instrument: Nikon D800E}
# - {gps_lock: Y}
# - {filter_pattern: RG/GB}
# - {location: Mulgathing}
# - {aperture: 4.0}
# - {isodate_start_obs: '2014-11-25T15:20:58'}
# - {image_file: 36_2014-11-25_152058_DSC_0594-G.tiff}
# - {timing_corrected: true}
# - {NAXIS2: 4924}
# - {NAXIS1: 7378}
# - {event_codename: DN141125_01}
# - {jd_mid_obs: 2456987.139704861}
# - {lens: Samyang_8mm_F3.5}
# - {timing_de_bruijn_encoding_type: pulse_width}
[...]
# - {triangulation_dec_ecef_end_err: 0.011953641975078888}
# - {triangulation_slope_end: 27.231587683138226}
# - {triangulation_slope_end_err: 0.005901227556882568}
# - {triangulation_azimuth_end: -131.34568850489168}
# - {triangulation_azimuth_end_err: 0.012558560827622044}
# - {triangulation_file_1: 38_2014-11-25_152058_DSC_0559-G_DN141125_01_2018-04-26_163331_martin_nocomment.ecsv}
# - {triangulation_file_2: 40_2014-11-25_152058_DSC_0617-G_DN141125_01_2018-04-26_163631_martin_nocomment.ecsv}
# - {triangulation_file_3: 41_2014-11-25_152059_DSC_0674-G_DN141125_01_2018-01-01_212656_ellie_nocomment.ecsv}
# - {triangulation_file_4: 40_2014-11-25_152058_DSC_0617-G_DN141125_01_2018-04-26_163631_martin_nocomment.ecsv}
# - {triangulation_file_5: 38_2014-11-25_152058_DSC_0559-G_DN141125_01_2018-04-26_163331_martin_nocomment.ecsv}
# - {triangulation_t0: '2014-11-25T15:21:15.386'}
# - {triangulation_file_0: 36_2014-11-25_152058_DSC_0594-G_DN141125_01_2018-04-26_163106_martin_nocomment.ecsv}
# - {astropy_version: 3.0.1}
# - {numpy_version: 1.14.2}
# - {scipy_version: 1.0.1}
# schema: astropy-2.0
x_image,y_image,time_err_minus,time_err_plus,de_bruijn_sequence_element_index,dash_start_end,zero_or_one,err_minus_x_image,err_plus_x_image,err_minus_y_image,err_plus_y_image,periodic_pulse,pick_flag,encoding_type,brightness_dash_V,flux_dash_V,aperture_exptime,datetime,altitude,azimuth,err_minus_altitude,err_plus_altitude,err_minus_azimuth,err_plus_azimuth,JD,m_V,longitude,latitude,height,X_geo,Y_geo,Z_geo,cross_track_error,timing,t_rel,X_eci,Y_eci,Z_eci,pos_err,D_DT_geo,D_DT_eci,D_DT_err,along_track_error,range
[from data line 59]
3521.15221778,786.199209458,0.00065,5e-05,173,S,1,0.5,0.5,0.5,0.5,-,M,PW,1730604.08593,28094222.1742,0.0616,2014-11-25T15:21:18.326,36.8440346625,188.892542264,0.0315502941845,0.0315502941845,0.0294223958163,0.0294223958163,2456987.1398,-6.07735148495,134.05592225158142,-31.380339309139195,61771.80147270572,-3826489.624373329,3954714.186950661,-3334132.8855607896,-4.813724434899897,True,2.94,1995773.1143863401,5126486.430679567,-3336803.2300576693,216.0576686031689,13994.41963368678,14265.57132620384,43.15370901106519,-107.65625120138002,101880.8446731569
3531.31065417,785.599953358,0.00065,5e-05,173,E,1,0.5,0.5,0.5,0.5,-,M,PW,nan,nan,nan,2014-11-25T15:21:18.386,36.8731811739,188.546786665,0.0316549951728,0.0316549951728,0.0295233830465,0.0295233830465,2456987.1398,nan,134.0617585844609,-31.375909880802134,61392.095237355985,-3826846.5608401746,3954276.976357393,-3333511.823022571,-4.636033150004506,True,3.0,1995205.4184686446,5126637.448710837,-3336181.3331759744,220.61853746120804,13979.211249348298,14250.366133354652,44.220882503540224,-95.52979306048934,101193.52821371992
3537.68953687,785.24411777,0.00065,5e-05,174,S,1,0.5,0.5,0.5,0.5,-,M,PW,1815344.38069,29469876.3099,0.0616,2014-11-25T15:21:18.426,36.8911450863,188.329576086,0.0317057432692,0.0317057432692,0.0295744554274,0.0295744554274,2456987.1398,-6.12925473612,134.06564598399996,-31.372959195473307,61139.23811227822,-3827084.30035527,3953985.769814793,-3333098.1608714745,-4.2150578750822065,True,3.04,1994827.2719553353,5126738.043576915,-3335767.11527578,224.36919447819045,13968.817944661398,14239.975002188385,45.277587772669946,-109.81430353579027,100737.0143885249
3547.68947679,784.659568182,0.00065,5e-05,174,E,1,0.5,0.5,0.5,0.5,-,M,PW,nan,nan,nan,2014-11-25T15:21:18.486,36.9170542581,187.988627196,0.0315788888364,0.0315788888364,0.0294694503655,0.0294694503655,2456987.1398,nan,134.07147170588505,-31.368536678649985,60760.38209711807,-3827440.573662615,3953549.371523953,-3332478.2522179415,-6.125657173355328,True,3.1,1994260.586966398,5126888.789153179,-3335146.373757015,229.0639176510842,13952.83618611917,14223.996635347161,46.34591974524277,-115.27892602225614,100054.83540815154
3554.44728276,784.286868495,0.00065,5e-05,175,S,0,0.5,0.5,0.5,0.5,-,M,PW,1207732.28111,52057425.9099,0.0232,2014-11-25T15:21:18.526,36.9342088487,187.758130796,0.0315199516248,0.0315199516248,0.0294352576747,0.0294352576747,2456987.1398,-6.74701567773,134.07535184950612,-31.36559074116074,60508.10332384665,-3827677.8599790935,3953258.720103215,-3332065.37862366,-7.0551175195985945,True,3.14,1993883.1464416205,5126989.1921269195,-3334732.9454461006,232.90410622808773,13941.91436284952,14213.077145747857,47.40369284609055,-117.91016822353355,99601.80454049114
3557.8614283,784.098390311,0.00065,5e-05,175,E,0,0.5,0.5,0.5,0.5,-,M,PW,nan,nan,nan,2014-11-25T15:21:18.546,36.9425590977,187.641620573,0.0315199516248,0.0315199516248,0.0294352576747,0.0294352576747,2456987.1398,nan,134.07729079746375,-31.36411851192032,60382.05293886634,-3827796.432995124,3953113.4803098636,-3331859.0638726037,-7.778324756544181,True,3.16,1993694.533114571,5127039.364862964,-3334526.35347855,235.84498218346366,13936.371651625135,14207.53560839302,48.45097347436799,-118.54741865818312,99375.8227458094
3571.76279963,783.344154146,0.00065,5e-05,176,S,1,0.5,0.5,0.5,0.5,-,M,PW,2476557.75658,40203859.6847,0.0616,2014-11-25T15:21:18.626,36.9747900891,187.166898417,0.0311280239769,0.0311280239769,0.0294947510217,0.0294947510217,2456987.1398,-6.46647832498,134.08503891704837,-31.358234663628846,59878.45614744489,-3828270.246475944,3952533.107351958,-3331034.637594053,-11.71341988611346,True,3.24,1992940.7944141608,5127239.865442922,-3333700.819440887,241.70338685414544,13913.642684618024,14184.81148711853,49.531966203453045,-116.27077846692632,98475.50927247155
3582.42303743,782.777042177,0.00065,5e-05,176,E,1,0.5,0.5,0.5,0.5,-,M,PW,nan,nan,nan,2014-11-25T15:21:18.686,36.9974888485,186.802511187,0.0311731311461,0.0311731311461,0.029568843012,0.029568843012,2456987.1398,nan,134.09084172957841,-31.353827270090402,59501.407565992864,-3828625.0905807912,3952098.4596877135,-3330417.215725181,-15.945680534325852,True,3.3,1992376.2884906582,5127390.025189088,-3333082.5679241787,246.6648027960385,13895.994195308145,14167.166781669499,50.60218287244394,-110.7271600334731,97804.13693161313
3589.45447664,782.422070966,0.00065,5e-05,177,S,1,0.5,0.5,0.5,0.5,-,M,PW,2401770.9898,38989788.7954,0.0616,2014-11-25T15:21:18.726,37.0119079535,186.562066176,0.0312346056411,0.0312346056411,0.0296304499505,0.0296304499505,2456987.1398,-6.43318616014,134.0947062082287,-31.35089171698135,59250.3585996385,-3828861.400190166,3951809.0046330853,-3330006.04158234,-18.60536869911822,True,3.34,1992000.3371794908,5127490.028107674,-3332670.8412476275,250.68325921686554,13883.93333975777,14155.108532534978,51.66170079560297,-113.9996849427761,97358.43197058223
3600.34461163,781.969277121,0.00065,5e-05,177,E,1,0.5,0.5,0.5,0.5,-,M,PW,nan,nan,nan,2014-11-25T15:21:18.786,37.0353596866,186.189778731,0.0316030211796,0.0316030211796,0.0295259597687,0.0295259597687,2456987.1398,nan,134.1004966647162,-31.346492579899092,58874.27085763712,-3829215.4747350723,3951375.2996009053,-3329389.9587328588,-19.155234539775606,True,3.4,1991437.0047254914,5127639.87310611,-3332053.9304662133,255.77753223219761,13865.387392436342,14136.56656361861,52.732689232762695,-108.2251425215845,96692.73991040575
3607.3306374,781.657597937,0.00065,5e-05,178,S,0,0.5,0.5,0.5,0.5,-,M,PW,1460463.38995,62951008.1876,0.0232,2014-11-25T15:21:18.826,37.0486520653,185.950701516,0.0316030211796,0.0316030211796,0.0295259597687,0.0295259597687,2456987.1398,-6.95331567829,134.1043526948939,-31.343562693871284,58623.8758239805,-3829451.258432505,3951086.4887345103,-3328979.69966661,-21.42197805052707,True,3.44,1991061.8403395857,5127739.666870508,-3331643.1200234797,259.884746995651,13852.71322028703,14123.895126598529,53.79292456185987,-120.41008769897263,96250.88534341738
3610.93541913,781.536966014,0.00065,5e-05,178,E,0,0.5,0.5,0.5,0.5,-,M,PW,nan,nan,nan,2014-11-25T15:21:18.846,37.0563600001,185.827433899,0.0317078827784,0.0317078827784,0.0294930169321,0.0294930169321,2456987.1398,nan,134.10627940155615,-31.3420986326567,58498.77900356683,-3829569.068885066,3950942.1830032626,-3328774.7117612204,-20.83927959613854,True,3.46,1990874.3898392625,5127789.527649877,-3331437.856614145,262.9604039227419,13846.281210310553,14117.464518552364,54.84249188335529,-122.40538963560896,96030.54787687317
3625.3079633,781.113043604,0.00065,5e-05,179,S,0,0.5,0.5,0.5,0.5,-,M,PW,1605216.18292,69190352.7121,0.0232,2014-11-25T15:21:18.926,37.0864635202,185.335784396,0.0317078827784,0.0317078827784,0.0294930169321,0.0294930169321,2456987.1398,-7.05592281479,134.113977296604,-31.336248427469357,57999.07624910026,-3830039.755325843,3950365.640348953,-3327955.7264717724,-17.472854167458824,True,3.54,1990125.4347375093,5127988.7438739445,-3330617.770597796,269.34902194668337,13819.905500549288,14091.094537902578,55.92569697549321,-139.30495093513835,95153.19147298505
3628.46882389,781.087010084,0.00065,5e-05,179,E,0,0.5,0.5,0.5,0.5,-,M,PW,nan,nan,nan,2014-11-25T15:21:18.946,37.0945821967,185.227799115,0.0317078827784,0.0317078827784,0.0294930169321,0.0294930169321,2456987.1398,nan,134.11589949183548,-31.33478742128697,57874.32458096149,-3830157.2853114954,3950221.6781609254,-3327751.2265733695,-13.791718216237948,True,3.56,1989938.411970767,5128038.490139016,-3330412.995824775,272.46928112004946,13813.146411082753,14084.33693120328,56.97585678766958,-164.866549272324,94934.86403416286
3643.11817139,780.674053348,0.00065,5e-05,180,S,0,0.5,0.5,0.5,0.5,-,M,PW,1737850.89833,74907366.3071,0.0232,2014-11-25T15:21:19.026,37.1211763405,184.726033055,0.0315348593234,0.0315348593234,0.0293328325276,0.0293328325276,2456987.1398,-7.14212027309,134.12357887797248,-31.328949793532885,57376.031754799136,-3830626.821643088,3949646.5442725043,-3326934.242451625,-13.007946791378563,True,3.64,1989191.1959847945,5128237.24319825,-3329594.9135342063,279.03399624337624,13785.429448162651,14056.626027329763,58.05963782965572,-182.43341054480777,94065.68183273291
3646.86753795,780.600443099,0.00065,5e-05,180,E,0,0.5,0.5,0.5,0.5,-,M,PW,nan,nan,nan,2014-11-25T15:21:19.046,37.1283154395,184.597619748,0.0316026102091,0.0316026102091,0.0293155903812,0.0293155903812,2456987.1398,nan,134.1254963278587,-31.32749202283388,57251.640044246626,-3830744.056899577,3949502.943097498,-3326730.255376257,-11.705356966175449,True,3.66,1989004.622740707,5128286.8693364635,-3329390.652255214,282.1987162596962,13778.326646614812,14049.52477244669,59.11032532766517,-184.6225944132079,93849.43184230562
3662.50957762,780.076584414,0.00065,5e-05,181,S,1,0.5,0.5,0.5,0.5,-,M,PW,3043359.86956,49405192.6877,0.0616,2014-11-25T15:21:19.126,37.1489127467,184.06097179,0.0315669924938,0.0315669924938,0.0292114754416,0.0292114754416,2456987.1398,-6.69024044712,134.1331562458705,-31.321667712579696,56754.81784659298,-3831212.3846368254,3948929.289613292,-3325915.3741852595,-18.847863381452104,True,3.74,1988259.2653460356,5128485.124240647,-3328574.675625498,288.9392333529423,13749.200225355715,14020.404792270345,60.19462034174031,-171.4157551331189,92988.69726826221
3674.54730569,779.71484787,0.00065,5e-05,181,E,1,0.5,0.5,0.5,0.5,-,M,PW,nan,nan,nan,2014-11-25T15:21:19.186,37.1629847396,183.647805886,0.0315055999449,0.0315055999449,0.0291641694754,0.0291641694754,2456987.13981,nan,134.1388905251748,-31.31730680991792,56383.00101370916,-3831562.9691953952,3948499.8594567217,-3325305.363844399,-24.468145032438574,True,3.8,1987701.2408993046,5128633.552151356,-3327963.84514095,294.5623347729646,13726.58426863118,13997.793816260417,61.26791341530605,-155.47853485697928,92347.70384659554
3682.79121482,779.463256189,0.00065,5e-05,182,S,1,0.5,0.5,0.5,0.5,-,M,PW,3069827.99037,49834869.9735,0.0616,2014-11-25T15:21:19.226,37.1709943338,183.364723963,0.0314400066901,0.0314400066901,0.0291095463792,0.0291095463792,2456987.13981,-6.69964227715,134.14270814648947,-31.314403152173078,56135.513839089894,-3831796.3678603014,3948213.970010757,-3324899.2546885484,-29.559230474586577,True,3.84,1987329.7294875085,5128732.368275143,-3327557.18998623,299.0226125102541,13711.128680200987,13982.34166660442,62.33030226355318,-138.86002479172515,91922.58793600813
3694.87604986,779.239687109,0.00065,5e-05,182,E,1,0.5,0.5,0.5,0.5,-,M,PW,nan,nan,nan,2014-11-25T15:21:19.286,37.1848412349,182.949876175,0.0313856495461,0.0313856495461,0.0290412179492,0.0290412179492,2456987.13981,nan,134.1484265172043,-31.31005324673591,55764.88267407052,-3832145.9662531996,3947785.7478060736,-3324290.9602568545,-31.62803938286631,True,3.9,1986773.2245425219,5128880.389423631,-3326948.0776585215,304.77732937453146,13687.362660646999,13958.580913727272,63.40402713939804,-131.76872206106316,91288.29156300004
3703.22582847,779.144467656,0.00065,5e-05,183,S,1,0.5,0.5,0.5,0.5,-,M,PW,2870702.71283,46602316.7668,0.0616,2014-11-25T15:21:19.326,37.1946318089,182.663222753,0.0313215247048,0.0313215247048,0.0289873017035,0.0289873017035,2456987.13981,-6.62682772238,134.15223326225404,-31.30715712932296,55518.20304867054,-3832378.690979304,3947500.683866075,-3323886.023741463,-31.348520195651382,True,3.94,1986402.741285498,5128978.931618107,-3326542.5966620604,309.3254333965518,13671.121127232147,13942.34304356134,64.46682151979178,-117.8719354758927,90867.71319479852
3715.15871009,779.09691426,0.00065,5e-05,183,E,1,0.5,0.5,0.5,0.5,-,M,PW,nan,nan,nan,2014-11-25T15:21:19.386,37.2090750373,182.253509561,0.0315065762333,0.0315065762333,0.0289501283927,0.0289501283927,2456987.13981,nan,134.15793490188338,-31.30281885609524,55148.80954601132,-3832727.2530581984,3947073.731039845,-3323279.532476062,-28.34028603372964,True,4.0,1985847.8023330169,5129126.537664699,-3325935.2897891137,315.2115698008268,13646.146562047034,13917.374077453935,65.54093526976727,-128.02400675075597,90240.33383829158
3723.72091803,779.072831928,0.00065,5e-05,184,S,0,0.5,0.5,0.5,0.5,-,M,PW,1824688.42668,78650363.2189,0.0232,2014-11-25T15:21:19.426,37.2181505687,181.959407319,0.0314557856979,0.0314557856979,0.0290315996396,0.0290315996396,2456987.13981,-7.195060785,134.161730208578,-31.299930713009342,54902.9729959759,-3832959.269574479,3946789.5345843034,-3322875.8282320444,-26.871534624344434,True,4.04,1985478.3995825276,5129224.792462761,-3325531.0426536747,319.8473561543788,13629.079116905286,13900.310457456626,66.60409546900777,-112.15549709357434,89824.44144489574
3727.63030864,779.156626756,0.00065,5e-05,184,E,0,0.5,0.5,0.5,0.5,-,M,PW,nan,nan,nan,2014-11-25T15:21:19.446,37.2246814648,181.825200723,0.0314071638249,0.0314071638249,0.0289822318884,0.0289822318884,2456987.13981,nan,134.16362609074855,-31.2984878804157,54780.18468425719,-3833075.168221955,3946647.5706183636,-3322674.1668304685,-22.085972520431067,True,4.06,1985293.865451688,5129273.875378908,-3325329.1100217057,323.18872478954455,13620.417566775504,13891.650867332166,67.65640422088096,-121.237143627772,89617.21249714274
3743.99376102,779.345865451,0.00065,5e-05,185,S,1,0.5,0.5,0.5,0.5,-,M,PW,2956759.93618,47999349.6133,0.0616,2014-11-25T15:21:19.526,37.2441977753,181.262969992,0.0315519962535,0.0315519962535,0.028928510898,0.028928510898,2456987.13981,-6.65889733542,134.17119753045546,-31.29272502683409,54289.91561865786,-3833538.0149335954,3946080.6308288355,-3321868.8225178584,-11.867702866839561,True,4.14,1984556.87007199,5129469.9037396,-3324522.682556658,330.6298136720284,13584.89919333684,13856.14054421967,68.74228481849057,-133.2952044094437,88793.14990877402
3756.29816412,779.552214247,0.00065,5e-05,185,E,1,0.5,0.5,0.5,0.5,-,M,PW,nan,nan,nan,2014-11-25T15:21:19.586,37.2575908856,180.839984936,0.0317350528278,0.0317350528278,0.0288360776261,0.0288360776261,2456987.13981,nan,134.17686307097017,-31.28841205442086,53923.164052988555,-3833884.3436092734,3945656.413692669,-3321266.2173307915,-3.5850915136638415,True,4.2,1984005.338857164,5129616.604053481,-3323919.266789702,336.77827700415884,13557.320041422881,13828.567659528657,69.81706829866843,-148.12417203295095,88180.28562123358
3764.88642652,779.693712968,0.00065,5e-05,186,S,0,0.5,0.5,0.5,0.5,-,M,PW,1880894.83014,81073053.0233,0.0232,2014-11-25T15:21:19.626,37.2652375996,180.544626882,0.0317350528278,0.0317350528278,0.0288360776261,0.0288360776261,2456987.13981,-7.22800027313,134.18063369887835,-31.285541251807775,53679.12749494443,-3834114.8338332404,3945374.0867887978,-3320865.168805835,0.8882518237556378,True,4.24,1983638.2650238527,5129714.240118717,-3323517.6787914075,341.5890533961572,13538.472639722047,13809.724579403774,70.88085993108083,-145.20803175644065,87774.22434759492
3769.10946879,779.737025937,0.00065,5e-05,186,E,0,0.5,0.5,0.5,0.5,-,M,PW,nan,nan,nan,2014-11-25T15:21:19.646,37.2677229303,180.399354847,0.03161738871,0.03161738871,0.0291534705643,0.0291534705643,2456987.13981,nan,134.1825170541648,-31.284107234282903,53557.251020015734,-3834229.9579033107,3945233.0716008022,-3320664.8551539415,1.5355671826449597,True,4.26,1983454.9128301644,5129763.009131106,-3323317.0956721664,345.01818600362407,13528.90778023124,13800.16193415419,71.93376471490107,-147.79185879631024,87571.95768011073
3786.4604555,779.882639107,0.00065,5e-05,187,S,1,0.5,0.5,0.5,0.5,-,M,PW,3201027.25359,51964728.1427,0.0616,2014-11-25T15:21:19.726,37.273572837,179.802373374,0.03161738871,0.03161738871,0.0291534705643,0.0291534705643,2456987.13981,-6.74508060246,134.19003710707213,-31.278380629278114,53070.71007857634,-3834689.628309421,3944670.0224600425,-3319865.037551426,0.3815433483011737,True,4.34,1982722.7642760882,5129957.750961783,-3322516.2020217427,352.80828346784597,13489.685210807469,13760.948366110508,73.02023089964601,-145.9644388606504,86768.05870706466
