outputs/MPF_triangulation/38_2014-11-25_152058_DSC_0559-G_DN141125_01_2018-04-26_163331_martin_nocomment.ecsv
# %ECSV 0.9
# ---
# datatype:
# - {name: x_image, unit: pix, datatype: float64}
# - {name: y_image, unit: pix, datatype: float64}
# - {name: time_err_minus, unit: s, datatype: float64}
# - {name: time_err_plus, unit: s, datatype: float64}
# - {name: de_bruijn_sequence_element_index, datatype: object}
# - {name: dash_start_end, datatype: object}
# - {name: zero_or_one, datatype: int64}
# - {name: err_minus_x_image, unit: pix, datatype: float64}
# - {name: err_plus_x_image, unit: pix, datatype: float64}
# - {name: err_minus_y_image, unit: pix, datatype: float64}
# - {name: err_plus_y_image, unit: pix, datatype: float64}
# - {name: periodic_pulse, datatype: object}
# - {name: pick_flag, datatype: object}
# - {name: encoding_type, datatype: object}
# - {name: brightness_dash_V, unit: adu, datatype: float64}
# - {name: flux_dash_V, unit: adu / s, datatype: float64}
# - {name: aperture_exptime, unit: s, datatype: float64}
# - {name: datetime, datatype: string}
# - {name: altitude, datatype: float64}
# - {name: azimuth, datatype: float64}
# - {name: err_minus_altitude, datatype: float64}
# - {name: err_plus_altitude, datatype: float64}
# - {name: err_minus_azimuth, datatype: float64}
# - {name: err_plus_azimuth, datatype: float64}
# - {name: JD, datatype: float64, description: Julian Date}
# - {name: m_V, unit: adu / s, datatype: float64}
# - {name: longitude, unit: deg, datatype: float64}
# - {name: latitude, unit: deg, datatype: float64}
# - {name: height, unit: m, datatype: float64}
# - {name: X_geo, unit: m, datatype: float64}
# - {name: Y_geo, unit: m, datatype: float64}
# - {name: Z_geo, unit: m, datatype: float64}
# - {name: cross_track_error, unit: m, datatype: float64}
# - {name: timing, datatype: bool}
# - {name: t_rel, unit: s, datatype: float64}
# - {name: X_eci, unit: m, datatype: float64}
# - {name: Y_eci, unit: m, datatype: float64}
# - {name: Z_eci, unit: m, datatype: float64}
# - {name: pos_err, unit: m, datatype: float64}
# - {name: D_DT_geo, unit: m / s, datatype: float64}
# - {name: D_DT_eci, unit: m / s, datatype: float64}
# - {name: D_DT_err, unit: m / s, datatype: float64}
# - {name: along_track_error, unit: m, datatype: float64}
# - {name: range, unit: m, datatype: float64}
# delimiter: ','
# meta: !!omap
# - {origin: Desert Fireball Network}
# - {exposure_time: 25.0}
# - {lens_type: Fisheye}
# - {telescope: DFNSMALL38}
# - {observer: 'DFN automated software http://adsabs.harvard.edu/abs/2012M%26PSA..75.5123T'}
# - {creator: raw_to_fits 6.0}
# - {timing_correction_dictionary_version: DEBUG}
# - {isodate_mid_obs: '2014-11-25T15:21:10.500'}
# - {sidereal_time_hour: 4.670575946357566}
# - {point_picking_user_comment: nocomment}
# - {point_picking_hostname: work-desktop-debian}
# - {obs_latitude: -30.85765}
# - {original_raw_filename: 38_2014-11-25_152058_DSC_0559.NEF}
# - {cropped: false}
# - {obs_elevation: 164.4}
# - {instrument: Nikon D800E}
# - {gps_lock: Y}
# - {filter_pattern: RG/GB}
# - {location: NorthWell}
# - {aperture: 4.0}
# - {isodate_start_obs: '2014-11-25T15:20:58'}
# - {image_file: 38_2014-11-25_152058_DSC_0559-G.tiff}
# - {timing_corrected: true}
# - {NAXIS2: 4924}
# - {NAXIS1: 7378}
# - {event_codename: DN141125_01}
# - {jd_mid_obs: 2456987.139704861}
# - {lens: Samyang_8mm_F3.5}
# - {timing_de_bruijn_encoding_type: pulse_width}
[...]
# - {triangulation_dec_ecef_end_err: 0.011553247832202925}
# - {triangulation_slope_end: 26.904708738011003}
# - {triangulation_slope_end_err: 0.005703214243100087}
# - {triangulation_azimuth_end: -131.4959137007217}
# - {triangulation_azimuth_end_err: 0.012101267741849824}
# - {triangulation_file_1: 38_2014-11-25_152058_DSC_0559-G_DN141125_01_2018-04-26_163331_martin_nocomment.ecsv}
# - {triangulation_file_2: 40_2014-11-25_152058_DSC_0617-G_DN141125_01_2018-04-26_163631_martin_nocomment.ecsv}
# - {triangulation_file_3: 41_2014-11-25_152059_DSC_0674-G_DN141125_01_2018-01-01_212656_ellie_nocomment.ecsv}
# - {triangulation_file_4: 40_2014-11-25_152058_DSC_0617-G_DN141125_01_2018-04-26_163631_martin_nocomment.ecsv}
# - {triangulation_file_5: 38_2014-11-25_152058_DSC_0559-G_DN141125_01_2018-04-26_163331_martin_nocomment.ecsv}
# - {triangulation_t0: '2014-11-25T15:21:15.386'}
# - {triangulation_file_0: 36_2014-11-25_152058_DSC_0594-G_DN141125_01_2018-04-26_163106_martin_nocomment.ecsv}
# - {astropy_version: 3.0.1}
# - {numpy_version: 1.14.2}
# - {scipy_version: 1.0.1}
# schema: astropy-2.0
x_image,y_image,time_err_minus,time_err_plus,de_bruijn_sequence_element_index,dash_start_end,zero_or_one,err_minus_x_image,err_plus_x_image,err_minus_y_image,err_plus_y_image,periodic_pulse,pick_flag,encoding_type,brightness_dash_V,flux_dash_V,aperture_exptime,datetime,altitude,azimuth,err_minus_altitude,err_plus_altitude,err_minus_azimuth,err_plus_azimuth,JD,m_V,longitude,latitude,height,X_geo,Y_geo,Z_geo,cross_track_error,timing,t_rel,X_eci,Y_eci,Z_eci,pos_err,D_DT_geo,D_DT_eci,D_DT_err,along_track_error,range
[from data line 30]
1793.80479045,1919.21151069,0.00065,5e-05,189,S,0,0.5,0.5,0.5,0.5,-,M,PW,1054368.12252,45446901.8326,0.0232,2014-11-25T15:21:19.926,24.3715067928,245.810799261,0.0278830188858,0.0278830188858,0.0227352235222,0.0227352235222,2456987.13981,-6.65761459513,134.20873880290452,-31.264134127406628,51861.41905419262,-3835832.726973847,3943269.8437401312,-3317876.0680178916,-69.35081421219121,True,4.54,1980901.65250132,5130442.153366862,-3320524.556016115,375.81699317519616,13384.541402735249,13655.829041075642,77.30000167600855,-40.06106988345616,123075.31548991406
1791.58040203,1922.85141901,0.00065,5e-05,189,E,0,0.5,0.5,0.5,0.5,-,M,PW,nan,nan,nan,2014-11-25T15:21:19.946,24.3409211725,245.924823057,0.0278830188858,0.0278830188858,0.0227352235222,0.0227352235222,2456987.13981,nan,134.21060084095745,-31.26271528510265,51741.0698320623,-3835946.5351152774,3943130.440429864,-3317678.0440563415,-38.8016032265967,True,4.56,1980720.3085064369,5130490.390204486,-3320326.2655423,379.377235780285,13373.441912038736,13644.732140728956,78.35361753796066,115.59070167081342,122818.35290869883
1790.56931639,1926.2891102,0.00065,5e-05,190,S,1,0.5,0.5,0.5,0.5,-,M,PW,1338634.82896,21731084.8856,0.0616,2014-11-25T15:21:20.026,24.3412732653,246.023869171,0.0278830188858,0.0278830188858,0.0227352235222,0.0227352235222,2456987.13982,-5.85655741019,134.2180334515419,-31.257051060933048,51260.77501654315,-3836400.809299678,3942574.001107697,-3316887.615775072,-68.97402984494147,True,4.64,1979996.3804333615,5130682.956667804,-3319534.7733031,387.68954184145065,13327.926288434339,13599.227272698494,79.44078442525709,5.8194046288729915,121793.12201724484
1787.94049371,1931.34453843,0.00065,5e-05,190,E,1,0.5,0.5,0.5,0.5,-,M,PW,nan,nan,nan,2014-11-25T15:21:20.086,24.3105971826,246.178392688,0.0278830188858,0.0278830188858,0.0227352235222,0.0227352235222,2456987.13982,nan,134.22359114756665,-31.252814937807607,50901.739025949515,-3836740.4816167415,3942157.937328694,-3316296.5925230565,-50.941490814263155,True,4.7,1979455.0228170648,5130826.960036485,-3318942.9544219794,394.49126953784,13292.584515252862,13563.893921510878,80.51678462602769,84.83021863631679,121027.01501293459
1787.1316252,1933.77114397,0.00065,5e-05,191,S,1,0.5,0.5,0.5,0.5,-,M,PW,1073204.02437,17422143.2528,0.0616,2014-11-25T15:21:20.126,24.3079756263,246.249006964,0.0278830188858,0.0278830188858,0.0227352235222,0.0227352235222,2456987.13982,-5.61660784056,134.22728805298885,-31.24999677966168,50662.96138612622,-3836966.422931262,3941881.1823727256,-3315903.459012422,-66.50903187920078,True,4.74,1979094.891445967,5130922.7577123055,-3318549.291631057,399.7376840384357,13268.432191858397,13539.747381703406,81.58172839388372,68.51865909081974,120517.65406623043
1785.10945391,1938.01770368,0.00065,5e-05,191,E,1,0.5,0.5,0.5,0.5,-,M,PW,nan,nan,nan,2014-11-25T15:21:20.186,24.28675804,246.377218107,0.0278830188858,0.0278830188858,0.0227352235222,0.0227352235222,2456987.13982,nan,134.2328207389054,-31.245778686917532,50305.685529245864,-3837304.5541751822,3941467.0062503945,-3315315.117197824,-60.769341123451944,True,4.8,1978555.8710228582,5131066.145222167,-3317960.1576245287,406.6697030808529,13231.293224768298,13502.617306359942,82.6579147004817,90.07042899658185,119755.72756909499
1783.49171687,1939.23100646,0.00065,5e-05,192,S,1,0.5,0.5,0.5,0.5,-,M,PW,1002400.66648,16272738.0923,0.0616,2014-11-25T15:21:20.226,24.252497662,246.421782772,0.0278830188858,0.0278830188858,0.0227352235222,0.0227352235222,2456987.13982,-5.54250547605,134.23650054811984,-31.242972876036994,50068.10795846382,-3837529.4423309737,3941191.541305943,-3314923.816162978,-3.475113896578048,True,4.84,1978197.3472083698,5131161.518252331,-3317568.32967449,412.0029885554824,13205.912711484754,13477.242945139811,83.72303531840359,33.06050120604701,119249.21595000286
1781.67176271,1943.07313191,0.00065,5e-05,192,E,1,0.5,0.5,0.5,0.5,-,M,PW,nan,nan,nan,2014-11-25T15:21:20.286,24.233225671,246.537547906,0.0278830188858,0.0278830188858,0.0227352235222,0.0227352235222,2456987.13982,nan,134.24200693851677,-31.23877380791015,49712.67323981179,-3837865.9541353583,3940779.3488310836,-3314338.292141802,1.2524584197571262,True,4.9,1977660.8138259074,5131304.247134912,-3316982.0171090155,419.0652006088255,13166.885159883512,13438.224849443677,84.79939311370403,27.202643678666597,118491.65918029829
1781.46954558,1945.0953032,0.00065,5e-05,193,S,0,0.5,0.5,0.5,0.5,-,M,PW,927040.884958,39958658.8344,0.0232,2014-11-25T15:21:20.326,24.2434523283,246.592734819,0.0278830188858,0.0278830188858,0.0227352235222,0.0227352235222,2456987.13982,-6.51788114763,134.24566877307785,-31.235981023815658,49476.35108765809,-3838089.7355773696,3940505.2394975964,-3313948.9167674948,-36.05237957903332,True,4.94,1977303.979376267,5131399.174121368,-3316592.117296395,424.4852878868292,13140.214001005113,13411.560195549833,85.86467685014867,-26.222495376990416,117988.12587858575
1779.85180855,1948.73521152,0.00065,5e-05,193,E,0,0.5,0.5,0.5,0.5,-,M,PW,nan,nan,nan,2014-11-25T15:21:20.346,24.2277527712,246.701539103,0.0278904562001,0.0278904562001,0.0227784297713,0.0227784297713,2456987.13982,nan,134.24749690754325,-31.234586652798086,49358.38378074186,-3838201.455010675,3940368.394640733,-3313754.5271176226,-36.72756168643667,True,4.96,1977125.8236549767,5131446.568668167,-3316397.46580988,428.21958213120155,13126.678666470507,13398.028188023223,86.91899722264955,103.90787999203698,117736.8186460281
1778.43628865,1951.56625133,0.00065,5e-05,194,S,1,0.5,0.5,0.5,0.5,-,M,PW,1335900.76425,21686700.7184,0.0616,2014-11-25T15:21:20.426,24.2111350785,246.787298888,0.0278904562001,0.0278904562001,0.0227784297713,0.0227784297713,2456987.13982,-5.85433760495,134.2547904539474,-31.229022982209113,48887.83401901543,-3838647.164040561,3939822.446755096,-3312979.0020392966,-28.585099000522185,True,5.04,1976414.9696837624,5131635.681901112,-3315620.896007097,437.2262207317593,13071.174390744578,13342.537534920319,88.00686078807736,-39.45892103886596,116734.71656271428
1776.0096831,1956.82389668,0.00065,5e-05,194,E,1,0.5,0.5,0.5,0.5,-,M,PW,nan,nan,nan,2014-11-25T15:21:20.486,24.1854162492,246.944943286,0.0278904562001,0.0278904562001,0.0227784297713,0.0227784297713,2456987.13982,nan,134.2602401322304,-31.224865151660794,48536.341172990484,-3838980.18572375,3939414.529321035,-3312399.5507613937,-24.01301871104249,True,5.1,1975883.764148208,5131777.005149018,-3315040.6640100814,444.54856760207576,13028.076672467498,13299.45050184559,89.08352331048259,26.472690713049897,115986.50178803178
1774.99859745,1959.85715362,0.00065,5e-05,195,S,0,0.5,0.5,0.5,0.5,-,M,PW,791974.689676,34136840.0722,0.0232,2014-11-25T15:21:20.526,24.1809301623,247.032970961,0.0278904562001,0.0278904562001,0.0227784297713,0.0227784297713,2456987.13982,-6.3469121834,134.26386320115705,-31.22210060023632,48302.70723863519,-3839201.5820410727,3939143.341520867,-3312014.3254578453,-41.258449750679,True,5.14,1975530.5707898187,5131870.971919215,-3314654.9196193586,450.1420821000823,12998.623989829119,13270.00516406436,90.14909729143491,33.654965771076185,115489.33584090917
1774.18972894,1962.4859763,0.00065,5e-05,195,E,0,0.5,0.5,0.5,0.5,-,M,PW,nan,nan,nan,2014-11-25T15:21:20.546,24.178760538,247.10875751,0.0278904562001,0.0278904562001,0.0227784297713,0.0227784297713,2456987.13982,nan,134.2656716597898,-31.220720572302575,48186.10249126276,-3839312.091048511,3939007.9793116455,-3311822.041925533,-59.514250412741085,True,5.16,1975354.2628848432,5131917.879166713,-3314462.376973156,453.9631561232378,12983.677061040997,13255.061996288496,91.20369434063694,94.35155979727946,115241.25484093126
1772.57199191,1965.51923323,0.00065,5e-05,196,S,1,0.5,0.5,0.5,0.5,-,M,PW,1303166.52213,21155300.684,0.0616,2014-11-25T15:21:20.626,24.1575483373,247.201173981,0.0278904562001,0.0278904562001,0.0227784297713,0.0227784297713,2456987.13982,-5.82740189564,134.27288450359717,-31.215215821297093,47721.12884085985,-3839752.8364913627,3938468.1113114604,-3311055.1533924993,-44.75892487308553,True,5.24,1974650.9864999105,5132104.994946484,-3313694.4548445456,463.31630540439807,12922.384268122538,13193.784627069597,92.29183223527312,-42.00843581716927,114252.34733057056
1769.53873497,1971.38352997,0.00065,5e-05,196,E,1,0.5,0.5,0.5,0.5,-,M,PW,nan,nan,nan,2014-11-25T15:21:20.686,24.1186799523,247.378978244,0.0278904562001,0.0278904562001,0.0227784297713,0.0227784297713,2456987.13982,nan,134.27827149932438,-31.21110384882976,47373.953774196496,-3840082.0040701088,3938064.914760376,-3310482.4081816715,-21.36839484270316,True,5.3,1974125.66492868,5132244.767898298,-3313120.93756228,470.8984718716251,12874.791907226616,13146.204340003289,93.3687562810639,55.74203775328724,113514.3398905522
1768.72986645,1973.81013552,0.00065,5e-05,197,S,0,0.5,0.5,0.5,0.5,-,M,PW,924210.030104,39836639.2286,0.0232,2014-11-25T15:21:20.726,24.1145614625,247.449293008,0.0278904562001,0.0278904562001,0.0227784297713,0.0227784297713,2456987.13982,-6.51456062098,134.28185172243874,-31.208370687977226,47143.2649144856,-3840300.766519107,3937796.953178988,-3310101.765757987,-34.18996902444719,True,5.34,1973776.4927344976,5132337.6755150845,-3312739.781962992,476.66519430107735,12842.267616904168,13113.688378374532,94.43457977490958,26.332185849750054,113024.13110388603
1767.31434655,1977.45004384,0.00065,5e-05,197,E,0,0.5,0.5,0.5,0.5,-,M,PW,nan,nan,nan,2014-11-25T15:21:20.746,24.1027219946,247.556182328,0.0278904562001,0.0278904562001,0.0227784297713,0.0227784297713,2456987.13982,nan,134.28363843458533,-31.20700660581437,47028.15306824837,-3840409.9388658837,3937663.228242098,-3309911.8079893347,-42.99862044879812,True,5.36,1973602.2104670305,5132384.051113121,-3312549.568053174,480.57291701648495,12825.761879301159,13097.186859617903,95.48941506158924,141.65302021754587,112779.57517863797
1766.10104378,1981.2921693,0.00065,5e-05,198,S,0,0.5,0.5,0.5,0.5,-,M,PW,935810.176874,40336645.5549,0.0232,2014-11-25T15:21:20.826,24.0976443023,247.666983573,0.0275863908542,0.0275863908542,0.0227084800906,0.0227084800906,2456987.13982,-6.52810333688,134.29076208463832,-31.20156734709693,46569.28994874101,-3840845.2030713297,3937130.07419602,-3309154.456703211,-65.7550901698991,True,5.44,1972907.3176210467,5132568.957852793,-3311791.1954964874,490.2722113639914,12758.076887206214,13029.51936512175,96.57778952677624,25.53868572334073,111805.08438941072
1764.62872223,1985.97001817,0.00065,5e-05,198,E,0,0.5,0.5,0.5,0.5,-,M,PW,nan,nan,nan,2014-11-25T15:21:20.846,24.0913010367,247.801825069,0.0272508647135,0.0272508647135,0.0227326244236,0.0227326244236,2456987.13982,nan,134.2925370804037,-31.200211890583464,46454.97760237572,-3840953.6556876954,3936997.230855126,-3308965.751251532,-93.59297025946181,True,5.46,1972734.149314345,5132615.038523845,-3311602.235533112,494.22321844630716,12740.731802609347,13012.178792717692,97.63273162400843,185.64055444792285,111562.4115947489
1763.53457419,1988.8662924,0.00065,5e-05,199,S,1,0.5,0.5,0.5,0.5,-,M,PW,1412936.60958,22937282.623,0.0616,2014-11-25T15:21:20.926,24.082242011,247.886565015,0.0272508647135,0.0272508647135,0.0227326244236,0.0227326244236,2456987.13983,-5.9152088041,134.2996126761123,-31.19480805501482,45999.38726003195,-3841385.9684984004,3936467.6919651497,-3308213.5353350877,-100.6790851834601,True,5.54,1972043.7627600129,5132798.759750542,-3310849.00495491,504.0954739765458,12669.604904674714,12941.07053420429,98.7212122639067,21.76242067733782,110595.62230025305
1760.76702326,1994.98064911,0.00065,5e-05,199,E,1,0.5,0.5,0.5,0.5,-,M,PW,nan,nan,nan,2014-11-25T15:21:20.986,24.0502327235,248.068513119,0.0272508647135,0.0272508647135,0.0227326244236,0.0227326244236,2456987.13983,nan,134.30489307352218,-31.190774604758023,45659.48005830059,-3841708.588343665,3936072.515716573,-3307652.1830536844,-93.44564055720487,True,5.6,1971528.423317397,5132935.908191027,-3310286.8952888823,512.0668796123039,12614.376600746456,12885.856837632804,99.79846368150383,110.82287073755091,109874.72530961395
1759.54415192,1997.23330684,0.00065,5e-05,200,S,1,0.5,0.5,0.5,0.5,-,M,PW,1258123.22677,20424078.3566,0.0616,2014-11-25T15:21:21.026,24.0327557412,248.136883736,0.0272508647135,0.0272508647135,0.0227326244236,0.0227326244236,2456987.13983,-5.7892100595,134.30840043456513,-31.188095183200247,45433.749440544714,-3841922.87611688,3935810.0351544567,-3307279.3264791844,-80.43765265423752,True,5.64,1971186.0832176495,5133027.018664517,-3309913.535585017,518.0930754887885,12576.633959760286,12848.124241378593,100.86460009407462,76.26350271157581,109396.17858985835
1757.80638738,2001.73862231,0.00065,5e-05,200,E,1,0.5,0.5,0.5,0.5,-,M,PW,nan,nan,nan,2014-11-25T15:21:21.086,24.016855672,248.268717595,0.0272508647135,0.0272508647135,0.0227326244236,0.0227326244236,2456987.13983,nan,134.31364159779375,-31.1840907734783,45096.49763917323,-3842243.0877395724,3935417.808731739,-3306722.1644584085,-89.21269660427834,True,5.7,1970674.4359974193,5133163.194798023,-3309355.621591614,526.194103026301,12518.597195404933,12790.103078050366,101.94194625945251,69.98341114179483,108681.50887534577
1756.26170779,2004.69925819,0.00065,5e-05,201,S,1,0.5,0.5,0.5,0.5,-,M,PW,1104935.13818,17937258.7367,0.0616,2014-11-25T15:21:21.126,23.9952592269,248.358018196,0.0272508647135,0.0272508647135,0.0227326244236,0.0227326244236,2456987.13983,-5.64824407131,134.31712214195227,-31.181431224087312,44872.57882984598,-3842455.7297501354,3935157.3440602147,-3306352.1714790436,-75.07861046479245,True,5.74,1970334.6088759715,5133253.644927578,-3308985.129178132,532.3067048371339,12478.935271984137,12750.45188710148,103.00817336459879,70.71600843686049,108207.20643652263
1754.4595816,2009.26893531,0.00065,5e-05,201,E,1,0.5,0.5,0.5,0.5,-,M,PW,nan,nan,nan,2014-11-25T15:21:21.186,23.9775297797,248.491850933,0.0272508647135,0.0272508647135,0.0227326244236,0.0227326244236,2456987.13983,nan,134.32232206213544,-31.177457410969385,44538.10871651471,-3842773.4106877255,3934768.2174674035,-3305799.412801324,-81.36644740845101,True,5.8,1969826.810878272,5133388.811680436,-3308431.624175751,540.5373036529207,12417.947231844177,12689.480501679573,104.0856080799703,65.27775885138858,107499.04556657463
1753.49415686,2011.26414644,0.00065,5e-05,202,S,0,0.5,0.5,0.5,0.5,-,M,PW,1236676.59958,53305025.8442,0.0232,2014-11-25T15:21:21.226,23.9648173799,248.551442867,0.0272508647135,0.0272508647135,0.0227326244236,0.0227326244236,2456987.13983,-6.83077428522,134.32577441656082,-31.17481879722476,44316.088010661995,-3842984.32324559,3934509.8711982016,-3305432.4290361535,-75.22435271630896,True,5.84,1969489.624639153,5133478.568187067,-3308064.1448494513,546.7362769689713,12376.268426961033,12647.813171053134,105.15191999918407,11.107976993953228,107029.17925786355
1751.88511562,2014.61095222,0.00065,5e-05,202,E,0,0.5,0.5,0.5,0.5,-,M,PW,nan,nan,nan,2014-11-25T15:21:21.246,23.9436370033,248.651277347,0.0272508647135,0.0272508647135,0.0227326244236,0.0227326244236,2456987.13983,nan,134.32749622994726,-31.17350273557094,44205.370880821785,-3843089.5118546137,3934381.0259318086,-3305249.4028940247,-65.70344046653422,True,5.86,1969321.4402367368,5133523.339120902,-3307880.871536787,550.860172633873,12355.116868842842,12626.667464454136,106.20722276907729,106.17776002486826,106794.93035445429
