outputs/MPF_triangulation/38_2014-11-25_152058_DSC_0559-G_DN141125_01_2018-04-26_163331_martin_nocomment.ecsv
# %ECSV 0.9
# ---
# datatype:
# - {name: x_image, unit: pix, datatype: float64}
# - {name: y_image, unit: pix, datatype: float64}
# - {name: time_err_minus, unit: s, datatype: float64}
# - {name: time_err_plus, unit: s, datatype: float64}
# - {name: de_bruijn_sequence_element_index, datatype: object}
# - {name: dash_start_end, datatype: object}
# - {name: zero_or_one, datatype: int64}
# - {name: err_minus_x_image, unit: pix, datatype: float64}
# - {name: err_plus_x_image, unit: pix, datatype: float64}
# - {name: err_minus_y_image, unit: pix, datatype: float64}
# - {name: err_plus_y_image, unit: pix, datatype: float64}
# - {name: periodic_pulse, datatype: object}
# - {name: pick_flag, datatype: object}
# - {name: encoding_type, datatype: object}
# - {name: brightness_dash_V, unit: adu, datatype: float64}
# - {name: flux_dash_V, unit: adu / s, datatype: float64}
# - {name: aperture_exptime, unit: s, datatype: float64}
# - {name: datetime, datatype: string}
# - {name: altitude, datatype: float64}
# - {name: azimuth, datatype: float64}
# - {name: err_minus_altitude, datatype: float64}
# - {name: err_plus_altitude, datatype: float64}
# - {name: err_minus_azimuth, datatype: float64}
# - {name: err_plus_azimuth, datatype: float64}
# - {name: JD, datatype: float64, description: Julian Date}
# - {name: m_V, unit: adu / s, datatype: float64}
# - {name: longitude, unit: deg, datatype: float64}
# - {name: latitude, unit: deg, datatype: float64}
# - {name: height, unit: m, datatype: float64}
# - {name: X_geo, unit: m, datatype: float64}
# - {name: Y_geo, unit: m, datatype: float64}
# - {name: Z_geo, unit: m, datatype: float64}
# - {name: cross_track_error, unit: m, datatype: float64}
# - {name: timing, datatype: bool}
# - {name: t_rel, unit: s, datatype: float64}
# - {name: X_eci, unit: m, datatype: float64}
# - {name: Y_eci, unit: m, datatype: float64}
# - {name: Z_eci, unit: m, datatype: float64}
# - {name: pos_err, unit: m, datatype: float64}
# - {name: D_DT_geo, unit: m / s, datatype: float64}
# - {name: D_DT_eci, unit: m / s, datatype: float64}
# - {name: D_DT_err, unit: m / s, datatype: float64}
# - {name: along_track_error, unit: m, datatype: float64}
# - {name: range, unit: m, datatype: float64}
# delimiter: ','
# meta: !!omap
# - {origin: Desert Fireball Network}
# - {exposure_time: 25.0}
# - {lens_type: Fisheye}
# - {telescope: DFNSMALL38}
# - {observer: 'DFN automated software http://adsabs.harvard.edu/abs/2012M%26PSA..75.5123T'}
# - {creator: raw_to_fits 6.0}
# - {timing_correction_dictionary_version: DEBUG}
# - {isodate_mid_obs: '2014-11-25T15:21:10.500'}
# - {sidereal_time_hour: 4.670575946357566}
# - {point_picking_user_comment: nocomment}
# - {point_picking_hostname: work-desktop-debian}
# - {obs_latitude: -30.85765}
# - {original_raw_filename: 38_2014-11-25_152058_DSC_0559.NEF}
# - {cropped: false}
# - {obs_elevation: 164.4}
# - {instrument: Nikon D800E}
# - {gps_lock: Y}
# - {filter_pattern: RG/GB}
# - {location: NorthWell}
# - {aperture: 4.0}
# - {isodate_start_obs: '2014-11-25T15:20:58'}
# - {image_file: 38_2014-11-25_152058_DSC_0559-G.tiff}
# - {timing_corrected: true}
# - {NAXIS2: 4924}
# - {NAXIS1: 7378}
# - {event_codename: DN141125_01}
# - {jd_mid_obs: 2456987.139704861}
# - {lens: Samyang_8mm_F3.5}
# - {timing_de_bruijn_encoding_type: pulse_width}
[...]
# - {triangulation_dec_ecef_end_err: 0.011553247832202925}
# - {triangulation_slope_end: 26.904708738011003}
# - {triangulation_slope_end_err: 0.005703214243100087}
# - {triangulation_azimuth_end: -131.4959137007217}
# - {triangulation_azimuth_end_err: 0.012101267741849824}
# - {triangulation_file_1: 38_2014-11-25_152058_DSC_0559-G_DN141125_01_2018-04-26_163331_martin_nocomment.ecsv}
# - {triangulation_file_2: 40_2014-11-25_152058_DSC_0617-G_DN141125_01_2018-04-26_163631_martin_nocomment.ecsv}
# - {triangulation_file_3: 41_2014-11-25_152059_DSC_0674-G_DN141125_01_2018-01-01_212656_ellie_nocomment.ecsv}
# - {triangulation_file_4: 40_2014-11-25_152058_DSC_0617-G_DN141125_01_2018-04-26_163631_martin_nocomment.ecsv}
# - {triangulation_file_5: 38_2014-11-25_152058_DSC_0559-G_DN141125_01_2018-04-26_163331_martin_nocomment.ecsv}
# - {triangulation_t0: '2014-11-25T15:21:15.386'}
# - {triangulation_file_0: 36_2014-11-25_152058_DSC_0594-G_DN141125_01_2018-04-26_163106_martin_nocomment.ecsv}
# - {astropy_version: 3.0.1}
# - {numpy_version: 1.14.2}
# - {scipy_version: 1.0.1}
# schema: astropy-2.0
x_image,y_image,time_err_minus,time_err_plus,de_bruijn_sequence_element_index,dash_start_end,zero_or_one,err_minus_x_image,err_plus_x_image,err_minus_y_image,err_plus_y_image,periodic_pulse,pick_flag,encoding_type,brightness_dash_V,flux_dash_V,aperture_exptime,datetime,altitude,azimuth,err_minus_altitude,err_plus_altitude,err_minus_azimuth,err_plus_azimuth,JD,m_V,longitude,latitude,height,X_geo,Y_geo,Z_geo,cross_track_error,timing,t_rel,X_eci,Y_eci,Z_eci,pos_err,D_DT_geo,D_DT_eci,D_DT_err,along_track_error,range
1835.66373616,1830.43819104,0.00065,5e-05,172,E,1,0.5,0.5,0.5,0.5,-,M,PW,nan,nan,nan,2014-11-25T15:21:18.286,24.7163171375,243.109979504,0.027799569442,0.027799569442,0.023019944143,0.023019944143,2456987.13979,nan,134.05202795580533,-31.38329446520386,62025.2141346881,-3826251.4535903777,3955005.9217521893,-3334547.2981096017,-47.860756027179,True,2.9,1996151.9032281053,5126385.664376586,-3337218.1993128182,212.39684474866652,14004.309995364294,14275.45960590355,42.09823739465598,-40.51985439831874,144846.40909148403
1834.65265052,1831.44927669,0.00065,5e-05,173,S,1,0.5,0.5,0.5,0.5,-,M,PW,520054.183256,8442438.03987,0.0616,2014-11-25T15:21:18.326,24.6988761772,243.145826834,0.027799569442,0.027799569442,0.023019944143,0.023019944143,2456987.1398,-4.83002359454,134.05592225158142,-31.380339309139195,61771.80147270572,-3826489.624373329,3954714.186950661,-3334132.8855607896,-15.206124155449798,True,2.94,1995773.1143863401,5126486.430679567,-3336803.2300576693,216.0576686031689,13994.41963368678,14265.57132620384,43.15370901106519,-85.74280580363103,144302.41195621245
1832.63047923,1834.2803165,0.00065,5e-05,173,E,1,0.5,0.5,0.5,0.5,-,M,PW,nan,nan,nan,2014-11-25T15:21:18.386,24.6714923181,243.238683133,0.027799569442,0.027799569442,0.023019944143,0.023019944143,2456987.1398,nan,134.0617585844609,-31.375909880802134,61392.095237355985,-3826846.5608401746,3954276.976357393,-3333511.823022571,24.26201939817026,True,3.0,1995205.4184686446,5126637.448710837,-3336181.3331759744,220.61853746120804,13979.211249348298,14250.366133354652,44.220882503540224,-66.05158143330777,143487.37665606363
1832.83269635,1835.6958364,0.00065,5e-05,174,S,1,0.5,0.5,0.5,0.5,-,M,PW,609904.214179,9901042.43798,0.0616,2014-11-25T15:21:18.426,24.6900969074,243.27399269,0.0277167215644,0.0277167215644,0.022996338018,0.022996338018,2456987.1398,-5.00305619458,134.06564598399996,-31.372959195473307,61139.23811227822,-3827084.30035527,3953985.769814793,-3333098.1608714745,-32.675363741218725,True,3.04,1994827.2719553353,5126738.043576915,-3335767.11527578,224.36919447819045,13968.817944661398,14239.975002188385,45.277587772669946,-126.37069890750604,142944.67310343686
1831.21495932,1838.72909333,0.00065,5e-05,174,E,1,0.5,0.5,0.5,0.5,-,M,PW,nan,nan,nan,2014-11-25T15:21:18.486,24.6751708747,243.368407013,0.0277167215644,0.0277167215644,0.022996338018,0.022996338018,2456987.1398,nan,134.07147170588505,-31.368536678649985,60760.38209711807,-3827440.573662615,3953549.371523953,-3332478.2522179415,-24.77752294700361,True,3.1,1994260.586966398,5126888.789153179,-3335146.373757015,229.0639176510842,13952.83618611917,14223.996635347161,46.34591974524277,-110.71773451014589,142131.62062465967
1830.40609081,1840.14461324,0.00065,5e-05,175,S,0,0.5,0.5,0.5,0.5,-,M,PW,824284.351673,35529497.9169,0.0232,2014-11-25T15:21:18.526,24.6667130369,243.412939912,0.0277167215644,0.0277167215644,0.022996338018,0.022996338018,2456987.1398,-6.39032656541,134.07535184950612,-31.36559074116074,60508.10332384665,-3827677.8599790935,3953258.720103215,-3332065.37862366,-17.64172841202509,True,3.14,1993883.1464416205,5126989.1921269195,-3334732.9454461006,232.90410622808773,13941.91436284952,14213.077145747857,47.40369284609055,-142.96720929633852,141590.26785866485
1828.58613664,1843.17787017,0.00065,5e-05,175,E,0,0.5,0.5,0.5,0.5,-,M,PW,nan,nan,nan,2014-11-25T15:21:18.546,24.6461589544,243.509106578,0.0277167215644,0.0277167215644,0.022996338018,0.022996338018,2456987.1398,nan,134.07729079746375,-31.36411851192032,60382.05293886634,-3827796.432995124,3953113.4803098636,-3331859.0638726037,3.046970686945053,True,3.16,1993694.533114571,5127039.364862964,-3334526.35347855,235.84498218346366,13936.371651625135,14207.53560839302,48.45097347436799,10.275799256300829,141319.7997168433
1822.7218399,1855.10868078,0.00065,5e-05,177,E,1,0.5,0.5,0.5,0.5,-,M,PW,nan,nan,nan,2014-11-25T15:21:18.786,24.5983691642,243.875248915,0.0276407945831,0.0276407945831,0.0229579449714,0.0229579449714,2456987.1398,nan,134.1004966647162,-31.346492579899092,58874.27085763712,-3829215.4747350723,3951375.2996009053,-3329389.9587328588,5.691847691704043,True,3.4,1991437.0047254914,5127639.87310611,-3332053.9304662133,255.77753223219761,13865.387392436342,14136.56656361861,52.732689232762695,10.906779684313312,138085.4948765154
1822.51962277,1856.52420069,0.00065,5e-05,178,S,0,0.5,0.5,0.5,0.5,-,M,PW,707132.065355,30479830.4032,0.0232,2014-11-25T15:21:18.826,24.6057470101,243.914288681,0.0275599777647,0.0275599777647,0.0229405079731,0.0229405079731,2456987.1398,-6.223885255,134.1043526948939,-31.343562693871284,58623.8758239805,-3829451.258432505,3951086.4887345103,-3328979.69966661,-23.81924728708702,True,3.44,1991061.8403395857,5127739.666870508,-3331643.1200234797,259.884746995651,13852.71322028703,14123.895126598529,53.79292456185987,-44.90908442992724,137548.56494724267
1821.10410287,1859.55745762,0.00065,5e-05,178,E,0,0.5,0.5,0.5,0.5,-,M,PW,nan,nan,nan,2014-11-25T15:21:18.846,24.5951754943,244.006619629,0.0275599777647,0.0275599777647,0.0229405079731,0.0229405079731,2456987.1398,nan,134.10627940155615,-31.3420986326567,58498.77900356683,-3829569.068885066,3950942.1830032626,-3328774.7117612204,-27.00349134858065,True,3.46,1990874.3898392625,5127789.527649877,-3331437.856614145,262.9604039227419,13846.281210310553,14117.464518552364,54.84249188335529,88.83445882548386,137280.33725905308
1820.29523435,1861.57962891,0.00065,5e-05,179,S,0,0.5,0.5,0.5,0.5,-,M,PW,634406.381646,27345102.6572,0.0232,2014-11-25T15:21:18.926,24.5916540816,244.066973293,0.0275599777647,0.0275599777647,0.0229405079731,0.0229405079731,2456987.1398,-6.10605278488,134.113977296604,-31.336248427469357,57999.07624910026,-3830039.755325843,3950365.640348953,-3327955.7264717724,-36.93744619015574,True,3.54,1990125.4347375093,5127988.7438739445,-3330617.770597796,269.34902194668337,13819.905500549288,14091.094537902578,55.92569697549321,-57.940760125610055,136209.04095340948
1818.67749732,1864.20845159,0.00065,5e-05,179,E,0,0.5,0.5,0.5,0.5,-,M,PW,nan,nan,nan,2014-11-25T15:21:18.946,24.5718136376,244.150363528,0.0275599777647,0.0275599777647,0.0229405079731,0.0229405079731,2456987.1398,nan,134.11589949183548,-31.33478742128697,57874.32458096149,-3830157.2853114954,3950221.6781609254,-3327751.2265733695,-15.779446041401446,True,3.56,1989938.411970767,5128038.490139016,-3330412.995824775,272.46928112004946,13813.146411082753,14084.33693120328,56.97585678766958,57.38799867835006,135941.6276034615
1817.86862881,1866.43284001,0.00065,5e-05,180,S,0,0.5,0.5,0.5,0.5,-,M,PW,711984.031364,30688966.8691,0.0232,2014-11-25T15:21:19.026,24.5699358817,244.216012657,0.0275599777647,0.0275599777647,0.0229405079731,0.0229405079731,2456987.1398,-6.23130956045,134.12357887797248,-31.328949793532885,57376.031754799136,-3830626.821643088,3949646.5442725043,-3326934.242451625,-31.284489210849998,True,3.64,1989191.1959847945,5128237.24319825,-3329594.9135342063,279.03399624337624,13785.429448162651,14056.626027329763,58.05963782965572,-81.7798326120472,134873.66077910137
1816.4531089,1869.26387982,0.00065,5e-05,180,E,0,0.5,0.5,0.5,0.5,-,M,PW,nan,nan,nan,2014-11-25T15:21:19.046,24.5570870435,244.302901027,0.0275599777647,0.0275599777647,0.0229405079731,0.0229405079731,2456987.1398,nan,134.1254963278587,-31.32749202283388,57251.640044246626,-3830744.056899577,3949502.943097498,-3326730.255376257,-27.873115795648093,True,3.66,1989004.622740707,5128286.8693364635,-3329390.652255214,282.1987162596962,13778.326646614812,14049.52477244669,59.11032532766517,36.3695600672368,134607.09816196078
1815.64424039,1871.89270249,0.00065,5e-05,181,S,1,0.5,0.5,0.5,0.5,-,M,PW,1044809.40248,16961191.5987,0.0616,2014-11-25T15:21:19.126,24.5585947406,244.379192767,0.0275599777647,0.0275599777647,0.0229405079731,0.0229405079731,2456987.1398,-5.58749478985,134.1331562458705,-31.321667712579696,56754.81784659298,-3831212.3846368254,3948929.289613292,-3325915.3741852595,-54.333810735499085,True,3.74,1988259.2653460356,5128485.124240647,-3328574.675625498,288.9392333529423,13749.200225355715,14020.404792270345,60.19462034174031,-84.85841163047988,133542.60974599625
1813.6220691,1876.74591359,0.00065,5e-05,181,E,1,0.5,0.5,0.5,0.5,-,M,PW,nan,nan,nan,2014-11-25T15:21:19.186,24.5469132924,244.52457196,0.0275599777647,0.0275599777647,0.0229405079731,0.0229405079731,2456987.13981,nan,134.1388905251748,-31.31730680991792,56383.00101370916,-3831562.9691953952,3948499.8594567217,-3325305.363844399,-71.42584551419736,True,3.8,1987701.2408993046,5128633.552151356,-3327963.84514095,294.5623347729646,13726.58426863118,13997.793816260417,61.26791341530605,11.064888094336336,132746.1374159486
1813.6220691,1878.56586775,0.00065,5e-05,182,S,1,0.5,0.5,0.5,0.5,-,M,PW,1125035.89422,18263569.7114,0.0616,2014-11-25T15:21:19.226,24.5627952681,244.572607231,0.0275599777647,0.0275599777647,0.0229405079731,0.0229405079731,2456987.13981,-5.66781805623,134.14270814648947,-31.314403152173078,56135.513839089894,-3831796.3678603014,3948213.970010757,-3324899.2546885484,-122.01760423774829,True,3.84,1987329.7294875085,5128732.368275143,-3327557.18998623,299.0226125102541,13711.128680200987,13982.34166660442,62.33030226355318,-36.28387976099994,132216.08177570332
1809.57772652,1882.00355895,0.00065,5e-05,182,E,1,0.5,0.5,0.5,0.5,-,M,PW,nan,nan,nan,2014-11-25T15:21:19.286,24.4840538847,244.697699001,0.0275599777647,0.0275599777647,0.0229405079731,0.0229405079731,2456987.13981,nan,134.1484265172043,-31.31005324673591,55764.88267407052,-3832145.9662531996,3947785.7478060736,-3324290.9602568545,19.40218163729045,True,3.9,1986773.2245425219,5128880.389423631,-3326948.0776585215,304.77732937453146,13687.362660646999,13958.580913727272,63.40402713939804,35.32063453257411,131422.42008914577
1809.57772652,1883.62129598,0.00065,5e-05,183,S,1,0.5,0.5,0.5,0.5,-,M,PW,876923.190959,14235766.087,0.0616,2014-11-25T15:21:19.326,24.4980368317,244.740391448,0.0275599777647,0.0275599777647,0.0229405079731,0.0229405079731,2456987.13981,-5.39730599795,134.15223326225404,-31.30715712932296,55518.20304867054,-3832378.690979304,3947500.683866075,-3323886.023741463,-25.251373021023802,True,3.94,1986402.741285498,5128978.931618107,-3326542.5966620604,309.3254333965518,13671.121127232147,13942.34304356134,64.46682151979178,-24.45062818247518,130894.27978064648
1807.75777236,1887.46342143,0.00065,5e-05,183,E,1,0.5,0.5,0.5,0.5,-,M,PW,nan,nan,nan,2014-11-25T15:21:19.386,24.4822005973,244.857147711,0.0275599777647,0.0275599777647,0.0229405079731,0.0229405079731,2456987.13981,nan,134.15793490188338,-31.30281885609524,55148.80954601132,-3832727.2530581984,3947073.731039845,-3323279.532476062,-24.93381727203985,True,4.0,1985847.8023330169,5129126.537664699,-3325935.2897891137,315.2115698008268,13646.146562047034,13917.374077453935,65.54093526976727,4.946389028735706,130103.55496935506
1807.75777236,1888.6767242,0.00065,5e-05,184,S,0,0.5,0.5,0.5,0.5,-,M,PW,937983.356476,40430317.0895,0.0232,2014-11-25T15:21:19.426,24.49260023,244.889192365,0.0275599777647,0.0275599777647,0.0229405079731,0.0229405079731,2456987.13981,-6.53062175825,134.161730208578,-31.299930713009342,54902.9729959759,-3832959.269574479,3946789.5345843034,-3322875.8282320444,-57.80917602444067,True,4.04,1985478.3995825276,5129224.792462761,-3325531.0426536747,319.8473561543788,13629.079116905286,13900.310457456626,66.60409546900777,-77.0764276673474,129577.41607134264
1806.14003532,1892.51884965,0.00065,5e-05,184,E,0,0.5,0.5,0.5,0.5,-,M,PW,nan,nan,nan,2014-11-25T15:21:19.446,24.4818966003,245.004214256,0.0275762406903,0.0275762406903,0.0228950861258,0.0228950861258,2456987.13981,nan,134.16362609074855,-31.2984878804157,54780.18468425719,-3833075.168221955,3946647.5706183636,-3322674.1668304685,-68.71840115491614,True,4.06,1985293.865451688,5129273.875378908,-3325329.1100217057,323.18872478954455,13620.417566775504,13891.650867332166,67.65640422088096,88.19649448736286,129314.65529367351
1804.52229829,1894.54102094,0.00065,5e-05,185,S,1,0.5,0.5,0.5,0.5,-,M,PW,1028781.76191,16701002.6284,0.0616,2014-11-25T15:21:19.526,24.4555513659,245.071088016,0.0275762406903,0.0275762406903,0.0228950861258,0.0228950861258,2456987.13981,-5.57071025054,134.17119753045546,-31.29272502683409,54289.91561865786,-3833538.0149335954,3946080.6308288355,-3321868.8225178584,-30.065157158456017,True,4.14,1984556.87007199,5129469.9037396,-3324522.682556658,330.6298136720284,13584.89919333684,13856.14054421967,68.74228481849057,-57.569745332461686,128265.71278062098
1802.500127,1899.7986663,0.00065,5e-05,185,E,1,0.5,0.5,0.5,0.5,-,M,PW,nan,nan,nan,2014-11-25T15:21:19.586,24.4455009935,245.226755957,0.0275762406903,0.0275762406903,0.0228950861258,0.0228950861258,2456987.13981,nan,134.17686307097017,-31.28841205442086,53923.164052988555,-3833884.3436092734,3945656.413692669,-3321266.2173307915,-54.827294366831346,True,4.2,1984005.338857164,5129616.604053481,-3323919.266789702,336.77827700415884,13557.320041422881,13828.567659528657,69.81706829866843,40.201237834079734,127481.26404358192
1801.48904136,1901.01196907,0.00065,5e-05,186,S,0,0.5,0.5,0.5,0.5,-,M,PW,873694.667642,37659252.9156,0.0232,2014-11-25T15:21:19.626,24.4284593943,245.267133797,0.0275762406903,0.0275762406903,0.0228950861258,0.0228950861258,2456987.13981,-6.45353314017,134.18063369887835,-31.285541251807775,53679.12749494443,-3834114.8338332404,3945374.0867887978,-3320865.168805835,-29.482248796070703,True,4.24,1983638.2650238527,5129714.240118717,-3323517.6787914075,341.5890533961572,13538.472639722047,13809.724579403774,70.88085993108083,-19.52947525959815,126959.4023053628
1800.27573858,1903.84300888,0.00065,5e-05,186,E,0,0.5,0.5,0.5,0.5,-,M,PW,nan,nan,nan,2014-11-25T15:21:19.646,24.4194585825,245.351919123,0.0275762406903,0.0275762406903,0.0228950861258,0.0228950861258,2456987.13981,nan,134.1825170541648,-31.284107234282903,53557.251020015734,-3834229.9579033107,3945233.0716008022,-3320664.8551539415,-35.418179038061595,True,4.26,1983454.9128301644,5129763.009131106,-3323317.0956721664,345.01818600362407,13528.90778023124,13800.16193415419,71.93376471490107,79.1664054502027,126698.8085487285
1798.86021868,1907.07848294,0.00065,5e-05,187,S,1,0.5,0.5,0.5,0.5,-,M,PW,1056189.896,17145939.8701,0.0616,2014-11-25T15:21:19.726,24.408238021,245.449018728,0.0278205052868,0.0278205052868,0.0228764196228,0.0228764196228,2456987.13981,-5.59925713046,134.19003710707213,-31.278380629278114,53070.71007857634,-3834689.628309421,3944670.0224600425,-3319865.037551426,-40.09047008894542,True,4.34,1982722.7642760882,5129957.750961783,-3322516.2020217427,352.80828346784597,13489.685210807469,13760.948366110508,73.02023089964601,-18.572995416106476,125658.72776633786
1796.83804739,1911.52725978,0.00065,5e-05,187,E,1,0.5,0.5,0.5,0.5,-,M,PW,nan,nan,nan,2014-11-25T15:21:19.786,24.3904935631,245.583079609,0.0278205052868,0.0278205052868,0.0228764196228,0.0228764196228,2456987.13981,nan,134.19566272818636,-31.274095909006068,52706.841683175466,-3835033.490661215,3944248.826317886,-3319266.723720142,-42.027073754938876,True,4.4,1982174.9966719719,5130103.45284364,-3321917.083141223,359.21844834242603,13459.22984092793,13730.500048510656,74.09556737327006,29.81408719143437,124881.13360996281
1796.231396,1913.34721394,0.00065,5e-05,188,S,1,0.5,0.5,0.5,0.5,-,M,PW,1053342.36044,17099713.6435,0.0616,2014-11-25T15:21:19.826,24.3890940579,245.636130332,0.0278205052868,0.0278205052868,0.0228764196228,0.0228764196228,2456987.13981,-5.59632598369,134.19940606653972,-31.271244464007456,52464.769945675886,-3835262.2954164953,3943968.5639404305,-3318868.6078780526,-54.84743727777421,True,4.44,1981810.4949527897,5130200.40689714,-3321518.4315908407,364.20376268545044,13438.416851759232,13709.691886972778,75.15988180541851,-13.910509150368236,124363.94348672227
