outputs/MPF_triangulation/38_2014-11-25_152058_DSC_0559-G_DN141125_01_2018-04-26_163331_martin_nocomment.ecsv
# %ECSV 0.9
# ---
# datatype:
# - {name: x_image, unit: pix, datatype: float64}
# - {name: y_image, unit: pix, datatype: float64}
# - {name: time_err_minus, unit: s, datatype: float64}
# - {name: time_err_plus, unit: s, datatype: float64}
# - {name: de_bruijn_sequence_element_index, datatype: object}
# - {name: dash_start_end, datatype: object}
# - {name: zero_or_one, datatype: int64}
# - {name: err_minus_x_image, unit: pix, datatype: float64}
# - {name: err_plus_x_image, unit: pix, datatype: float64}
# - {name: err_minus_y_image, unit: pix, datatype: float64}
# - {name: err_plus_y_image, unit: pix, datatype: float64}
# - {name: periodic_pulse, datatype: object}
# - {name: pick_flag, datatype: object}
# - {name: encoding_type, datatype: object}
# - {name: brightness_dash_V, unit: adu, datatype: float64}
# - {name: flux_dash_V, unit: adu / s, datatype: float64}
# - {name: aperture_exptime, unit: s, datatype: float64}
# - {name: datetime, datatype: string}
# - {name: altitude, datatype: float64}
# - {name: azimuth, datatype: float64}
# - {name: err_minus_altitude, datatype: float64}
# - {name: err_plus_altitude, datatype: float64}
# - {name: err_minus_azimuth, datatype: float64}
# - {name: err_plus_azimuth, datatype: float64}
# - {name: JD, datatype: float64, description: Julian Date}
# - {name: m_V, unit: adu / s, datatype: float64}
# - {name: longitude, unit: deg, datatype: float64}
# - {name: latitude, unit: deg, datatype: float64}
# - {name: height, unit: m, datatype: float64}
# - {name: X_geo, unit: m, datatype: float64}
# - {name: Y_geo, unit: m, datatype: float64}
# - {name: Z_geo, unit: m, datatype: float64}
# - {name: cross_track_error, unit: m, datatype: float64}
# - {name: timing, datatype: bool}
# - {name: t_rel, unit: s, datatype: float64}
# - {name: X_eci, unit: m, datatype: float64}
# - {name: Y_eci, unit: m, datatype: float64}
# - {name: Z_eci, unit: m, datatype: float64}
# - {name: pos_err, unit: m, datatype: float64}
# - {name: D_DT_geo, unit: m / s, datatype: float64}
# - {name: D_DT_eci, unit: m / s, datatype: float64}
# - {name: D_DT_err, unit: m / s, datatype: float64}
# - {name: along_track_error, unit: m, datatype: float64}
# - {name: range, unit: m, datatype: float64}
# delimiter: ','
# meta: !!omap
# - {origin: Desert Fireball Network}
# - {exposure_time: 25.0}
# - {lens_type: Fisheye}
# - {telescope: DFNSMALL38}
# - {observer: 'DFN automated software http://adsabs.harvard.edu/abs/2012M%26PSA..75.5123T'}
# - {creator: raw_to_fits 6.0}
# - {timing_correction_dictionary_version: DEBUG}
# - {isodate_mid_obs: '2014-11-25T15:21:10.500'}
# - {sidereal_time_hour: 4.670575946357566}
# - {point_picking_user_comment: nocomment}
# - {point_picking_hostname: work-desktop-debian}
# - {obs_latitude: -30.85765}
# - {original_raw_filename: 38_2014-11-25_152058_DSC_0559.NEF}
# - {cropped: false}
# - {obs_elevation: 164.4}
# - {instrument: Nikon D800E}
# - {gps_lock: Y}
# - {filter_pattern: RG/GB}
# - {location: NorthWell}
# - {aperture: 4.0}
# - {isodate_start_obs: '2014-11-25T15:20:58'}
# - {image_file: 38_2014-11-25_152058_DSC_0559-G.tiff}
# - {timing_corrected: true}
# - {NAXIS2: 4924}
# - {NAXIS1: 7378}
# - {event_codename: DN141125_01}
# - {jd_mid_obs: 2456987.139704861}
# - {lens: Samyang_8mm_F3.5}
# - {timing_de_bruijn_encoding_type: pulse_width}
[...]
# - {triangulation_dec_ecef_end_err: 0.011553247832202925}
# - {triangulation_slope_end: 26.904708738011003}
# - {triangulation_slope_end_err: 0.005703214243100087}
# - {triangulation_azimuth_end: -131.4959137007217}
# - {triangulation_azimuth_end_err: 0.012101267741849824}
# - {triangulation_file_1: 38_2014-11-25_152058_DSC_0559-G_DN141125_01_2018-04-26_163331_martin_nocomment.ecsv}
# - {triangulation_file_2: 40_2014-11-25_152058_DSC_0617-G_DN141125_01_2018-04-26_163631_martin_nocomment.ecsv}
# - {triangulation_file_3: 41_2014-11-25_152059_DSC_0674-G_DN141125_01_2018-01-01_212656_ellie_nocomment.ecsv}
# - {triangulation_file_4: 40_2014-11-25_152058_DSC_0617-G_DN141125_01_2018-04-26_163631_martin_nocomment.ecsv}
# - {triangulation_file_5: 38_2014-11-25_152058_DSC_0559-G_DN141125_01_2018-04-26_163331_martin_nocomment.ecsv}
# - {triangulation_t0: '2014-11-25T15:21:15.386'}
# - {triangulation_file_0: 36_2014-11-25_152058_DSC_0594-G_DN141125_01_2018-04-26_163106_martin_nocomment.ecsv}
# - {astropy_version: 3.0.1}
# - {numpy_version: 1.14.2}
# - {scipy_version: 1.0.1}
# schema: astropy-2.0
x_image,y_image,time_err_minus,time_err_plus,de_bruijn_sequence_element_index,dash_start_end,zero_or_one,err_minus_x_image,err_plus_x_image,err_minus_y_image,err_plus_y_image,periodic_pulse,pick_flag,encoding_type,brightness_dash_V,flux_dash_V,aperture_exptime,datetime,altitude,azimuth,err_minus_altitude,err_plus_altitude,err_minus_azimuth,err_plus_azimuth,JD,m_V,longitude,latitude,height,X_geo,Y_geo,Z_geo,cross_track_error,timing,t_rel,X_eci,Y_eci,Z_eci,pos_err,D_DT_geo,D_DT_eci,D_DT_err,along_track_error,range
[from data line 59]
1747.50852345,2025.48807099,0.00065,5e-05,203,E,1,0.5,0.5,0.5,0.5,-,M,PW,nan,nan,nan,2014-11-25T15:21:21.386,23.8968943973,248.96976358,0.0273165058553,0.0273165058553,0.0225925582897,0.0225925582897,2456987.13983,nan,134.33946469831616,-31.16435302546247,43435.99835908768,-3843820.6669207793,3933485.435904053,-3303977.207241848,-73.7800778304144,True,6.0,1968152.0219415494,5133834.670974546,-3306606.9571922137,569.913143010094,12201.032328014404,12472.626162022298,108.37365765365247,93.75376137856036,105168.34379442522
1746.47873706,2027.99817532,0.00065,5e-05,204,S,0,0.5,0.5,0.5,0.5,-,M,PW,1005696.53959,43348988.7756,0.0232,2014-11-25T15:21:21.426,23.8853122984,249.043314672,0.0273165058553,0.0273165058553,0.0225925582897,0.0225925582897,2456987.13983,-6.60630131689,134.34285627189348,-31.161759693106976,43218.05044781524,-3844027.852263527,3933231.6550914072,-3303616.7087587826,-74.30500159176628,True,6.04,1967820.5273550549,5133922.933596177,-3306245.9715147265,576.284775472014,12155.00685838382,12426.613821360446,109.44012340481403,59.222610254648835,104707.95979956553
1744.35480263,2032.69657574,0.00065,5e-05,204,E,0,0.5,0.5,0.5,0.5,-,M,PW,nan,nan,nan,2014-11-25T15:21:21.446,23.8580079458,249.18215094,0.0273165058553,0.0273165058553,0.0225925582897,0.0225925582897,2456987.13983,nan,134.34454723693014,-31.160466626971115,43109.39848742054,-3844131.149349812,3933105.126746527,-3303436.9738295795,-66.15536394614327,True,6.06,1967655.231449234,5133966.94643857,-3306065.9936508364,580.4950024177307,12131.649413309813,12403.263097954681,110.49557374716576,216.22738932071002,104478.51521050998
1743.38937788,2035.52848832,0.00065,5e-05,205,S,0,0.5,0.5,0.5,0.5,-,M,PW,927603.112739,39982892.7905,0.0232,2014-11-25T15:21:21.526,23.8499937948,249.26379329,0.0273165058553,0.0273165058553,0.0225925582897,0.0225925582897,2456987.13983,-6.51853942068,134.35127819381646,-31.155318950311973,42676.98491195092,-3844542.3209052025,3932601.483727768,-3302721.543287861,-75.33681416890926,True,6.14,1966997.112617879,5134142.195885171,-3305349.5958767966,591.4035620607982,12035.867660126958,12307.509089966232,111.58456062100161,32.451760241039196,103565.82333075519
1741.39416675,2039.84071884,0.00065,5e-05,205,E,0,0.5,0.5,0.5,0.5,-,M,PW,nan,nan,nan,2014-11-25T15:21:21.546,23.8231981389,249.391337444,0.0273165058553,0.0273165058553,0.0225925582897,0.0225925582897,2456987.13983,nan,134.3529525414853,-31.154038306562054,42569.440495143754,-3844644.599493318,3932476.2029387704,-3302543.5805257442,-65.21208498432372,True,6.16,1966833.3720838896,5134185.800802965,-3305171.392467345,595.6569333879868,12011.322446182598,12282.971046468432,112.64007801491036,168.42873575298657,103338.94460033927
1739.65640221,2043.95986441,0.00065,5e-05,206,S,1,0.5,0.5,0.5,0.5,-,M,PW,1386918.41313,22514909.3041,0.0616,2014-11-25T15:21:21.626,23.8019362265,249.512026051,0.0275344170951,0.0275344170951,0.0227109269192,0.0227109269192,2456987.13983,-5.89502939423,134.3596153465138,-31.148941623304104,42141.562765316616,-3845051.5944985766,3931977.6757659125,-3301835.4171003527,-62.68348671284522,True,6.24,1966181.6465433582,5134359.371910269,-3304462.2712005097,606.7380323181812,11910.670015388474,12182.348406952065,113.72913180903745,50.46199062337016,102436.7453221781
1736.95321293,2051.03964586,0.00065,5e-05,206,E,1,0.5,0.5,0.5,0.5,-,M,PW,nan,nan,nan,2014-11-25T15:21:21.686,23.7725583449,249.71753507,0.0274607294295,0.0274607294295,0.0226650438735,0.0226650438735,2456987.13983,nan,134.36457515513806,-31.145147056917285,41823.13096263354,-3845354.5556845358,3931606.579360379,-3301308.2705053394,-71.28680557940605,True,6.3,1965696.3420526404,5134488.635404301,-3303934.4113523425,615.6158877359253,11832.51585429847,12104.217676927647,114.80693237546312,149.63086114564237,101765.81011854083
1736.11651149,2052.77741039,0.00065,5e-05,207,S,0,0.5,0.5,0.5,0.5,-,M,PW,1032591.39311,44508249.7032,0.0232,2014-11-25T15:21:21.726,23.7604904279,249.768993085,0.0274607294295,0.0274607294295,0.0226650438735,0.0226650438735,2456987.13983,-6.63495517933,134.36786339631715,-31.142631070878814,41612.056182368215,-3845555.408865927,3931360.5547964787,-3300958.7898603766,-65.1069346571273,True,6.34,1965374.5025805065,5134574.368166852,-3303584.457702788,622.2463112314514,11779.105841066355,12050.823866624287,115.87359529374238,75.62983580132047,101321.3137632491
1734.185662,2056.83219432,0.00065,5e-05,207,E,0,0.5,0.5,0.5,0.5,-,M,PW,nan,nan,nan,2014-11-25T15:21:21.746,23.7327398336,249.888851519,0.0274607294295,0.0274607294295,0.0226650438735,0.0226650438735,2456987.13984,nan,134.36950191717676,-31.141377280867033,41506.88964859571,-3845655.4924464663,3931237.962666819,-3300784.6463689227,-52.07295897967091,True,6.36,1965214.1142324,5134617.094383599,-3303410.078483401,626.5859248169713,11752.000817250539,12023.727151271363,116.92923503883144,195.09687993861573,101099.9185762993
1732.89842901,2060.95133989,0.00065,5e-05,208,S,1,0.5,0.5,0.5,0.5,-,M,PW,1431514.55142,23238872.588,0.0616,2014-11-25T15:21:21.826,23.7227680022,250.0065017,0.0274607294295,0.0274607294295,0.0226650438735,0.0226650438735,2456987.13984,-5.9293915267,134.37601778917085,-31.13639082293454,41088.75113923848,-3846053.4863956086,3930750.460865281,-3300092.144606817,-68.93621556622261,True,6.44,1964576.1350898177,5134787.062791763,-3302716.639080542,638.0119502229595,11640.851387468472,11912.612054707475,118.01841103183445,64.43194132403907,100220.14249254388
1730.06651643,2068.03112134,0.00065,5e-05,208,E,1,0.5,0.5,0.5,0.5,-,M,PW,nan,nan,nan,2014-11-25T15:21:21.886,23.6880675173,250.212230032,0.0275421784758,0.0275421784758,0.0226724768845,0.0226724768845,2456987.13984,nan,134.38086348870127,-31.13268195579598,40777.86922777075,-3846349.458480717,3930387.925392051,-3299577.1589119015,-69.46381186755498,True,6.5,1964101.5045444851,5134913.5295223445,-3302200.9558219677,647.148455807882,11554.546562322039,11826.334366900881,119.09632897818317,158.77126130824462,99566.55007311946
1729.22981498,2069.89760917,0.00065,5e-05,209,S,1,0.5,0.5,0.5,0.5,-,M,PW,1450848.33564,23552732.7214,0.0616,2014-11-25T15:21:21.926,23.6763238852,250.266949948,0.0275421784758,0.0275421784758,0.0226724768845,0.0226724768845,2456987.13984,-5.94395714883,134.38407373942928,-31.13022458914838,40571.948118360284,-3846545.5353589184,3930147.751310087,-3299235.9889419693,-65.22925921562756,True,6.54,1963786.9596489086,5134997.351329747,-3301859.323557035,653.9512896040194,11495.566441637773,11767.373018574795,120.16310472209533,88.28172953227076,99133.87227484937
1726.655349,2076.01196588,0.00065,5e-05,209,E,1,0.5,0.5,0.5,0.5,-,M,PW,nan,nan,nan,2014-11-25T15:21:21.986,23.6420523782,250.445100598,0.0275421784758,0.0275421784758,0.0226724768845,0.0226724768845,2456987.13984,nan,134.38885797556165,-31.12656198933531,40265.117962752294,-3846837.744134034,3929789.825505935,-3298727.5513335424,-59.02080983650878,True,6.6,1963318.0767309673,5135122.312848813,-3301350.196842113,663.2170689346359,11404.872858031446,11676.708687984783,121.24107634910109,136.62709002193873,98489.53967571931
1725.62556261,2078.77951681,0.00065,5e-05,210,S,1,0.5,0.5,0.5,0.5,-,M,PW,1194893.14246,19397615.949,0.0616,2014-11-25T15:21:22.026,23.630074625,250.524899757,0.0274831163409,0.0274831163409,0.022858471274,0.022858471274,2456987.13984,-5.73322478094,134.39202621808533,-31.124136268087266,40061.9628495341,-3847031.249192211,3929552.801639942,-3298390.8562806346,-61.97719295740893,True,6.64,1963007.4748067665,5135205.10034166,-3301013.045299929,670.1060736207822,11342.893490165116,11614.749556321527,122.3079037266061,104.38726058956999,98063.17192738825
1723.56598982,2084.37898032,0.00065,5e-05,210,E,1,0.5,0.5,0.5,0.5,-,M,PW,nan,nan,nan,2014-11-25T15:21:22.086,23.6061533092,250.686120136,0.0274831163409,0.0274831163409,0.022858471274,0.022858471274,2456987.13984,nan,134.39674585148205,-31.120522369367745,39759.38152899728,-3847319.5032861275,3929199.719914987,-3297889.2997408896,-68.70757245165068,True,6.7,1962544.6318682746,5135328.480589509,-3300510.808517962,679.501099901136,11247.587971691466,11519.47560173374,123.3859260013722,121.08618171177758,97428.51439249772
1722.60056508,2086.6959997,0.00065,5e-05,211,S,0,0.5,0.5,0.5,0.5,-,M,PW,842344.454983,36307950.6458,0.0232,2014-11-25T15:21:22.126,23.5930123556,250.753424065,0.0274831163409,0.0274831163409,0.022858471274,0.022858471274,2456987.13984,-6.41385823067,134.39986994040126,-31.11812995677641,39559.1270893828,-3847510.3057425204,3928966.006459218,-3297557.307162735,-66.21722529735341,True,6.74,1962238.1426182648,5135410.1933845375,-3300178.36548291,686.4762576078359,11182.456839429564,11454.366333896593,124.45280211645041,69.42382572182969,97008.73949968396
1721.18460879,2089.65663558,0.00065,5e-05,211,E,0,0.5,0.5,0.5,0.5,-,M,PW,nan,nan,nan,2014-11-25T15:21:22.146,23.5710971349,250.840387846,0.0274831163409,0.0274831163409,0.022858471274,0.022858471274,2456987.13984,nan,134.40142515027983,-31.11693891078423,39459.44824941798,-3847605.2886851085,3928849.662088338,-3297392.0386825125,-55.134116703520256,True,6.76,1962085.5444261741,5135450.879724416,-3300012.8727375213,690.9882126897324,11149.40347014022,11421.324177638502,125.50864701449487,129.55952805301615,96799.86872358048
1719.17899237,2095.327824,0.00065,5e-05,212,S,1,0.5,0.5,0.5,0.5,-,M,PW,1091316.93677,17716184.0385,0.0616,2014-11-25T15:21:22.226,23.5481645565,251.002939699,0.0274831163409,0.0274831163409,0.022858471274,0.022858471274,2456987.13984,-5.63477934749,134.40759935291192,-31.11220996074715,39063.78944123046,-3847982.3664748115,3928387.7804386397,-3296735.930632673,-64.27404539895,True,6.84,1961479.5105510054,5135612.484314669,-3299355.873986025,703.1036183674213,11013.861691101343,11285.829000744443,126.5980281730997,66.73581499724064,95971.30351228062
1716.51003422,2101.86677148,0.00065,5e-05,212,E,1,0.5,0.5,0.5,0.5,-,M,PW,nan,nan,nan,2014-11-25T15:21:22.286,23.5113438713,251.192116246,0.0275373970312,0.0275373970312,0.0228370553993,0.0228370553993,2456987.13984,nan,134.4121797161704,-31.108701267252705,38770.33756854244,-3848262.097671534,3928045.138389326,-3296249.203768952,-58.79460836314136,True,6.9,1961029.6850663375,5135732.458101334,-3298868.486012391,712.7570794302086,10908.61680084034,11180.621084932136,127.67614344388718,126.37900951117946,95357.31513150927
1715.71386858,2103.81619848,0.00065,5e-05,213,S,0,0.5,0.5,0.5,0.5,-,M,PW,828931.118978,35729789.6111,0.0232,2014-11-25T15:21:22.326,23.5002314775,251.248471497,0.0275373970312,0.0275373970312,0.0228370553993,0.0228370553993,2456987.13984,-6.39643003695,134.4152086197679,-31.10638080458779,38576.31621756847,-3848447.0756389224,3927818.559335698,-3295927.3456888404,-56.885179945624046,True,6.94,1960732.091943539,5135811.843282917,-3298546.1905488693,719.9045042185373,10836.693170632361,11108.723134640553,128.74310910081988,57.03598283409779,94951.62426041727
1713.97452397,2108.13882314,0.00065,5e-05,213,E,0,0.5,0.5,0.5,0.5,-,M,PW,nan,nan,nan,2014-11-25T15:21:22.346,23.4761081249,251.373219603,0.0275373970312,0.0275373970312,0.0228370553993,0.0228370553993,2456987.13984,nan,134.41671552138303,-31.10522628837653,38479.79883928723,-3848539.102714181,3927705.835599381,-3295767.2203605142,-53.99683636524399,True,6.96,1960584.0084106,5135851.348421601,-3298385.847592944,724.5025766169351,10800.192679587077,11072.23578755289,129.79904027954532,172.12029743814705,94749.88844196912
1712.37314908,2112.14226037,0.00065,5e-05,214,S,0,0.5,0.5,0.5,0.5,-,M,PW,594783.942879,25637238.9172,0.0232,2014-11-25T15:21:22.426,23.4537838609,251.488615527,0.0275373970312,0.0275373970312,0.0228370553993,0.0228370553993,2456987.13984,-6.03603201625,134.4226916083861,-31.100647243022145,38097.09234737593,-3848904.059394144,3927258.8010669514,-3295132.202806829,-51.14132875006289,True,7.04,1959996.4882021197,5136008.110129365,-3297749.966547229,736.962492594969,10650.515306343768,10922.613329899714,130.88850783311028,37.50949103404991,93950.49518974527
1711.17211791,2116.1456976,0.00065,5e-05,214,E,0,0.5,0.5,0.5,0.5,-,M,PW,nan,nan,nan,2014-11-25T15:21:22.446,23.442238738,251.6018577,0.0275373970312,0.0275373970312,0.0228370553993,0.0228370553993,2456987.13984,nan,134.42417249127814,-31.09951243736082,38002.27273616857,-3848994.4948705267,3927148.0268761506,-3294974.846829716,-65.45982439059745,True,7.06,1959850.835708666,5136046.979545641,-3297592.3965045973,741.6036144539098,10612.15869846384,10884.271027224848,131.9444786909711,130.259132401237,93752.56763977544
1709.03695139,2121.21671809,0.00065,5e-05,215,S,0,0.5,0.5,0.5,0.5,-,M,PW,596485.308817,25710573.6559,0.0232,2014-11-25T15:21:22.526,23.4103929491,251.748360388,0.0275373970312,0.0275373970312,0.0228370553993,0.0228370553993,2456987.13984,-6.03913330649,134.43004187437182,-31.095014272541174,37626.52233071472,-3849352.924889282,3926708.9868348525,-3294351.1855401066,-56.711076953229046,True,7.14,1959273.26939624,5136201.140271841,-3296967.886344628,754.2357546511391,10454.869956598179,10727.042034707041,133.03398599997985,44.955900943746116,92968.74435233747
1707.83592022,2125.08670742,0.00065,5e-05,215,E,0,0.5,0.5,0.5,0.5,-,M,PW,nan,nan,nan,2014-11-25T15:21:22.546,23.3976294842,251.857899882,0.0275373970312,0.0275373970312,0.0228370553993,0.0228370553993,2456987.13984,nan,134.4314954108642,-31.09390020680419,37533.48382260368,-3849441.687831071,3926600.2613275293,-3294196.73974079,-68.16976095375476,True,7.16,1959130.171604448,5136239.341769585,-3296813.2302434817,758.9199190230888,10414.562844942355,10686.7505233168,134.08999444084697,131.56335178956377,92774.79496836742
1705.96764951,2129.62393628,0.00065,5e-05,216,S,0,0.5,0.5,0.5,0.5,-,M,PW,581041.221547,25044880.2391,0.0232,2014-11-25T15:21:22.626,23.3697225314,251.988555679,0.0275373970312,0.0275373970312,0.0228370553993,0.0228370553993,2456987.13985,-6.01065128785,134.4372526456763,-31.089487143615106,37165.031243129655,-3849793.2592959395,3926169.6223118817,-3293585.0122020883,-61.49687281864021,True,7.24,1958563.0964630193,5136390.758115845,-3296200.6692444575,771.724258666543,10249.275682416688,10521.528559721084,135.17953941930057,22.592544870435475,92007.23595255635
1704.36627462,2133.62737351,0.00065,5e-05,216,E,0,0.5,0.5,0.5,0.5,-,M,PW,nan,nan,nan,2014-11-25T15:21:22.646,23.3461467464,252.103506002,0.0276412400821,0.0276412400821,0.0230477760295,0.0230477760295,2456987.13985,nan,134.43867744059045,-31.08839489949116,37073.861414331266,-3849880.2646516864,3926063.049667344,-3293433.624568439,-57.69468205280909,True,7.26,1958422.683306285,5136428.257912784,-3296049.07526206,776.4514592208453,10206.91888029485,10479.18880013834,136.23558348114696,119.55146123085403,91817.44205673538
1702.64845372,2138.50712758,0.00065,5e-05,217,S,1,0.5,0.5,0.5,0.5,-,M,PW,855848.175056,13893639.2055,0.0616,2014-11-25T15:21:22.726,23.3235441446,252.242357255,0.0276412400821,0.0276412400821,0.0230477760295,0.0230477760295,2456987.13985,-5.37089393156,134.44431680595022,-31.084071373513595,36713.06579254186,-3850224.628792639,3925641.2388848914,-3292834.43763374,-62.161521310948,True,7.34,1957866.6021079205,5136576.802805761,-3295449.07103991,789.427975191729,10033.226562766364,10305.567865338126,137.32516417612,21.94671901346084,91066.87199381468
1699.88090279,2144.94329254,0.00065,5e-05,217,E,1,0.5,0.5,0.5,0.5,-,M,PW,nan,nan,nan,2014-11-25T15:21:22.786,23.2793808769,252.427724948,0.0276412400821,0.0276412400821,0.0230477760295,0.0230477760295,2456987.13985,nan,134.4484818335081,-31.080877763382805,36446.653139391135,-3850478.9586378583,3925329.710888055,-3292391.9086295934,-46.99973851401371,True,7.4,1957455.5758212663,5136686.633224133,-3295005.9379365514,799.7271857829046,9898.358708536549,10170.757136956672,138.4034716414202,74.11699809089009,90513.19293913942
