outputs/MPF_triangulation/38_2014-11-25_152058_DSC_0559-G_DN141125_01_2018-04-26_163331_martin_nocomment.ecsv
# %ECSV 0.9
# ---
# datatype:
# - {name: x_image, unit: pix, datatype: float64}
# - {name: y_image, unit: pix, datatype: float64}
# - {name: time_err_minus, unit: s, datatype: float64}
# - {name: time_err_plus, unit: s, datatype: float64}
# - {name: de_bruijn_sequence_element_index, datatype: object}
# - {name: dash_start_end, datatype: object}
# - {name: zero_or_one, datatype: int64}
# - {name: err_minus_x_image, unit: pix, datatype: float64}
# - {name: err_plus_x_image, unit: pix, datatype: float64}
# - {name: err_minus_y_image, unit: pix, datatype: float64}
# - {name: err_plus_y_image, unit: pix, datatype: float64}
# - {name: periodic_pulse, datatype: object}
# - {name: pick_flag, datatype: object}
# - {name: encoding_type, datatype: object}
# - {name: brightness_dash_V, unit: adu, datatype: float64}
# - {name: flux_dash_V, unit: adu / s, datatype: float64}
# - {name: aperture_exptime, unit: s, datatype: float64}
# - {name: datetime, datatype: string}
# - {name: altitude, datatype: float64}
# - {name: azimuth, datatype: float64}
# - {name: err_minus_altitude, datatype: float64}
# - {name: err_plus_altitude, datatype: float64}
# - {name: err_minus_azimuth, datatype: float64}
# - {name: err_plus_azimuth, datatype: float64}
# - {name: JD, datatype: float64, description: Julian Date}
# - {name: m_V, unit: adu / s, datatype: float64}
# - {name: longitude, unit: deg, datatype: float64}
# - {name: latitude, unit: deg, datatype: float64}
# - {name: height, unit: m, datatype: float64}
# - {name: X_geo, unit: m, datatype: float64}
# - {name: Y_geo, unit: m, datatype: float64}
# - {name: Z_geo, unit: m, datatype: float64}
# - {name: cross_track_error, unit: m, datatype: float64}
# - {name: timing, datatype: bool}
# - {name: t_rel, unit: s, datatype: float64}
# - {name: X_eci, unit: m, datatype: float64}
# - {name: Y_eci, unit: m, datatype: float64}
# - {name: Z_eci, unit: m, datatype: float64}
# - {name: pos_err, unit: m, datatype: float64}
# - {name: D_DT_geo, unit: m / s, datatype: float64}
# - {name: D_DT_eci, unit: m / s, datatype: float64}
# - {name: D_DT_err, unit: m / s, datatype: float64}
# - {name: along_track_error, unit: m, datatype: float64}
# - {name: range, unit: m, datatype: float64}
# delimiter: ','
# meta: !!omap
# - {origin: Desert Fireball Network}
# - {exposure_time: 25.0}
# - {lens_type: Fisheye}
# - {telescope: DFNSMALL38}
# - {observer: 'DFN automated software http://adsabs.harvard.edu/abs/2012M%26PSA..75.5123T'}
# - {creator: raw_to_fits 6.0}
# - {timing_correction_dictionary_version: DEBUG}
# - {isodate_mid_obs: '2014-11-25T15:21:10.500'}
# - {sidereal_time_hour: 4.670575946357566}
# - {point_picking_user_comment: nocomment}
# - {point_picking_hostname: work-desktop-debian}
# - {obs_latitude: -30.85765}
# - {original_raw_filename: 38_2014-11-25_152058_DSC_0559.NEF}
# - {cropped: false}
# - {obs_elevation: 164.4}
# - {instrument: Nikon D800E}
# - {gps_lock: Y}
# - {filter_pattern: RG/GB}
# - {location: NorthWell}
# - {aperture: 4.0}
# - {isodate_start_obs: '2014-11-25T15:20:58'}
# - {image_file: 38_2014-11-25_152058_DSC_0559-G.tiff}
# - {timing_corrected: true}
# - {NAXIS2: 4924}
# - {NAXIS1: 7378}
# - {event_codename: DN141125_01}
# - {jd_mid_obs: 2456987.139704861}
# - {lens: Samyang_8mm_F3.5}
# - {timing_de_bruijn_encoding_type: pulse_width}
[...]
# - {triangulation_dec_ecef_end_err: 0.011553247832202925}
# - {triangulation_slope_end: 26.904708738011003}
# - {triangulation_slope_end_err: 0.005703214243100087}
# - {triangulation_azimuth_end: -131.4959137007217}
# - {triangulation_azimuth_end_err: 0.012101267741849824}
# - {triangulation_file_1: 38_2014-11-25_152058_DSC_0559-G_DN141125_01_2018-04-26_163331_martin_nocomment.ecsv}
# - {triangulation_file_2: 40_2014-11-25_152058_DSC_0617-G_DN141125_01_2018-04-26_163631_martin_nocomment.ecsv}
# - {triangulation_file_3: 41_2014-11-25_152059_DSC_0674-G_DN141125_01_2018-01-01_212656_ellie_nocomment.ecsv}
# - {triangulation_file_4: 40_2014-11-25_152058_DSC_0617-G_DN141125_01_2018-04-26_163631_martin_nocomment.ecsv}
# - {triangulation_file_5: 38_2014-11-25_152058_DSC_0559-G_DN141125_01_2018-04-26_163331_martin_nocomment.ecsv}
# - {triangulation_t0: '2014-11-25T15:21:15.386'}
# - {triangulation_file_0: 36_2014-11-25_152058_DSC_0594-G_DN141125_01_2018-04-26_163106_martin_nocomment.ecsv}
# - {astropy_version: 3.0.1}
# - {numpy_version: 1.14.2}
# - {scipy_version: 1.0.1}
# schema: astropy-2.0
x_image,y_image,time_err_minus,time_err_plus,de_bruijn_sequence_element_index,dash_start_end,zero_or_one,err_minus_x_image,err_plus_x_image,err_minus_y_image,err_plus_y_image,periodic_pulse,pick_flag,encoding_type,brightness_dash_V,flux_dash_V,aperture_exptime,datetime,altitude,azimuth,err_minus_altitude,err_plus_altitude,err_minus_azimuth,err_plus_azimuth,JD,m_V,longitude,latitude,height,X_geo,Y_geo,Z_geo,cross_track_error,timing,t_rel,X_eci,Y_eci,Z_eci,pos_err,D_DT_geo,D_DT_eci,D_DT_err,along_track_error,range
[from data line 89]
1696.66282032,2153.43903028,0.00065,5e-05,218,E,1,0.5,0.5,0.5,0.5,-,M,PW,nan,nan,nan,2014-11-25T15:21:22.886,23.2321587099,252.66996253,0.0276412400821,0.0276412400821,0.0230477760295,0.0230477760295,2456987.13985,nan,134.45529570424353,-31.075652348112577,36010.91506749505,-3850895.0264483313,3924820.070458586,-3291667.9586988757,-44.02878279930122,True,7.5,1956782.45479152,5136866.570857479,-3294280.9987073336,817.7333545103319,9664.464817922084,9936.96593730275,140.54896273881897,58.593408861934634,89608.63569634008
1695.56867227,2156.39966616,0.00065,5e-05,219,S,1,0.5,0.5,0.5,0.5,-,M,PW,737569.436451,11973529.8125,0.0616,2014-11-25T15:21:22.926,23.2162118608,252.75416175,0.0276412400821,0.0276412400821,0.0230477760295,0.0230477760295,2456987.13985,-5.20940938928,134.45797500067718,-31.073597394277208,35839.61352773007,-3851058.6263453485,3924619.6773503516,-3291383.298047103,-43.84496334702801,True,7.54,1956517.531092121,5136937.415491036,-3293995.948692522,825.3972734511982,9567.610159605247,9840.155255045283,141.6161452205469,34.23907690876295,89253.38509876217
1693.50909949,2162.19221461,0.00065,5e-05,219,E,1,0.5,0.5,0.5,0.5,-,M,PW,nan,nan,nan,2014-11-25T15:21:22.986,23.1868876393,252.918400321,0.0276412400821,0.0276412400821,0.0230477760295,0.0230477760295,2456987.13985,nan,134.46194272204127,-31.070553983694367,35585.973462715425,-3851300.8953479766,3924322.9226497025,-3290961.754675439,-46.48227556929582,True,7.6,1956124.928018155,5137042.433403906,-3293573.8282846897,835.9546442042367,9418.6769945013,9691.291397502759,142.69451643727777,53.323099024964314,88727.75800903002
1692.22251502,2164.32039228,0.00065,5e-05,220,S,0,0.5,0.5,0.5,0.5,-,M,PW,320955.8137,13834302.3146,0.0232,2014-11-25T15:21:23.026,23.1613778561,252.98108628,0.0276412400821,0.0276412400821,0.0230477760295,0.0230477760295,2456987.13985,-5.3662470443,134.4645529190357,-31.068551678175893,35419.13859628548,-3851460.2719109817,3924127.702692828,-3290684.4425430377,-25.85240850139923,True,7.64,1955866.4556271683,5137111.593106658,-3293296.1362751583,843.7046020703823,9316.897099381686,9589.560128787476,143.7617288820515,3.3418483185458867,88382.27166537619
1691.42182757,2166.58900671,0.00065,5e-05,220,E,0,0.5,0.5,0.5,0.5,-,M,PW,nan,nan,nan,2014-11-25T15:21:23.046,23.149856353,253.045298546,0.0276412400821,0.0276412400821,0.0230477760295,0.0230477760295,2456987.13985,nan,134.46584732207546,-31.06755867886335,35336.41192253638,-3851539.3065409386,3924030.893370549,-3290546.923817866,-26.96116826050489,True,7.66,1955738.2179225534,5137145.912238032,-3293158.4290798334,848.603878551583,9265.24486576026,9537.932984033334,144.81789825003045,23.844600662416145,88211.03396041592
1689.15321314,2172.72761047,0.00065,5e-05,221,S,0,0.5,0.5,0.5,0.5,-,M,PW,145425.835247,6268354.96753,0.0232,2014-11-25T15:21:23.126,23.1154985934,253.219371587,0.0276412400821,0.0276412400821,0.0230477760295,0.0230477760295,2456987.13985,-4.50673784444,134.47095195457769,-31.063642337354604,35010.21559649334,-3851850.985168217,3923649.1189927557,-3290004.609043819,-25.41240762992647,True,7.74,1955232.0648167694,5137281.415680017,-3292615.370385485,862.2688406991025,9053.434820766262,9326.228649735694,145.90760470237853,-11.064474112608538,87536.32590921913
1688.36016753,2175.06454452,0.00065,5e-05,221,E,0,0.5,0.5,0.5,0.5,-,M,PW,nan,nan,nan,2014-11-25T15:21:23.146,23.104226384,253.285279693,0.0276412400821,0.0276412400821,0.0230477760295,0.0230477760295,2456987.13985,nan,134.47220950132,-31.062677449926056,34929.867126617566,-3851927.767509654,3923555.068493101,-3289871.0092570437,-27.52918453977374,True,7.76,1955107.2676435914,5137314.83648704,-3292481.5871800757,867.211128285454,8999.155976443826,9271.977668619322,146.96380153643082,12.238464806448787,87370.25458526974
1686.08391126,2180.06724539,0.00065,5e-05,222,S,1,0.5,0.5,0.5,0.5,-,M,PW,461570.153471,7493021.97194,0.0616,2014-11-25T15:21:23.226,23.0638679161,253.428766411,0.0276412400821,0.0276412400821,0.0230477760295,0.0230477760295,2456987.13985,-4.70049640482,134.47716298867078,-31.058876438810454,34613.417297410466,-3852230.2101891465,3923184.6072048526,-3289344.7648532386,-8.728274658011454,True,7.84,1954615.2382441075,5137446.650728135,-3291954.619621179,881.0481718653119,8776.575002648553,9049.514498286278,148.0535355816721,-58.85244496044685,86716.66806096977
1683.54840102,2186.07240124,0.00065,5e-05,222,E,1,0.5,0.5,0.5,0.5,-,M,PW,nan,nan,nan,2014-11-25T15:21:23.286,23.0203833925,253.599919845,0.0276412400821,0.0276412400821,0.0230477760295,0.0230477760295,2456987.13985,nan,134.4807954022509,-31.056088825439883,34381.407351651935,-3852451.9890405526,3922912.9508396327,-3288958.8739477936,6.241614794080106,True,7.9,1954253.9203187919,5137543.502203524,-3291568.197669515,891.9927119699081,8603.746297526188,8876.78136931522,149.13199087138923,-19.242146272773528,86237.9764446434
1682.74771357,2188.8748073,0.00065,5e-05,223,S,1,0.5,0.5,0.5,0.5,-,M,PW,401620.515019,6519813.5555,0.0616,2014-11-25T15:21:23.326,23.0104764473,253.678111701,0.0273151280221,0.0273151280221,0.0230332185699,0.0230332185699,2456987.13985,-4.54944183101,134.4831764392055,-31.054261407779126,34229.345715465824,-3852597.3627759074,3922734.8829116295,-3288705.9264642606,-1.6970358259140141,True,7.94,1954016.8384299127,5137607.0777159305,-3291314.901742725,900.0007558655738,8485.636355601999,8758.738915778611,150.199284466588,-46.41862811256926,85924.46900232059
1680.61254705,2194.0792757,0.00065,5e-05,223,E,1,0.5,0.5,0.5,0.5,-,M,PW,nan,nan,nan,2014-11-25T15:21:23.386,22.9738892884,253.82591161,0.0273151280221,0.0273151280221,0.0230332185699,0.0230332185699,2456987.13985,nan,134.486685501657,-31.05156803476195,34005.273499197894,-3852811.605455474,3922472.457584612,-3288333.148351836,9.319267705154292,True,8.0,1953667.0478841567,5137700.918798604,-3290941.6095127836,911.0743200337613,8304.01899422048,8577.22889410823,151.27776510028067,-37.31965349779774,85462.83680420739
1679.67841169,2196.61478595,0.00065,5e-05,224,S,0,0.5,0.5,0.5,0.5,-,M,PW,125730.12158,5419401.79222,0.0232,2014-11-25T15:21:23.426,22.9588551196,253.897419834,0.0273151280221,0.0273151280221,0.0230332185699,0.0230332185699,2456987.13985,-4.34873226615,134.4889822370648,-31.049805045714375,33858.633628328935,-3852951.829023108,3922300.698084281,-3288089.1620603744,10.636856806861415,True,8.04,1953437.8335021997,5137762.441099989,-3290697.286327485,919.168371895442,8179.902945384676,8453.188891887974,152.34508315950305,-69.0954843360766,85160.95309219064
1678.74427634,2198.88340038,0.00065,5e-05,224,E,0,0.5,0.5,0.5,0.5,-,M,PW,nan,nan,nan,2014-11-25T15:21:23.446,22.9426114022,253.96176674,0.0273151280221,0.0273151280221,0.0230332185699,0.0230332185699,2456987.13985,nan,134.49011755649573,-31.04893352769939,33786.15229392656,-3853021.143707978,3922215.7946986384,-3287968.555851371,15.726338921747946,True,8.06,1953324.443936443,5137792.884520211,-3290576.5134679973,924.2396619056489,8116.915347066745,8390.240739420042,153.4013546438426,-43.576672467407825,85011.80357689041
1676.74255772,2204.62166041,0.00065,5e-05,225,S,0,0.5,0.5,0.5,0.5,-,M,PW,148345.942928,6394221.67793,0.0232,2014-11-25T15:21:23.526,22.9111743761,254.122941491,0.0272868842582,0.0272868842582,0.023025795704,0.023025795704,2456987.13986,-4.52832311091,134.49456980140204,-31.04551554915118,33501.94616921934,-3853292.963807141,3921882.8429331123,-3287495.5941441613,14.819003447441343,True,8.14,1952879.1789972566,5137912.496095142,-3290102.8973191204,938.5928236890431,7858.622431186909,8132.11598574773,154.49116374834932,-77.47062280167559,84427.40125784643
1675.27463074,2207.29061856,0.00065,5e-05,225,E,0,0.5,0.5,0.5,0.5,-,M,PW,nan,nan,nan,2014-11-25T15:21:23.546,22.8815642958,254.199952096,0.0272868842582,0.0272868842582,0.023025795704,0.023025795704,2456987.13986,nan,134.49566015758083,-31.044678423970172,33432.35254092053,-3853359.5319264773,3921801.3038087827,-3287379.766905984,35.29730026327572,True,8.16,1952769.9852184628,5137941.844719949,-3289986.9096035506,943.7071117620175,7792.43179810798,8065.970192406085,155.54745767543724,-29.69475750355246,84284.40348191168
1673.80670375,2212.36163906,0.00065,5e-05,226,S,1,0.5,0.5,0.5,0.5,-,M,PW,151121.981625,2453278.92249,0.0616,2014-11-25T15:21:23.626,22.8615257568,254.340976949,0.0272868842582,0.0272868842582,0.023025795704,0.023025795704,2456987.13986,-3.48822120856,134.49992801366744,-31.041401529493708,33159.982506126085,-3853620.0891986825,3921482.1478520725,-3286926.402299512,23.387733294273243,True,8.24,1952341.941002395,5138056.9618251175,-3289532.915857148,958.2322992507331,7521.00421429068,7794.734400684705,156.63728936941342,-86.96366031660034,83725.1543832775
1671.80498514,2216.89886792,0.00065,5e-05,226,E,1,0.5,0.5,0.5,0.5,-,M,PW,nan,nan,nan,2014-11-25T15:21:23.686,22.8242757245,254.469685005,0.0272868842582,0.0272868842582,0.023025795704,0.023025795704,2456987.13986,nan,134.5030280160312,-31.039021091411417,32962.175934010265,-3853809.3450514614,3921250.328827235,-3286597.1007816857,39.44388871111519,True,8.3,1952030.3063515457,5138140.849730806,-3289203.1563126533,969.6929062481631,7310.247306160772,7584.135922802136,157.71583870239263,-88.71043546271756,83319.41416808148
1671.00429769,2219.9681698,0.00065,5e-05,227,S,1,0.5,0.5,0.5,0.5,-,M,PW,129472.82796,2101831.62272,0.0616,2014-11-25T15:21:23.726,22.8142065897,254.554586554,0.0272096565942,0.0272096565942,0.0231675146759,0.0231675146759,2456987.13986,-3.32034869422,134.50504519031932,-31.037472033771227,32833.47761073085,-3853932.49279446,3921099.4854621626,-3286382.82609432,29.324545035298154,True,8.34,1951827.177842512,5138195.566692379,-3288988.5830705115,978.044965421671,7166.2174925848385,7440.219528373156,158.78322304746217,-93.64997748078437,83055.61703004886
1669.56656586,2224.49429137,0.00065,5e-05,227,E,1,0.5,0.5,0.5,0.5,-,M,PW,nan,nan,nan,2014-11-25T15:21:23.786,22.792019176,254.680681518,0.0272096565942,0.0272096565942,0.0231675146759,0.0231675146759,2456987.13986,nan,134.5079947174878,-31.03520684196289,32645.31467476854,-3854112.558621341,3920878.923277263,-3286069.5150435404,24.482196575648906,True,8.4,1951529.5976464967,5138275.787151417,-3288674.8346437085,989.6345606635517,6944.74320959243,7218.928492532713,159.86179311583462,-97.31988550059323,82670.20472684802
1668.72986442,2227.06875735,0.00065,5e-05,228,S,1,0.5,0.5,0.5,0.5,-,M,PW,113642.370751,1844843.68103,0.0616,2014-11-25T15:21:23.826,22.7787500234,254.752431772,0.0272096565942,0.0272096565942,0.0231675146759,0.0231675146759,2456987.13986,-3.17875282215,134.5099090541554,-31.033736566407,32523.20412205363,-3854229.4259641916,3920735.7727587605,-3285866.1681307773,22.57572655665112,True,8.44,1951336.0635813873,5138328.001864502,-3288471.2032581023,998.0726061705968,6793.389216148959,7067.706293956807,160.92919744823834,-113.95828352040508,82420.26152860581
1667.05646153,2231.70279612,0.00065,5e-05,228,E,1,0.5,0.5,0.5,0.5,-,M,PW,nan,nan,nan,2014-11-25T15:21:23.886,22.7500087636,254.882102857,0.0272096565942,0.0272096565942,0.0231675146759,0.0231675146759,2456987.13986,nan,134.5127004423826,-31.031592552526728,32345.16729855489,-3854399.8344355216,3920527.039844732,-3285569.6606915873,25.71141005206548,True,8.5,1951053.2217378062,5138404.3806302585,-3288174.280109822,1009.7911825894892,6560.652560149203,6835.183750988564,162.0077872186546,-104.05142925193076,82056.09491931516
1666.02667513,2234.4059854,0.00065,5e-05,229,S,0,0.5,0.5,0.5,0.5,-,M,PW,33757.5125866,1455065.1977,0.0232,2014-11-25T15:21:23.926,22.7316229581,254.957877292,0.0271331380066,0.0271331380066,0.0231368334627,0.0231368334627,2456987.13986,-2.92106002302,134.51450670419277,-31.030205112046538,32229.974310173322,-3854510.1020083716,3920391.9733681395,-3285377.797250782,29.665505342560493,True,8.54,1950869.7701431422,5138453.966186307,-3287982.147018061,1018.3152104336774,6401.6019388748155,6676.288049203314,163.07521052477665,-108.97647876082495,81820.6324805498
1665.25433534,2236.46555818,0.00065,5e-05,229,E,0,0.5,0.5,0.5,0.5,-,M,PW,nan,nan,nan,2014-11-25T15:21:23.946,22.717885843,255.01553557,0.0268464990343,0.0268464990343,0.0229959033905,0.0229959033905,2456987.13986,nan,134.515393107485,-31.029524216597846,32173.447980317884,-3854564.214338797,3920325.691308764,-3285283.642844032,32.29475278899025,True,8.56,1950779.6048247651,5138478.3521187985,-3287887.860077174,1023.6014570571892,6320.885409956762,6595.652992798654,164.13158385341427,-83.85821433892616,81705.13514741439
1663.66466277,2241.18638712,0.00065,5e-05,230,S,0,0.5,0.5,0.5,0.5,-,M,PW,19365.2095721,834707.309144,0.0232,2014-11-25T15:21:24.026,22.6911723209,255.146969663,0.0268464990343,0.0268464990343,0.0229959033905,0.0229959033905,2456987.13986,-2.31768943068,134.51882458402562,-31.026888159494277,31954.642145720944,-3854773.694222385,3920069.0999187324,-3284919.1519043525,31.68652201816264,True,8.64,1950429.5908287766,5138573.119818828,-3287522.854672418,1038.8145862785423,5989.8915608389125,6265.015193648424,165.2214956074026,-114.01629200275595,81258.35171459339
1662.73052741,2243.85534527,0.00065,5e-05,230,E,0,0.5,0.5,0.5,0.5,-,M,PW,nan,nan,nan,2014-11-25T15:21:24.046,22.6749551615,255.221346309,0.0268464990343,0.0268464990343,0.0229959033905,0.0229959033905,2456987.13986,nan,134.51965334650941,-31.02625146918296,31901.80164373027,-3854824.286919704,3920007.129049223,-3284831.12159103,32.84910159911413,True,8.66,1950344.8024774715,5138596.103849763,-3287434.6997467,1044.1438235494143,5905.070448561348,6180.291468458179,166.2778862232626,-64.19563448284985,81150.52583130749
1661.66990076,2249.17810288,0.00065,5e-05,231,S,1,0.5,0.5,0.5,0.5,-,M,PW,27572.5066226,447605.62699,0.0616,2014-11-25T15:21:24.126,22.6645118417,255.36685716,0.0268464990343,0.0268464990343,0.0229959033905,0.0229959033905,2456987.13986,-1.64109273345,134.52284844858283,-31.02379672680852,31698.105481178296,-3855019.333862172,3919768.2165329847,-3284491.743689324,5.6142786445230195,True,8.74,1950016.8229106532,5138685.128983653,-3287094.839770287,1059.5289307506703,5557.244955870552,5832.894918549938,167.36781545794366,-69.81076221497496,80735.12374060792
1660.02985487,2253.98762284,0.00065,5e-05,231,E,1,0.5,0.5,0.5,0.5,-,M,PW,nan,nan,nan,2014-11-25T15:21:24.186,22.6358896504,255.50054426,0.0268464990343,0.0268464990343,0.0229959033905,0.0229959033905,2456987.13986,nan,134.52511544421017,-31.022054907430224,31553.5960476281,-3855157.7225394347,3919598.70458532,-3284250.950071566,6.710314111385941,True,8.8,1949782.913287766,5138748.748900969,-3286853.7023286507,1071.6344452717467,5287.166932195495,5563.186912401399,168.4464581591762,-29.936701062495366,80440.67438082439
1659.40161802,2256.37492287,0.00065,5e-05,232,S,0,0.5,0.5,0.5,0.5,-,M,PW,9126.50083681,393383.656759,0.0232,2014-11-25T15:21:24.226,22.6267058746,255.566246986,0.0269198365743,0.0269198365743,0.0230319454652,0.0230319454652,2456987.13986,-1.50089467226,134.52656332920574,-31.020942387607636,31461.308350381245,-3855246.108006445,3919490.4414459174,-3284097.161071051,0.5098806065649937,True,8.84,1949632.8914923284,5138789.619678223,-3286699.6928024236,1080.416423145563,5102.597478477276,5378.891686775424,169.51393225030785,-32.76195466226087,80252.74174718988
