outputs/MPF_triangulation/40_2014-11-25_152058_DSC_0617-G_DN141125_01_2018-04-26_163631_martin_nocomment.ecsv
# %ECSV 0.9
# ---
# datatype:
# - {name: x_image, unit: pix, datatype: float64}
# - {name: y_image, unit: pix, datatype: float64}
# - {name: time_err_minus, unit: s, datatype: float64}
# - {name: time_err_plus, unit: s, datatype: float64}
# - {name: de_bruijn_sequence_element_index, datatype: object}
# - {name: dash_start_end, datatype: object}
# - {name: zero_or_one, datatype: int64}
# - {name: err_minus_x_image, unit: pix, datatype: float64}
# - {name: err_plus_x_image, unit: pix, datatype: float64}
# - {name: err_minus_y_image, unit: pix, datatype: float64}
# - {name: err_plus_y_image, unit: pix, datatype: float64}
# - {name: periodic_pulse, datatype: object}
# - {name: pick_flag, datatype: object}
# - {name: encoding_type, datatype: object}
# - {name: brightness_dash_V, unit: adu, datatype: float64}
# - {name: flux_dash_V, unit: adu / s, datatype: float64}
# - {name: aperture_exptime, unit: s, datatype: float64}
# - {name: datetime, datatype: string}
# - {name: altitude, datatype: float64}
# - {name: azimuth, datatype: float64}
# - {name: err_minus_altitude, datatype: float64}
# - {name: err_plus_altitude, datatype: float64}
# - {name: err_minus_azimuth, datatype: float64}
# - {name: err_plus_azimuth, datatype: float64}
# - {name: JD, datatype: float64, description: Julian Date}
# - {name: m_V, unit: adu / s, datatype: float64}
# - {name: longitude, unit: deg, datatype: float64}
# - {name: latitude, unit: deg, datatype: float64}
# - {name: height, unit: m, datatype: float64}
# - {name: X_geo, unit: m, datatype: float64}
# - {name: Y_geo, unit: m, datatype: float64}
# - {name: Z_geo, unit: m, datatype: float64}
# - {name: cross_track_error, unit: m, datatype: float64}
# - {name: timing, datatype: bool}
# - {name: t_rel, unit: s, datatype: float64}
# - {name: X_eci, unit: m, datatype: float64}
# - {name: Y_eci, unit: m, datatype: float64}
# - {name: Z_eci, unit: m, datatype: float64}
# - {name: pos_err, unit: m, datatype: float64}
# - {name: D_DT_geo, unit: m / s, datatype: float64}
# - {name: D_DT_eci, unit: m / s, datatype: float64}
# - {name: D_DT_err, unit: m / s, datatype: float64}
# - {name: along_track_error, unit: m, datatype: float64}
# - {name: range, unit: m, datatype: float64}
# delimiter: ','
# meta: !!omap
# - {origin: Desert Fireball Network}
# - {exposure_time: 25.0}
# - {lens_type: Fisheye}
# - {telescope: DFNSMALL40}
# - {observer: 'DFN automated software http://adsabs.harvard.edu/abs/2012M%26PSA..75.5123T'}
# - {creator: raw_to_fits 6.0}
# - {timing_correction_dictionary_version: DEBUG}
# - {isodate_mid_obs: '2014-11-25T15:21:10.500'}
# - {sidereal_time_hour: 4.725841279690901}
# - {point_picking_user_comment: nocomment}
# - {point_picking_hostname: work-desktop-debian}
# - {obs_latitude: -32.4592366667}
# - {original_raw_filename: 40_2014-11-25_152058_DSC_0617.NEF}
# - {cropped: false}
# - {obs_elevation: 284.0}
# - {instrument: Nikon D800}
# - {gps_lock: Y}
# - {filter_pattern: RG/GB}
# - {location: MountIves}
# - {aperture: 4.0}
# - {isodate_start_obs: '2014-11-25T15:20:58'}
# - {image_file: 40_2014-11-25_152058_DSC_0617-G.tiff}
# - {timing_corrected: true}
# - {NAXIS2: 4924}
# - {NAXIS1: 7378}
# - {event_codename: DN141125_01}
# - {jd_mid_obs: 2456987.139704861}
# - {lens: Samyang_8mm_F3.5}
# - {timing_de_bruijn_encoding_type: pulse_width}
[...]
# - {triangulation_dec_ecef_end_err: 0.00806884415366837}
# - {triangulation_slope_end: 27.111409301683814}
# - {triangulation_slope_end_err: 0.003983291904377587}
# - {triangulation_azimuth_end: -131.4011085100176}
# - {triangulation_azimuth_end_err: 0.008467396709256338}
# - {triangulation_file_1: 38_2014-11-25_152058_DSC_0559-G_DN141125_01_2018-04-26_163331_martin_nocomment.ecsv}
# - {triangulation_file_2: 40_2014-11-25_152058_DSC_0617-G_DN141125_01_2018-04-26_163631_martin_nocomment.ecsv}
# - {triangulation_file_3: 41_2014-11-25_152059_DSC_0674-G_DN141125_01_2018-01-01_212656_ellie_nocomment.ecsv}
# - {triangulation_file_4: 40_2014-11-25_152058_DSC_0617-G_DN141125_01_2018-04-26_163631_martin_nocomment.ecsv}
# - {triangulation_file_5: 38_2014-11-25_152058_DSC_0559-G_DN141125_01_2018-04-26_163331_martin_nocomment.ecsv}
# - {triangulation_t0: '2014-11-25T15:21:15.386'}
# - {triangulation_file_0: 36_2014-11-25_152058_DSC_0594-G_DN141125_01_2018-04-26_163106_martin_nocomment.ecsv}
# - {astropy_version: 3.0.1}
# - {numpy_version: 1.14.2}
# - {scipy_version: 1.0.1}
# schema: astropy-2.0
x_image,y_image,time_err_minus,time_err_plus,de_bruijn_sequence_element_index,dash_start_end,zero_or_one,err_minus_x_image,err_plus_x_image,err_minus_y_image,err_plus_y_image,periodic_pulse,pick_flag,encoding_type,brightness_dash_V,flux_dash_V,aperture_exptime,datetime,altitude,azimuth,err_minus_altitude,err_plus_altitude,err_minus_azimuth,err_plus_azimuth,JD,m_V,longitude,latitude,height,X_geo,Y_geo,Z_geo,cross_track_error,timing,t_rel,X_eci,Y_eci,Z_eci,pos_err,D_DT_geo,D_DT_eci,D_DT_err,along_track_error,range
1535.67170869,3180.22627653,0.00065,5e-05,154,S,1,0.5,0.5,0.5,0.5,-,M,PW,8165.33740828,132554.178706,0.0616,2014-11-25T15:21:16.426,16.2167841815,295.650660191,0.0284359621504,0.0284359621504,0.0219034642487,0.0219034642487,2456987.13977,-0.309546893573,133.86873571245098,-31.522038681041852,74000.98787196635,-3815037.1495342436,3968742.294986334,-3354059.9699388747,21.660305597662127,True,1.04,2013977.9924768899,5121641.998039565,-3356757.070182875,101.54977019359197,14301.687597840117,14572.777674394201,6.9649920094881335,195.07588133338527,247917.3218414128
1535.04106916,3189.13405984,0.00065,5e-05,154,E,1,0.5,0.5,0.5,0.5,-,M,PW,nan,nan,nan,2014-11-25T15:21:16.486,16.1265906681,295.854679768,0.0285876637207,0.0285876637207,0.0219456179026,0.0219456179026,2456987.13977,nan,133.87469753686798,-31.517536486222692,73609.967484537,-3815402.0451505603,3968295.335250613,-3353425.0586347505,70.25990856857072,True,1.1,2013398.1641382577,5121796.351388509,-3356121.3067038604,103.47307847520005,14295.761144739747,14566.852337611186,7.317040905177859,362.46601479535957,247526.08838684042
1535.19872904,3194.17917604,0.00065,5e-05,155,S,1,0.5,0.5,0.5,0.5,-,M,PW,6770.51465249,109910.952151,0.0616,2014-11-25T15:21:16.526,16.0883809629,295.97394874,0.0285876637207,0.0285876637207,0.0219456179026,0.0219456179026,2456987.13977,-0.106165760921,133.8786707810364,-31.514535611566295,73349.42856514076,-3815645.223893365,3967997.4662114773,-3353001.9323328016,39.91959005432751,True,1.14,2013011.7510506823,5121899.213035576,-3355697.6124776765,105.43506712855529,14291.711047673954,14562.802991849272,7.798266389077078,373.24770819753405,247266.6663940503
1534.88340928,3201.98334018,0.00065,5e-05,155,E,1,0.5,0.5,0.5,0.5,-,M,PW,nan,nan,nan,2014-11-25T15:21:16.586,16.0144738894,296.153816991,0.0284273785821,0.0284273785821,0.0219530801989,0.0219530801989,2456987.13978,nan,133.88462863304653,-31.510035225376264,72958.83578313877,-3816009.8610875118,3967550.823016431,-3352367.470678247,58.77908199554699,True,1.2,2012432.330291621,5122053.449113304,-3355062.299251416,107.50113478845402,14285.483223576803,14556.576350053505,8.395610308065102,418.09041234007094,246879.6435386162
1534.41042963,3207.8167558,0.00065,5e-05,156,S,1,0.5,0.5,0.5,0.5,-,M,PW,10159.3031294,164923.752101,0.0616,2014-11-25T15:21:16.626,15.9528037548,296.286140746,0.0284273785821,0.0284273785821,0.0219530801989,0.0219530801989,2456987.13978,-0.546771352222,133.8885991580259,-31.50703561080526,72698.58647191724,-3816252.8632263923,3967253.1702990043,-3351944.6516637052,101.26619150888527,True,1.24,2012046.1855408733,5122156.23478189,-3354638.9127186676,109.56230529441105,14281.227171655868,14552.321119548938,9.07508649842343,514.4686652112003,246623.04069788507
1534.41042963,3213.88666123,0.00065,5e-05,156,E,1,0.5,0.5,0.5,0.5,-,M,PW,nan,nan,nan,2014-11-25T15:21:16.686,15.9008759484,296.427433833,0.0284273785821,0.0284273785821,0.0219530801989,0.0219530801989,2456987.13978,nan,133.89455282202664,-31.502537198439946,72308.43508940878,-3816617.228857129,3966806.8597413055,-3351310.6625242233,90.46338894344474,True,1.3,2011467.1624263288,5122310.360256463,-3354004.072579357,111.77107990002493,14274.682651294668,14545.777812663244,9.832370472047097,372.8862820181638,246240.26469992992
1534.80457934,3217.98581815,0.00065,5e-05,157,S,0,0.5,0.5,0.5,0.5,-,M,PW,4058.54482825,174937.27708,0.0232,2014-11-25T15:21:16.726,15.8756580854,296.525839394,0.0284273785821,0.0284273785821,0.0219530801989,0.0219530801989,2456987.13978,-0.610769241544,133.89852048047885,-31.49953895686424,72048.48481052465,-3816860.0454114527,3966509.4343459425,-3350888.1664232155,39.08158327675713,True,1.34,2011081.2996839897,5122413.066347169,-3353581.009381034,113.93095573254044,14270.210171336923,14541.306178433697,10.636877006966465,278.74367239829996,245986.5051825358
1534.80457934,3223.18859424,0.00065,5e-05,157,E,0,0.5,0.5,0.5,0.5,-,M,PW,nan,nan,nan,2014-11-25T15:21:16.746,15.8306569383,296.646652817,0.0285666302022,0.0285666302022,0.021977375565,0.021977375565,2456987.13978,nan,133.90050386519852,-31.498040053161226,71918.55545479352,-3816981.424965423,3966360.756831227,-3350676.9683505087,31.70707288626733,True,1.36,2010888.411998022,5122464.407174483,-3353369.52781142,115.9964087598012,14267.940434476091,14539.036898184733,11.475646630180462,557.5593294700241,245860.05421793245
1534.56808952,3230.04679909,0.00065,5e-05,158,S,1,0.5,0.5,0.5,0.5,-,M,PW,16176.8605829,262611.373099,0.0616,2014-11-25T15:21:16.826,15.7649320147,296.803759147,0.0285666302022,0.0285666302022,0.021977375565,0.021977375565,2456987.13978,-1.05184716171,133.90843436701473,-31.492045942075777,71399.14796648921,-3817466.747201734,3965766.2868272536,-3349832.5170603357,50.18188131911168,True,1.44,2010117.1591161017,5122669.686681115,-3352523.9430033076,118.58041964093047,14258.632936369795,14529.73117106379,12.376394376604848,238.87283482259653,245357.1202575224
1534.36023346,3238.82950473,0.00065,5e-05,158,E,1,0.5,0.5,0.5,0.5,-,M,PW,nan,nan,nan,2014-11-25T15:21:16.886,15.6825545213,297.005253708,0.0281706813669,0.0281706813669,0.0219621992598,0.0219621992598,2456987.13978,nan,133.91437896381578,-31.487552007182547,71009.9235740373,-3817830.5275749215,3965320.693150077,-3349199.546257654,65.36690877408549,True,1.5,2009539.0256507334,5122823.562105353,-3351890.122521704,121.07396284497602,14251.405890777301,14522.505513295007,13.295976086088162,370.8548710243821,244982.94669700772
1534.71940285,3242.85220195,0.00065,5e-05,159,S,1,0.5,0.5,0.5,0.5,-,M,PW,16723.5384403,271486.013641,0.0616,2014-11-25T15:21:16.926,15.6561137441,297.101052875,0.0281706813669,0.0281706813669,0.0219621992598,0.0219621992598,2456987.13978,-1.08793198708,133.9183404168748,-31.484556873726806,70750.6015515439,-3818072.9441682827,3965023.7576659047,-3348777.746080973,21.842119071472617,True,1.54,2009153.7709840192,5122926.0977084,-3351467.7561349617,123.4296484702363,14246.466977796334,14517.567545817952,14.22826809075266,265.1145948268186,244734.94627814958
1534.64756897,3250.25109148,0.00065,5e-05,159,E,1,0.5,0.5,0.5,0.5,-,M,PW,nan,nan,nan,2014-11-25T15:21:16.986,15.5884983469,297.271073639,0.0281706813669,0.0281706813669,0.0219621992598,0.0219621992598,2456987.13978,nan,133.92428011087708,-31.480065460701162,70361.86424336235,-3818436.4094071435,3964578.5499959826,-3348145.3236059146,26.030649928997203,True,1.6,2008576.1317968008,5123079.833365301,-3350834.4846961466,126.06490239842975,14238.872423696288,14509.974468312272,15.188663607668026,250.43424727852945,244365.1282195116
1534.50390121,3254.13012095,0.00065,5e-05,160,S,1,0.5,0.5,0.5,0.5,-,M,PW,39529.1685936,641707.282363,0.0616,2014-11-25T15:21:17.026,15.5501662379,297.359201739,0.0281706813669,0.0281706813669,0.0219621992598,0.0219621992598,2456987.13978,-2.02190575524,133.92823820893597,-31.47707207482327,70102.87246552095,-3818678.610639886,3964281.8783064983,-3347723.8981525386,40.879596085888075,True,1.64,2008191.204669749,5123182.277555211,-3350412.493510885,128.51751560771822,14233.682357942678,14504.78540120852,16.154006543517607,133.02203806472573,244120.04350927245
1534.48925957,3262.52473468,0.00065,5e-05,160,E,1,0.5,0.5,0.5,0.5,-,M,PW,nan,nan,nan,2014-11-25T15:21:17.086,15.4742393324,297.552009118,0.0275631551507,0.0275631551507,0.0220059736019,0.0220059736019,2456987.13978,nan,133.93417273726183,-31.472583385346464,69714.63902670503,-3819041.7447192636,3963837.076273007,-3347092.0518885665,41.3981481222933,True,1.7,2007614.0541437846,5123335.878785854,-3349779.7990228375,131.29397427295766,14225.701606854234,14496.8062223363,17.14198257076475,215.61648119227007,243754.61705210767
1534.50390121,3267.99405958,0.00065,5e-05,161,S,0,0.5,0.5,0.5,0.5,-,M,PW,10796.6429247,465372.539856,0.0232,2014-11-25T15:21:17.126,15.4250326888,297.677587214,0.0276290684294,0.0276290684294,0.0217331606036,0.0217331606036,2456987.13978,-1.673065219,133.93812730067455,-31.46959188489369,69455.98896136702,-3819283.719639905,3963540.6817926546,-3346671.020213863,40.2968433437686,True,1.74,2007229.4712949248,5123438.227261693,-3349358.2021134365,133.84287753587205,14220.247616749408,14491.353295822819,18.130071555642143,256.1590534284826,243512.47208684313
1534.57573509,3271.72942129,0.00065,5e-05,161,E,0,0.5,0.5,0.5,0.5,-,M,PW,nan,nan,nan,2014-11-25T15:21:17.146,15.3928269872,297.763758467,0.0276290684294,0.0276290684294,0.0217331606036,0.0217331606036,2456987.13978,nan,133.94010403447092,-31.468096431075956,69326.71631588906,-3819404.672073573,3963392.527456538,-3346460.5653222087,33.2042989987605,True,1.76,2007037.2331418302,5123489.386681126,-3349147.464698015,136.11818571825773,14217.47977374139,14488.586004402869,19.116487015711286,376.9923355063712,243391.84284442547
1534.71940285,3278.40997203,0.00065,5e-05,162,S,0,0.5,0.5,0.5,0.5,-,M,PW,9412.48915291,405710.73935,0.0232,2014-11-25T15:21:17.226,15.335285812,297.917787209,0.0276290684294,0.0276290684294,0.0217331606036,0.0217331606036,2456987.13978,-1.52410459513,133.94800722707745,-31.462116660833857,68809.98071343753,-3819888.2428198876,3962800.2028483194,-3345619.1615907024,19.994059011733246,True,1.84,2006268.6442011325,5123693.9237033045,-3348304.9313621665,139.44532151682165,14206.129694355452,14477.238134423666,20.141864705164366,21.56295650997502,242912.2919771115
1535.03390372,3285.60908727,0.00065,5e-05,162,E,0,0.5,0.5,0.5,0.5,-,M,PW,nan,nan,nan,2014-11-25T15:21:17.246,15.2768258419,298.084813837,0.0276073107345,0.0276073107345,0.0215792117827,0.0215792117827,2456987.13978,nan,133.9499820699461,-31.460622244607894,68680.88681022583,-3820009.074562143,3962652.1963468157,-3345408.9166997676,-10.308231677696822,True,1.86,2006076.5746996815,5123745.038172665,-3348094.4041803167,141.77133103800867,14203.221101460085,14474.330139205023,21.14197897876186,489.3145934522076,242793.14817523494
1534.80457934,3292.00713252,0.00065,5e-05,163,S,1,0.5,0.5,0.5,0.5,-,M,PW,55724.1243852,904612.40885,0.0616,2014-11-25T15:21:17.326,15.2116840145,298.228688116,0.0275369659471,0.0275369659471,0.021636005642,0.021636005642,2456987.13978,-2.39471968756,133.9578774994976,-31.454646777794714,68164.87888926287,-3820492.150389812,3962060.4779632185,-3344568.374117118,20.980220102163788,True,1.94,2005308.7389044447,5123949.366822087,-3347252.733107214,145.28311016730916,14191.29384974524,14462.405242922901,22.17949661416211,104.77803313746374,242319.5629333766
1535.04106916,3299.73246672,0.00065,5e-05,163,E,1,0.5,0.5,0.5,0.5,-,M,PW,nan,nan,nan,2014-11-25T15:21:17.386,15.1454233453,298.406409317,0.0275369659471,0.0275369659471,0.021636005642,0.021636005642,2456987.13978,nan,133.96379481649944,-31.45016757487899,67778.26642877229,-3820854.1864814004,3961617.0208522473,-3343938.43833063,3.383732086969247,True,2.0,2004733.274194483,5124102.499567129,-3346621.951558793,148.47989311410922,14182.032629280633,14453.145848429045,23.21112391197991,106.52527760291908,241967.52678072857
1535.27755898,3304.61992304,0.00065,5e-05,164,S,1,0.5,0.5,0.5,0.5,-,M,PW,54298.7308925,881472.904098,0.0616,2014-11-25T15:21:17.426,15.105391497,298.519403902,0.0275369659471,0.0275369659471,0.021636005642,0.021636005642,2456987.13979,-2.36658575283,133.96773760445154,-31.44718263011541,67520.7162249205,-3821095.41104478,3961321.545482645,-3343518.712263027,-16.32282678872084,True,2.04,2004349.8332476846,5124204.532410678,-3346201.6619487274,151.31399302668885,14175.70357525892,14446.818051852768,24.23621379141825,79.50269912391539,241734.3444501435
1535.1198991,3312.89706682,0.00065,5e-05,164,E,1,0.5,0.5,0.5,0.5,-,M,PW,nan,nan,nan,2014-11-25T15:21:17.486,15.0231332666,298.705627688,0.0275369659471,0.0275369659471,0.021636005642,0.021636005642,2456987.13979,nan,133.97364856369833,-31.442707066046445,67134.68365568935,-3821457.043302127,3960878.583027233,-3342889.4791402956,14.022471327312171,True,2.1,2003774.9681890295,5124357.501781852,-3345571.5839591636,154.6496214611669,14165.971404768123,14437.087813032747,25.275737706888282,136.49684854797994,241386.84306540864
1535.35638892,3316.60207404,0.00065,5e-05,165,S,1,0.5,0.5,0.5,0.5,-,M,PW,95661.7188943,1552949.98205,0.0616,2014-11-25T15:21:17.526,14.9937866537,298.791493619,0.0275369659471,0.0275369659471,0.021636005642,0.021636005642,2456987.13979,-2.98145700567,133.97758700235548,-31.439724632304205,66877.5271042198,-3821697.9918879797,3960583.44570182,-3342470.2332682447,-5.658287268826335,True,2.14,2003391.9474236455,5124459.419099445,-3345151.7751463363,157.5775351512484,14159.320506755259,14430.438267296015,26.30770112826529,-11.271003552342465,241156.69571457632
1535.43521886,3324.56389805,0.00065,5e-05,165,E,1,0.5,0.5,0.5,0.5,-,M,PW,nan,nan,nan,2014-11-25T15:21:17.586,14.9195781801,298.97200648,0.0275369659471,0.0275369659471,0.021636005642,0.021636005642,2456987.13979,nan,133.98349126701913,-31.43525296589479,66492.0958818919,-3822059.1997753754,3960141.00305611,-3341841.738541008,1.098393900518853,True,2.2,2002817.7435325664,5124612.205236138,-3344522.436531328,161.05141212319623,14149.09343756671,14420.213267857047,27.35336174854669,8.922007429077704,240813.76444127265
1535.59287874,3329.37252444,0.00065,5e-05,166,S,0,0.5,0.5,0.5,0.5,-,M,PW,34384.1499899,1482075.4306,0.0232,2014-11-25T15:21:17.626,14.8772251372,299.081794582,0.0275369659471,0.0275369659471,0.021636005642,0.021636005642,2456987.13979,-2.93073910489,133.98742512619734,-31.432273220069288,66235.34764191628,-3822299.8583497377,3959846.2209650516,-3341422.9972833325,-5.943455212596278,True,2.24,2002435.1492875922,5124714.007319063,-3344103.132975888,164.07257894592504,14142.104329206157,14413.225551993968,28.390717004327644,-29.457609409309693,240586.67555510314
1535.50957552,3334.22489597,0.00065,5e-05,166,E,0,0.5,0.5,0.5,0.5,-,M,PW,nan,nan,nan,2014-11-25T15:21:17.646,14.8282447057,299.190305556,0.0275369659471,0.0275369659471,0.021636005642,0.021636005642,2456987.13979,nan,133.98939134616828,-31.430783767789897,66107.03621355153,-3822420.142751418,3959698.8848996595,-3341213.7047543954,14.418594078732259,True,2.26,2002243.9280232238,5124764.886678047,-3343893.5594086144,166.5952680670612,14138.557429718587,14409.679383978852,29.41953884929156,196.82151410093505,240473.59210079454
1536.22351827,3341.35467544,0.00065,5e-05,167,S,1,0.5,0.5,0.5,0.5,-,M,PW,135297.229651,2196383.59823,0.0616,2014-11-25T15:21:17.726,14.7766764898,299.356849767,0.0275369659471,0.0275369659471,0.021636005642,0.021636005642,2456987.13979,-3.35783381531,133.99725138014114,-31.42482885140234,65594.2157710834,-3822900.974102449,3959109.915769933,-3340377.067517619,-46.19577343888623,True,2.34,2001479.5093802924,5124968.276646048,-3343055.7986964765,170.8392526194498,14124.012677490487,14395.137557710752,30.48311959139085,-134.2997399224421,240024.34238703633
1536.46000809,3350.97192821,0.00065,5e-05,167,E,1,0.5,0.5,0.5,0.5,-,M,PW,nan,nan,nan,2014-11-25T15:21:17.786,14.6883270073,299.574599113,0.0275369659471,0.0275369659471,0.021636005642,0.021636005642,2456987.13979,nan,134.00314117579336,-31.420365810373244,65210.05598496,-3823261.2674125927,3958668.5933876326,-3339750.1641370873,-45.380434356640734,True,2.4,2000906.6983319416,5125120.681705671,-3342428.053458307,174.58794636308988,14112.719031627388,14383.846240370285,31.537539914194817,43.18619996489573,239690.65636843795
1536.46000809,3355.85938453,0.00065,5e-05,168,S,1,0.5,0.5,0.5,0.5,-,M,PW,127588.301743,2071238.66465,0.0616,2014-11-25T15:21:17.826,14.6401378027,299.683957236,0.0275369659471,0.0275369659471,0.021636005642,0.021636005642,2456987.13979,-3.29413869719,134.0070651380602,-31.417392007717396,64954.171334962826,-3823501.300971184,3958374.5768768415,-3339332.510394745,-30.645688111515717,True,2.44,2000525.0559815161,5125222.223682333,-3342009.8388073496,177.79409155733237,14105.001032143107,14376.129792994683,32.582679616665395,9.725558064433168,239469.75415506802
