outputs/MPF_triangulation/40_2014-11-25_152058_DSC_0617-G_DN141125_01_2018-04-26_163631_martin_nocomment.ecsv
# %ECSV 0.9
# ---
# datatype:
# - {name: x_image, unit: pix, datatype: float64}
# - {name: y_image, unit: pix, datatype: float64}
# - {name: time_err_minus, unit: s, datatype: float64}
# - {name: time_err_plus, unit: s, datatype: float64}
# - {name: de_bruijn_sequence_element_index, datatype: object}
# - {name: dash_start_end, datatype: object}
# - {name: zero_or_one, datatype: int64}
# - {name: err_minus_x_image, unit: pix, datatype: float64}
# - {name: err_plus_x_image, unit: pix, datatype: float64}
# - {name: err_minus_y_image, unit: pix, datatype: float64}
# - {name: err_plus_y_image, unit: pix, datatype: float64}
# - {name: periodic_pulse, datatype: object}
# - {name: pick_flag, datatype: object}
# - {name: encoding_type, datatype: object}
# - {name: brightness_dash_V, unit: adu, datatype: float64}
# - {name: flux_dash_V, unit: adu / s, datatype: float64}
# - {name: aperture_exptime, unit: s, datatype: float64}
# - {name: datetime, datatype: string}
# - {name: altitude, datatype: float64}
# - {name: azimuth, datatype: float64}
# - {name: err_minus_altitude, datatype: float64}
# - {name: err_plus_altitude, datatype: float64}
# - {name: err_minus_azimuth, datatype: float64}
# - {name: err_plus_azimuth, datatype: float64}
# - {name: JD, datatype: float64, description: Julian Date}
# - {name: m_V, unit: adu / s, datatype: float64}
# - {name: longitude, unit: deg, datatype: float64}
# - {name: latitude, unit: deg, datatype: float64}
# - {name: height, unit: m, datatype: float64}
# - {name: X_geo, unit: m, datatype: float64}
# - {name: Y_geo, unit: m, datatype: float64}
# - {name: Z_geo, unit: m, datatype: float64}
# - {name: cross_track_error, unit: m, datatype: float64}
# - {name: timing, datatype: bool}
# - {name: t_rel, unit: s, datatype: float64}
# - {name: X_eci, unit: m, datatype: float64}
# - {name: Y_eci, unit: m, datatype: float64}
# - {name: Z_eci, unit: m, datatype: float64}
# - {name: pos_err, unit: m, datatype: float64}
# - {name: D_DT_geo, unit: m / s, datatype: float64}
# - {name: D_DT_eci, unit: m / s, datatype: float64}
# - {name: D_DT_err, unit: m / s, datatype: float64}
# - {name: along_track_error, unit: m, datatype: float64}
# - {name: range, unit: m, datatype: float64}
# delimiter: ','
# meta: !!omap
# - {origin: Desert Fireball Network}
# - {exposure_time: 25.0}
# - {lens_type: Fisheye}
# - {telescope: DFNSMALL40}
# - {observer: 'DFN automated software http://adsabs.harvard.edu/abs/2012M%26PSA..75.5123T'}
# - {creator: raw_to_fits 6.0}
# - {timing_correction_dictionary_version: DEBUG}
# - {isodate_mid_obs: '2014-11-25T15:21:10.500'}
# - {sidereal_time_hour: 4.725841279690901}
# - {point_picking_user_comment: nocomment}
# - {point_picking_hostname: work-desktop-debian}
# - {obs_latitude: -32.4592366667}
# - {original_raw_filename: 40_2014-11-25_152058_DSC_0617.NEF}
# - {cropped: false}
# - {obs_elevation: 284.0}
# - {instrument: Nikon D800}
# - {gps_lock: Y}
# - {filter_pattern: RG/GB}
# - {location: MountIves}
# - {aperture: 4.0}
# - {isodate_start_obs: '2014-11-25T15:20:58'}
# - {image_file: 40_2014-11-25_152058_DSC_0617-G.tiff}
# - {timing_corrected: true}
# - {NAXIS2: 4924}
# - {NAXIS1: 7378}
# - {event_codename: DN141125_01}
# - {jd_mid_obs: 2456987.139704861}
# - {lens: Samyang_8mm_F3.5}
# - {timing_de_bruijn_encoding_type: pulse_width}
[...]
# - {triangulation_dec_ecef_end_err: 0.00806884415366837}
# - {triangulation_slope_end: 27.111409301683814}
# - {triangulation_slope_end_err: 0.003983291904377587}
# - {triangulation_azimuth_end: -131.4011085100176}
# - {triangulation_azimuth_end_err: 0.008467396709256338}
# - {triangulation_file_1: 38_2014-11-25_152058_DSC_0559-G_DN141125_01_2018-04-26_163331_martin_nocomment.ecsv}
# - {triangulation_file_2: 40_2014-11-25_152058_DSC_0617-G_DN141125_01_2018-04-26_163631_martin_nocomment.ecsv}
# - {triangulation_file_3: 41_2014-11-25_152059_DSC_0674-G_DN141125_01_2018-01-01_212656_ellie_nocomment.ecsv}
# - {triangulation_file_4: 40_2014-11-25_152058_DSC_0617-G_DN141125_01_2018-04-26_163631_martin_nocomment.ecsv}
# - {triangulation_file_5: 38_2014-11-25_152058_DSC_0559-G_DN141125_01_2018-04-26_163331_martin_nocomment.ecsv}
# - {triangulation_t0: '2014-11-25T15:21:15.386'}
# - {triangulation_file_0: 36_2014-11-25_152058_DSC_0594-G_DN141125_01_2018-04-26_163106_martin_nocomment.ecsv}
# - {astropy_version: 3.0.1}
# - {numpy_version: 1.14.2}
# - {scipy_version: 1.0.1}
# schema: astropy-2.0
x_image,y_image,time_err_minus,time_err_plus,de_bruijn_sequence_element_index,dash_start_end,zero_or_one,err_minus_x_image,err_plus_x_image,err_minus_y_image,err_plus_y_image,periodic_pulse,pick_flag,encoding_type,brightness_dash_V,flux_dash_V,aperture_exptime,datetime,altitude,azimuth,err_minus_altitude,err_plus_altitude,err_minus_azimuth,err_plus_azimuth,JD,m_V,longitude,latitude,height,X_geo,Y_geo,Z_geo,cross_track_error,timing,t_rel,X_eci,Y_eci,Z_eci,pos_err,D_DT_geo,D_DT_eci,D_DT_err,along_track_error,range
[from data line 59]
1548.83630879,3562.86680896,0.00065,5e-05,183,E,1,0.5,0.5,0.5,0.5,-,M,PW,nan,nan,nan,2014-11-25T15:21:19.386,12.711603791,304.291604867,0.0273908061461,0.0273908061461,0.0218426457228,0.0218426457228,2456987.13981,nan,134.15793490188338,-31.30281885609524,55148.80954601132,-3832727.2530581984,3947073.731039845,-3323279.532476062,-37.30643999295744,True,4.0,1985847.8023330169,5129126.537664699,-3325935.2897891137,315.2115698008268,13646.146562047034,13917.374077453935,65.54093526976727,-259.7216521808258,231862.37803976858
1549.38811838,3566.96596588,0.00065,5e-05,184,S,0,0.5,0.5,0.5,0.5,-,M,PW,742364.164178,31998455.3525,0.0232,2014-11-25T15:21:19.426,12.6769880594,304.383259146,0.0273908061461,0.0273908061461,0.0218426457228,0.0218426457228,2456987.13981,-6.26638587135,134.161730208578,-31.299930713009342,54902.9729959759,-3832959.269574479,3946789.5345843034,-3322875.8282320444,-55.583567981351074,True,4.04,1985478.3995825276,5129224.792462761,-3325531.0426536747,319.8473561543788,13629.079116905286,13900.310457456626,66.60409546900777,-390.9299799314417,231694.02504827318
1549.93992796,3572.95704137,0.00065,5e-05,184,E,0,0.5,0.5,0.5,0.5,-,M,PW,nan,nan,nan,2014-11-25T15:21:19.446,12.6201566353,304.514391933,0.0380287745749,0.0380287745749,0.04734693597,0.04734693597,2456987.13981,nan,134.16362609074855,-31.2984878804157,54780.18468425719,-3833075.168221955,3946647.5706183636,-3322674.1668304685,-55.01505355093903,True,4.06,1985293.865451688,5129273.875378908,-3325329.1100217057,323.18872478954455,13620.417566775504,13891.650867332166,67.65640422088096,-84.12972649475992,231610.36345409835
1551.04354713,3581.78599474,0.00065,5e-05,185,S,1,0.5,0.5,0.5,0.5,-,M,PW,1023693.53394,16618401.525,0.0616,2014-11-25T15:21:19.526,12.5426565958,304.710270731,0.0383377852767,0.0383377852767,0.0478083060892,0.0478083060892,2456987.13981,-5.55503645544,134.17119753045546,-31.29272502683409,54289.91561865786,-3833538.0149335954,3946080.6308288355,-3321868.8225178584,-81.9979816762965,True,4.14,1984556.87007199,5129469.9037396,-3324522.682556658,330.6298136720284,13584.89919333684,13856.14054421967,68.74228481849057,-287.6100687638866,231279.15644294256
1551.59535672,3591.32441757,0.00065,5e-05,185,E,1,0.5,0.5,0.5,0.5,-,M,PW,nan,nan,nan,2014-11-25T15:21:19.586,12.4432278145,304.914634953,0.0383377852767,0.0383377852767,0.0478083060892,0.0478083060892,2456987.13981,nan,134.17686307097017,-31.28841205442086,53923.164052988555,-3833884.3436092734,3945656.413692669,-3321266.2173307915,-42.45788093100277,True,4.2,1984005.338857164,5129616.604053481,-3323919.266789702,336.77827700415884,13557.320041422881,13828.567659528657,69.81706829866843,-165.4558571354628,231034.37028801604
1552.1471663,3595.10825473,0.00065,5e-05,186,S,0,0.5,0.5,0.5,0.5,-,M,PW,520870.862941,22451330.2992,0.0232,2014-11-25T15:21:19.626,12.4113486425,304.99904648,0.0383377852767,0.0383377852767,0.0478083060892,0.0478083060892,2456987.13981,-5.88166853348,134.18063369887835,-31.285541251807775,53679.12749494443,-3834114.8338332404,3945374.0867887978,-3320865.168805835,-60.205372994676765,True,4.24,1983638.2650238527,5129714.240118717,-3323517.6787914075,341.5890533961572,13538.472639722047,13809.724579403774,70.88085993108083,-326.76798979219353,230872.90692129362
1552.54131601,3599.52273141,0.00065,5e-05,186,E,0,0.5,0.5,0.5,0.5,-,M,PW,nan,nan,nan,2014-11-25T15:21:19.646,12.3681855295,305.094784936,0.0383377852767,0.0383377852767,0.0478083060892,0.0478083060892,2456987.13981,nan,134.1825170541648,-31.284107234282903,53557.251020015734,-3834229.9579033107,3945233.0716008022,-3320664.8551539415,-54.7211699417871,True,4.26,1983454.9128301644,5129763.009131106,-3323317.0956721664,345.01818600362407,13528.90778023124,13800.16193415419,71.93376471490107,-170.3078338169285,230792.6942339012
1553.80259506,3608.90349436,0.00065,5e-05,187,S,1,0.5,0.5,0.5,0.5,-,M,PW,1061653.16044,17234629.2279,0.0616,2014-11-25T15:21:19.726,12.2857796607,305.302320815,0.0383377852767,0.0383377852767,0.0478083060892,0.0478083060892,2456987.13981,-5.5945681975,134.19003710707213,-31.278380629278114,53070.71007857634,-3834689.628309421,3944670.0224600425,-3319865.037551426,-84.40148360978938,True,4.34,1982722.7642760882,5129957.750961783,-3322516.2020217427,352.80828346784597,13489.685210807469,13760.948366110508,73.02023089964601,-322.59986990863655,230475.30925063448
1554.51206453,3618.91489684,0.00065,5e-05,187,E,1,0.5,0.5,0.5,0.5,-,M,PW,nan,nan,nan,2014-11-25T15:21:19.786,12.182258615,305.51643522,0.0384452825395,0.0384452825395,0.0482809718982,0.0482809718982,2456987.13981,nan,134.19566272818636,-31.274095909006068,52706.841683175466,-3835033.490661215,3944248.826317886,-3319266.723720142,-47.94043919834448,True,4.4,1982174.9966719719,5130103.45284364,-3321917.083141223,359.21844834242603,13459.22984092793,13730.500048510656,74.09556737327006,-158.1877322099561,230240.91622893474
1554.82738429,3622.77756393,0.00065,5e-05,188,S,1,0.5,0.5,0.5,0.5,-,M,PW,1089541.38647,17687360.17,0.0616,2014-11-25T15:21:19.826,12.143072058,305.59931402,0.0384452825395,0.0384452825395,0.0482809718982,0.0482809718982,2456987.13981,-5.62272088431,134.19940606653972,-31.271244464007456,52464.769945675886,-3835262.2954164953,3943968.5639404305,-3318868.6078780526,-37.31196635694296,True,4.44,1981810.4949527897,5130200.40689714,-3321518.4315908407,364.20376268545044,13438.416851759232,13709.691886972778,75.15988180541851,-311.93872934779216,230086.3936777061
1556.08866334,3632.86779635,0.00065,5e-05,188,E,1,0.5,0.5,0.5,0.5,-,M,PW,nan,nan,nan,2014-11-25T15:21:19.886,12.0502494064,305.820067026,0.0384452825395,0.0384452825395,0.0482809718982,0.0482809718982,2456987.13981,nan,134.20501017239295,-31.26697507196312,52102.44130455276,-3835604.829766088,3943548.994464878,-3318272.6047448753,-51.9889955237822,True,4.5,1981264.7691474839,5130345.56604867,-3320921.626414669,370.7445634173252,13406.412770530344,13677.695275966253,76.23545912200358,-140.79559674877777,229857.22332516714
1556.71930287,3636.33631374,0.00065,5e-05,189,S,0,0.5,0.5,0.5,0.5,-,M,PW,583518.203855,25151646.7179,0.0232,2014-11-25T15:21:19.926,12.0226866428,305.897935947,0.0387936881911,0.0387936881911,0.0487703102454,0.0487703102454,2456987.13981,-6.00497939622,134.20873880290452,-31.264134127406628,51861.41905419262,-3835832.726973847,3943269.8437401312,-3317876.0680178916,-76.2927623429771,True,4.54,1980901.65250132,5130442.153366862,-3320524.556016115,375.81699317519616,13384.541402735249,13655.829041075642,77.30000167600855,-330.83631756553933,229706.18776965386
1557.27111245,3642.01206948,0.00065,5e-05,189,E,0,0.5,0.5,0.5,0.5,-,M,PW,nan,nan,nan,2014-11-25T15:21:19.946,11.9663031716,306.020019792,0.0387936881911,0.0387936881911,0.0487703102454,0.0487703102454,2456987.13981,nan,134.21060084095745,-31.26271528510265,51741.0698320623,-3835946.5351152774,3943130.440429864,-3317678.0440563415,-66.4877471704562,True,4.56,1980720.3085064369,5130490.390204486,-3320326.2655423,379.377235780285,13373.441912038736,13644.732140728956,78.35361753796066,-58.35966399422454,229631.1939753759
1558.1382418,3649.18559409,0.00065,5e-05,190,S,1,0.5,0.5,0.5,0.5,-,M,PW,1220594.17282,19814840.4679,0.0616,2014-11-25T15:21:20.026,11.8985724453,306.175869389,0.0387936881911,0.0387936881911,0.0487703102454,0.0487703102454,2456987.13982,-5.74603978585,134.2180334515419,-31.257051060933048,51260.77501654315,-3836400.809299678,3942574.001107697,-3316887.615775072,-69.82995839757962,True,4.64,1979996.3804333615,5130682.956667804,-3319534.7733031,387.68954184145065,13327.926288434339,13599.227272698494,79.44078442525709,-415.89174514970244,229334.71624888797
1559.32069091,3660.61593549,0.00065,5e-05,190,E,1,0.5,0.5,0.5,0.5,-,M,PW,nan,nan,nan,2014-11-25T15:21:20.086,11.7852222547,306.421368621,0.0387936881911,0.0387936881911,0.0487703102454,0.0487703102454,2456987.13982,nan,134.22359114756665,-31.252814937807607,50901.739025949515,-3836740.4816167415,3942157.937328694,-3316296.5925230565,-51.775890344227,True,4.7,1979455.0228170648,5130826.960036485,-3318942.9544219794,394.49126953784,13292.584515252862,13563.893921510878,80.51678462602769,-121.01362396677885,229116.0350029465
1559.95133044,3665.03041218,0.00065,5e-05,191,S,1,0.5,0.5,0.5,0.5,-,M,PW,1121944.07702,18213377.8737,0.0616,2014-11-25T15:21:20.126,11.7451460213,306.517865637,0.039115681321,0.039115681321,0.0492846477518,0.0492846477518,2456987.13982,-5.65453958058,134.22728805298885,-31.24999677966168,50662.96138612622,-3836966.422931262,3941881.1823727256,-3315903.459012422,-61.281893220925774,True,4.74,1979094.891445967,5130922.7577123055,-3318549.291631057,399.7376840384357,13268.432191858397,13539.747381703406,81.58172839388372,-222.11304856479103,228972.0008218748
1560.73962985,3674.09585536,0.00065,5e-05,191,E,1,0.5,0.5,0.5,0.5,-,M,PW,nan,nan,nan,2014-11-25T15:21:20.186,11.6507840441,306.710086133,0.039115681321,0.039115681321,0.0492846477518,0.0492846477518,2456987.13982,nan,134.2328207389054,-31.245778686917532,50305.685529245864,-3837304.5541751822,3941467.0062503945,-3315315.117197824,-27.8458360707413,True,4.8,1978555.8710228582,5131066.145222167,-3317960.1576245287,406.6697030808529,13231.293224768298,13502.617306359942,82.6579147004817,-147.36238696010193,228758.582330478
1561.44909931,3679.29863145,0.00065,5e-05,192,S,1,0.5,0.5,0.5,0.5,-,M,PW,1127288.34535,18300135.4765,0.0616,2014-11-25T15:21:20.226,11.6021984379,306.822996591,0.039115681321,0.039115681321,0.0492846477518,0.0492846477518,2456987.13982,-5.65969909765,134.23650054811984,-31.242972876036994,50068.10795846382,-3837529.4423309737,3941191.541305943,-3314923.816162978,-33.414584603788704,True,4.84,1978197.3472083698,5131161.518252331,-3317568.32967449,412.0029885554824,13205.912711484754,13477.242945139811,83.72303531840359,-174.88809123473658,228618.0600019067
1562.71037836,3688.83705429,0.00065,5e-05,192,E,1,0.5,0.5,0.5,0.5,-,M,PW,nan,nan,nan,2014-11-25T15:21:20.286,11.5116555105,307.029135458,0.0387978608485,0.0387978608485,0.0488179910244,0.0488179910244,2456987.13982,nan,134.24200693851677,-31.23877380791015,49712.67323981179,-3837865.9541353583,3940779.3488310836,-3314338.292141802,-37.46423836526356,True,4.9,1977660.8138259074,5131304.247134912,-3316982.0171090155,419.0652006088255,13166.885159883512,13438.224849443677,84.79939311370403,-55.388602504954825,228409.91376437104
1563.10452807,3693.09387109,0.00065,5e-05,193,S,0,0.5,0.5,0.5,0.5,-,M,PW,513335.525097,22126531.2542,0.0232,2014-11-25T15:21:20.326,11.4671851906,307.11907545,0.0387978608485,0.0387978608485,0.0488179910244,0.0488179910244,2456987.13982,-5.86584667435,134.24566877307785,-31.235981023815658,49476.35108765809,-3838089.7355773696,3940505.2394975964,-3313948.9167674948,-21.443291303262107,True,4.94,1977303.979376267,5131399.174121368,-3316592.117296395,424.4852878868292,13140.214001005113,13411.560195549833,85.86467685014867,-170.20528742992295,228272.90892598534
1563.81399754,3697.42951783,0.00065,5e-05,193,E,0,0.5,0.5,0.5,0.5,-,M,PW,nan,nan,nan,2014-11-25T15:21:20.346,11.4287258783,307.21398991,0.0387978608485,0.0387978608485,0.0488179910244,0.0488179910244,2456987.13982,nan,134.24749690754325,-31.234586652798086,49358.38378074186,-3838201.455010675,3940368.394640733,-3313754.5271176226,-35.42371371912046,True,4.96,1977125.8236549767,5131446.568668167,-3316397.46580988,428.21958213120155,13126.678666470507,13398.028188023223,86.91899722264955,-23.149922331590833,228204.9345633287
1565.39059635,3705.94315143,0.00065,5e-05,194,S,1,0.5,0.5,0.5,0.5,-,M,PW,1062586.65673,17249783.3884,0.0616,2014-11-25T15:21:20.426,11.3568893344,307.402103003,0.0387978608485,0.0387978608485,0.0488179910244,0.0488179910244,2456987.13982,-5.59552245019,134.2547904539474,-31.229022982209113,48887.83401901543,-3838647.164040561,3939822.446755096,-3312979.0020392966,-79.39876541694355,True,5.04,1976414.9696837624,5131635.681901112,-3315620.896007097,437.2262207317593,13071.174390744578,13342.537534920319,88.00686078807736,-249.42673757085464,227936.55916598553
1566.41538558,3716.26987367,0.00065,5e-05,194,E,1,0.5,0.5,0.5,0.5,-,M,PW,nan,nan,nan,2014-11-25T15:21:20.486,11.2489249957,307.619748418,0.0387978608485,0.0387978608485,0.0488179910244,0.0488179910244,2456987.13982,nan,134.2602401322304,-31.224865151660794,48536.341172990484,-3838980.18572375,3939414.529321035,-3312399.5507613937,-41.09584526156515,True,5.1,1975883.764148208,5131777.005149018,-3315040.6640100814,444.54856760207576,13028.076672467498,13299.45050184559,89.08352331048259,-56.61242239838643,227738.97735393193
1567.04602511,3719.65956112,0.00065,5e-05,195,S,0,0.5,0.5,0.5,0.5,-,M,PW,544471.876716,23468615.3757,0.0232,2014-11-25T15:21:20.526,11.219932388,307.694351703,0.0385698642786,0.0385698642786,0.0492662157392,0.0492662157392,2456987.13982,-5.92978200412,134.26386320115705,-31.22210060023632,48302.70723863519,-3839201.5820410727,3939143.341520867,-3312014.3254578453,-57.124211257658295,True,5.14,1975530.5707898187,5131870.971919215,-3314654.9196193586,450.1420821000823,12998.623989829119,13270.00516406436,90.14909729143491,-248.23049428329898,227609.01853433586
1567.59783469,3724.23169768,0.00065,5e-05,195,E,0,0.5,0.5,0.5,0.5,-,M,PW,nan,nan,nan,2014-11-25T15:21:20.546,11.1739565723,307.791502566,0.0385698642786,0.0385698642786,0.0492662157392,0.0492662157392,2456987.13982,nan,134.2656716597898,-31.220720572302575,48186.10249126276,-3839312.091048511,3939007.9793116455,-3311822.041925533,-48.45336577132553,True,5.16,1975354.2628848432,5131917.879166713,-3314462.376973156,453.9631561232378,12983.677061040997,13255.061996288496,91.20369434063694,-79.69441926588647,227544.5679144785
1569.41092333,3734.08544028,0.00065,5e-05,196,S,1,0.5,0.5,0.5,0.5,-,M,PW,1016017.64372,16493792.9176,0.0616,2014-11-25T15:21:20.626,11.0882995758,308.007505062,0.0385698642786,0.0385698642786,0.0492662157392,0.0492662157392,2456987.13982,-5.5468646796,134.27288450359717,-31.215215821297093,47721.12884085985,-3839752.8364913627,3938468.1113114604,-3311055.1533924993,-89.49453285687642,True,5.24,1974650.9864999105,5132104.994946484,-3313694.4548445456,463.31630540439807,12922.384268122538,13193.784627069597,92.29183223527312,-177.72887979952898,227290.290884535
1570.43571256,3743.07205353,0.00065,5e-05,196,E,1,0.5,0.5,0.5,0.5,-,M,PW,nan,nan,nan,2014-11-25T15:21:20.686,10.9954166212,308.196850893,0.0385698642786,0.0385698642786,0.0492662157392,0.0492662157392,2456987.13982,nan,134.27827149932438,-31.21110384882976,47373.953774196496,-3840082.0040701088,3938064.914760376,-3310482.4081816715,-61.9308852681565,True,5.3,1974125.66492868,5132244.767898298,-3313120.93756228,470.8984718716251,12874.791907226616,13146.204340003289,93.3687562810639,-105.22611398975941,227103.28457651916
1571.38167185,3747.64419009,0.00065,5e-05,197,S,0,0.5,0.5,0.5,0.5,-,M,PW,532343.606546,22945845.1098,0.0232,2014-11-25T15:21:20.726,10.9574005322,308.297832732,0.0385698642786,0.0385698642786,0.0492662157392,0.0492662157392,2456987.13982,-5.90532347971,134.28185172243874,-31.208370687977226,47143.2649144856,-3840300.766519107,3937796.953178988,-3310101.765757987,-88.96498276830194,True,5.34,1973776.4927344976,5132337.6755150845,-3312739.781962992,476.66519430107735,12842.267616904168,13113.688378374532,94.43457977490958,-184.73508566174675,226980.37590689593
1571.93348143,3752.13749671,0.00065,5e-05,197,E,0,0.5,0.5,0.5,0.5,-,M,PW,nan,nan,nan,2014-11-25T15:21:20.746,10.9114446439,308.392636793,0.0385698642786,0.0385698642786,0.0492662157392,0.0492662157392,2456987.13982,nan,134.28363843458533,-31.20700660581437,47028.15306824837,-3840409.9388658837,3937663.228242098,-3309911.8079893347,-77.55545275435286,True,5.36,1973602.2104670305,5132384.051113121,-3312549.568053174,480.57291701648495,12825.761879301159,13097.186859617903,95.48941506158924,-23.018981195906488,226919.45009938566
