outputs/MPF_triangulation/40_2014-11-25_152058_DSC_0617-G_DN141125_01_2018-04-26_163631_martin_nocomment.ecsv
# %ECSV 0.9
# ---
# datatype:
# - {name: x_image, unit: pix, datatype: float64}
# - {name: y_image, unit: pix, datatype: float64}
# - {name: time_err_minus, unit: s, datatype: float64}
# - {name: time_err_plus, unit: s, datatype: float64}
# - {name: de_bruijn_sequence_element_index, datatype: object}
# - {name: dash_start_end, datatype: object}
# - {name: zero_or_one, datatype: int64}
# - {name: err_minus_x_image, unit: pix, datatype: float64}
# - {name: err_plus_x_image, unit: pix, datatype: float64}
# - {name: err_minus_y_image, unit: pix, datatype: float64}
# - {name: err_plus_y_image, unit: pix, datatype: float64}
# - {name: periodic_pulse, datatype: object}
# - {name: pick_flag, datatype: object}
# - {name: encoding_type, datatype: object}
# - {name: brightness_dash_V, unit: adu, datatype: float64}
# - {name: flux_dash_V, unit: adu / s, datatype: float64}
# - {name: aperture_exptime, unit: s, datatype: float64}
# - {name: datetime, datatype: string}
# - {name: altitude, datatype: float64}
# - {name: azimuth, datatype: float64}
# - {name: err_minus_altitude, datatype: float64}
# - {name: err_plus_altitude, datatype: float64}
# - {name: err_minus_azimuth, datatype: float64}
# - {name: err_plus_azimuth, datatype: float64}
# - {name: JD, datatype: float64, description: Julian Date}
# - {name: m_V, unit: adu / s, datatype: float64}
# - {name: longitude, unit: deg, datatype: float64}
# - {name: latitude, unit: deg, datatype: float64}
# - {name: height, unit: m, datatype: float64}
# - {name: X_geo, unit: m, datatype: float64}
# - {name: Y_geo, unit: m, datatype: float64}
# - {name: Z_geo, unit: m, datatype: float64}
# - {name: cross_track_error, unit: m, datatype: float64}
# - {name: timing, datatype: bool}
# - {name: t_rel, unit: s, datatype: float64}
# - {name: X_eci, unit: m, datatype: float64}
# - {name: Y_eci, unit: m, datatype: float64}
# - {name: Z_eci, unit: m, datatype: float64}
# - {name: pos_err, unit: m, datatype: float64}
# - {name: D_DT_geo, unit: m / s, datatype: float64}
# - {name: D_DT_eci, unit: m / s, datatype: float64}
# - {name: D_DT_err, unit: m / s, datatype: float64}
# - {name: along_track_error, unit: m, datatype: float64}
# - {name: range, unit: m, datatype: float64}
# delimiter: ','
# meta: !!omap
# - {origin: Desert Fireball Network}
# - {exposure_time: 25.0}
# - {lens_type: Fisheye}
# - {telescope: DFNSMALL40}
# - {observer: 'DFN automated software http://adsabs.harvard.edu/abs/2012M%26PSA..75.5123T'}
# - {creator: raw_to_fits 6.0}
# - {timing_correction_dictionary_version: DEBUG}
# - {isodate_mid_obs: '2014-11-25T15:21:10.500'}
# - {sidereal_time_hour: 4.725841279690901}
# - {point_picking_user_comment: nocomment}
# - {point_picking_hostname: work-desktop-debian}
# - {obs_latitude: -32.4592366667}
# - {original_raw_filename: 40_2014-11-25_152058_DSC_0617.NEF}
# - {cropped: false}
# - {obs_elevation: 284.0}
# - {instrument: Nikon D800}
# - {gps_lock: Y}
# - {filter_pattern: RG/GB}
# - {location: MountIves}
# - {aperture: 4.0}
# - {isodate_start_obs: '2014-11-25T15:20:58'}
# - {image_file: 40_2014-11-25_152058_DSC_0617-G.tiff}
# - {timing_corrected: true}
# - {NAXIS2: 4924}
# - {NAXIS1: 7378}
# - {event_codename: DN141125_01}
# - {jd_mid_obs: 2456987.139704861}
# - {lens: Samyang_8mm_F3.5}
# - {timing_de_bruijn_encoding_type: pulse_width}
[...]
# - {triangulation_dec_ecef_end_err: 0.00806884415366837}
# - {triangulation_slope_end: 27.111409301683814}
# - {triangulation_slope_end_err: 0.003983291904377587}
# - {triangulation_azimuth_end: -131.4011085100176}
# - {triangulation_azimuth_end_err: 0.008467396709256338}
# - {triangulation_file_1: 38_2014-11-25_152058_DSC_0559-G_DN141125_01_2018-04-26_163331_martin_nocomment.ecsv}
# - {triangulation_file_2: 40_2014-11-25_152058_DSC_0617-G_DN141125_01_2018-04-26_163631_martin_nocomment.ecsv}
# - {triangulation_file_3: 41_2014-11-25_152059_DSC_0674-G_DN141125_01_2018-01-01_212656_ellie_nocomment.ecsv}
# - {triangulation_file_4: 40_2014-11-25_152058_DSC_0617-G_DN141125_01_2018-04-26_163631_martin_nocomment.ecsv}
# - {triangulation_file_5: 38_2014-11-25_152058_DSC_0559-G_DN141125_01_2018-04-26_163331_martin_nocomment.ecsv}
# - {triangulation_t0: '2014-11-25T15:21:15.386'}
# - {triangulation_file_0: 36_2014-11-25_152058_DSC_0594-G_DN141125_01_2018-04-26_163106_martin_nocomment.ecsv}
# - {astropy_version: 3.0.1}
# - {numpy_version: 1.14.2}
# - {scipy_version: 1.0.1}
# schema: astropy-2.0
x_image,y_image,time_err_minus,time_err_plus,de_bruijn_sequence_element_index,dash_start_end,zero_or_one,err_minus_x_image,err_plus_x_image,err_minus_y_image,err_plus_y_image,periodic_pulse,pick_flag,encoding_type,brightness_dash_V,flux_dash_V,aperture_exptime,datetime,altitude,azimuth,err_minus_altitude,err_plus_altitude,err_minus_azimuth,err_plus_azimuth,JD,m_V,longitude,latitude,height,X_geo,Y_geo,Z_geo,cross_track_error,timing,t_rel,X_eci,Y_eci,Z_eci,pos_err,D_DT_geo,D_DT_eci,D_DT_err,along_track_error,range
[from data line 30]
1536.69649792,3367.36855588,0.00065,5e-05,169,S,0,0.5,0.5,0.5,0.5,-,M,PW,74576.6170943,3214509.35751,0.0232,2014-11-25T15:21:17.926,14.5316875753,299.942979512,0.0275369659471,0.0275369659471,0.021636005642,0.021636005642,2456987.13979,-3.77135007141,134.01686574199607,-31.40996319504777,64315.25618340935,-3824100.7988397465,3957640.253424006,-3338289.395716111,-18.799161451171916,True,2.54,1999571.880407307,5125475.820712687,-3340965.3232444413,184.97723032858428,14085.022609802516,14356.155468294108,34.68827812481467,-149.06383049492254,238922.96827249147
1536.93298774,3372.09835233,0.00065,5e-05,169,E,0,0.5,0.5,0.5,0.5,-,M,PW,nan,nan,nan,2014-11-25T15:21:17.946,14.490216807,300.050442202,0.0275369659471,0.0275369659471,0.021636005642,0.021636005642,2456987.13979,nan,134.01882422406882,-31.408478442573692,64187.6124972525,-3824220.595260749,3957493.515084937,-3338080.9522641012,-27.875062240312587,True,2.56,1999381.402438293,5125526.4973471,-3340756.59985776,187.64232723424527,14080.906629018731,14352.040331738137,35.72662423606252,57.825754437252506,238814.55238909356
1537.48479732,3379.98134641,0.00065,5e-05,170,S,1,0.5,0.5,0.5,0.5,-,M,PW,316583.178154,5139337.3077,0.0616,2014-11-25T15:21:18.026,14.4245288381,300.230683708,0.0275369659471,0.0275369659471,0.021636005642,0.021636005642,2456987.13979,-4.28083114172,134.02665250053875,-31.402542945304106,63677.51427424041,-3824699.4255519593,3956906.9970484227,-3337247.7968326514,-58.42212685626161,True,2.64,1998620.017025564,5125729.062737618,-3339922.325419554,192.42912712139974,14064.02824808757,14335.165432345344,36.799103523989494,-206.28976110973397,238384.04155699522
1537.72128715,3389.59859918,0.00065,5e-05,170,E,1,0.5,0.5,0.5,0.5,-,M,PW,nan,nan,nan,2014-11-25T15:21:18.086,14.3328887058,300.446071796,0.0275369659471,0.0275369659471,0.021636005642,0.021636005642,2456987.13979,nan,134.03251760914054,-31.39809513707963,63295.45139731689,-3825058.1650878885,3956467.5778803052,-3336623.596989154,-45.47877841730897,True,2.7,1998049.5730673638,5125880.823843194,-3339297.287194069,196.585998515954,14050.922596372806,14322.062474875185,37.86152131155879,-39.30677109231898,238064.4813177991
1537.87894703,3393.30360639,0.00065,5e-05,171,S,0,0.5,0.5,0.5,0.5,-,M,PW,92904.5798461,4004507.75199,0.0232,2014-11-25T15:21:18.126,14.2990035577,300.529502609,0.0275369659471,0.0275369659471,0.021636005642,0.021636005642,2456987.13979,-4.00993618234,134.03642468712468,-31.395131817596724,63040.991779724485,-3825297.136807927,3956174.8620129256,-3336207.790825326,-46.893231691205344,True,2.74,1997669.5635456266,5125981.920333689,-3338880.9225245123,200.0661223436579,14041.966284619999,14313.10802904217,38.91387603249624,-195.712726593416,237853.03016288378
1537.87894703,3398.42755254,0.00065,5e-05,171,E,0,0.5,0.5,0.5,0.5,-,M,PW,nan,nan,nan,2014-11-25T15:21:18.146,14.246598433,300.642725209,0.0275369659471,0.0275369659471,0.021636005642,0.021636005642,2456987.13979,nan,134.03837730928961,-31.393650737897794,62913.83783620519,-3825416.5651486586,3956028.5745344674,-3335999.9878258575,-24.565618508235115,True,2.76,1997479.6464257801,5126032.444777224,-3338672.8404192245,202.82428998529403,14037.421049959472,14308.56372966566,39.956179542076434,48.190382294665355,237747.78261330433
1538.43075661,3407.02001608,0.00065,5e-05,172,S,1,0.5,0.5,0.5,0.5,-,M,PW,320874.971845,5209009.2832,0.0616,2014-11-25T15:21:18.226,14.1717235471,300.837327136,0.0275369659471,0.0275369659471,0.021636005642,0.021636005642,2456987.13979,-4.29545116408,134.0461815382481,-31.38773039962522,62405.737198417395,-3825893.886055021,3955443.905339711,-3335169.4586948045,-44.83653146167069,True,2.84,1996720.5610643835,5126234.386686435,-3337841.195654273,207.97021143093187,14018.782429894944,14289.929020314661,41.032406769884965,-152.09498734262021,237329.98950955167
1538.66724643,3415.29715986,0.00065,5e-05,172,E,1,0.5,0.5,0.5,0.5,-,M,PW,nan,nan,nan,2014-11-25T15:21:18.286,14.0917663434,301.021601182,0.0275369659471,0.0275369659471,0.021636005642,0.021636005642,2456987.13979,nan,134.05202795580533,-31.38329446520386,62025.2141346881,-3826251.4535903777,3955005.9217521893,-3334547.2981096017,-30.26600837198488,True,2.9,1996151.9032281053,5126385.664376586,-3337218.1993128182,212.39684474866652,14004.309995364294,14275.45960590355,42.09823739465598,-123.12104893196438,237020.01382655968
1539.06139614,3421.05174554,0.00065,5e-05,173,S,1,0.5,0.5,0.5,0.5,-,M,PW,536136.035524,8703507.0702,0.0616,2014-11-25T15:21:18.326,14.0414311373,301.151614627,0.0275369659471,0.0275369659471,0.021636005642,0.021636005642,2456987.1398,-4.85279905168,134.05592225158142,-31.380339309139195,61771.80147270572,-3826489.624373329,3954714.186950661,-3334132.8855607896,-43.554295534000936,True,2.94,1995773.1143863401,5126486.430679567,-3336803.2300576693,216.0576686031689,13994.41963368678,14265.57132620384,43.15370901106519,-82.79133691035102,236814.97420606497
1539.29788596,3428.30410009,0.00065,5e-05,173,E,1,0.5,0.5,0.5,0.5,-,M,PW,nan,nan,nan,2014-11-25T15:21:18.386,13.9712408749,301.312720266,0.0275369659471,0.0275369659471,0.021636005642,0.021636005642,2456987.1398,nan,134.0617585844609,-31.375909880802134,61392.095237355985,-3826846.5608401746,3954276.976357393,-3333511.823022571,-30.79868190296132,True,3.0,1995205.4184686446,5126637.448710837,-3336181.3331759744,220.61853746120804,13979.211249348298,14250.366133354652,44.220882503540224,-156.75054649750587,236509.83957859917
1539.69203566,3433.3492163,0.00065,5e-05,174,S,1,0.5,0.5,0.5,0.5,-,M,PW,617743.356904,10028301.2484,0.0616,2014-11-25T15:21:18.426,13.927728981,301.426772794,0.0275369659471,0.0275369659471,0.021636005642,0.021636005642,2456987.1398,-5.00663176458,134.06564598399996,-31.372959195473307,61139.23811227822,-3827084.30035527,3953985.769814793,-3333098.1608714745,-45.54756772206125,True,3.04,1994827.2719553353,5126738.043576915,-3335767.11527578,224.36919447819045,13968.817944661398,14239.975002188385,45.277587772669946,-187.35235973851994,236308.03797167118
1539.61320572,3442.2569996,0.00065,5e-05,174,E,1,0.5,0.5,0.5,0.5,-,M,PW,nan,nan,nan,2014-11-25T15:21:18.486,13.8315599458,301.620371487,0.0275369659471,0.0275369659471,0.021636005642,0.021636005642,2456987.1398,nan,134.07147170588505,-31.368536678649985,60760.38209711807,-3827440.573662615,3953549.371523953,-3332478.2522179415,13.284158152302277,True,3.1,1994260.586966398,5126888.789153179,-3335146.373757015,229.0639176510842,13952.83618611917,14223.996635347161,46.34591974524277,-100.96115647205583,236007.7761695214
1540.55916501,3446.90796611,0.00065,5e-05,175,S,0,0.5,0.5,0.5,0.5,-,M,PW,226994.994286,9784266.9951,0.0232,2014-11-25T15:21:18.526,13.8050041881,301.730697052,0.0275369659471,0.0275369659471,0.021636005642,0.021636005642,2456987.1398,-4.97988407382,134.07535184950612,-31.36559074116074,60508.10332384665,-3827677.8599790935,3953258.720103215,-3332065.37862366,-60.43103343970403,True,3.14,1993883.1464416205,5126989.1921269195,-3334732.9454461006,232.90410622808773,13941.91436284952,14213.077145747857,47.40369284609055,-173.7841792526533,235809.23355208003
1540.71682489,3450.92829309,0.00065,5e-05,175,E,0,0.5,0.5,0.5,0.5,-,M,PW,nan,nan,nan,2014-11-25T15:21:18.546,13.7658985964,301.81963951,0.0275369659471,0.0275369659471,0.021636005642,0.021636005642,2456987.1398,nan,134.07729079746375,-31.36411851192032,60382.05293886634,-3827796.432995124,3953113.4803098636,-3331859.0638726037,-53.09458864850961,True,3.16,1993694.533114571,5127039.364862964,-3334526.35347855,235.84498218346366,13936.371651625135,14207.53560839302,48.45097347436799,-44.33901784838825,235710.45305384859
1541.1109746,3457.55000811,0.00065,5e-05,176,S,1,0.5,0.5,0.5,0.5,-,M,PW,1054933.44727,17125542.9752,0.0616,2014-11-25T15:21:18.626,13.7044409657,301.967202946,0.0274847052027,0.0274847052027,0.0219751377675,0.0219751377675,2456987.1398,-5.5876742104,134.08503891704837,-31.358234663628846,59878.45614744489,-3828270.246475944,3952533.107351958,-3331034.637594053,-54.170861571099444,True,3.24,1992940.7944141608,5127239.865442922,-3333700.819440887,241.70338685414544,13913.642684618024,14184.81148711853,49.531966203453045,-445.666215717797,235318.61263134828
1541.58395424,3468.90151958,0.00065,5e-05,176,E,1,0.5,0.5,0.5,0.5,-,M,PW,nan,nan,nan,2014-11-25T15:21:18.686,13.5933232304,302.217553997,0.0275531483967,0.0275531483967,0.0216810933662,0.0216810933662,2456987.1398,nan,134.09084172957841,-31.353827270090402,59501.407565992864,-3828625.0905807912,3952098.4596877135,-3330417.215725181,-31.31413449904863,True,3.3,1992376.2884906582,5127390.025189088,-3333082.5679241787,246.6648027960385,13895.994195308145,14167.166781669499,50.60218287244394,-129.8713438214296,235028.18922962545
1541.97810395,3473.86780585,0.00065,5e-05,177,S,1,0.5,0.5,0.5,0.5,-,M,PW,805647.176647,13078687.9326,0.0616,2014-11-25T15:21:18.726,13.5488747275,302.328647378,0.0275531483967,0.0275531483967,0.0216810933662,0.0216810933662,2456987.1398,-5.29497377882,134.0947062082287,-31.35089171698135,59250.3585996385,-3828861.400190166,3951809.0046330853,-3330006.04158234,-39.88374077994198,True,3.34,1992000.3371794908,5127490.028107674,-3332670.8412476275,250.68325921686554,13883.93333975777,14155.108532534978,51.66170079560297,-172.36584388184858,234836.22573918622
1542.52991353,3481.75079992,0.00065,5e-05,177,E,1,0.5,0.5,0.5,0.5,-,M,PW,nan,nan,nan,2014-11-25T15:21:18.786,13.4761055295,302.503953346,0.0275531483967,0.0275531483967,0.0216810933662,0.0216810933662,2456987.1398,nan,134.1004966647162,-31.346492579899092,58874.27085763712,-3829215.4747350723,3951375.2996009053,-3329389.9587328588,-44.01597629568837,True,3.4,1991437.0047254914,5127639.87310611,-3332053.9304662133,255.77753223219761,13865.387392436342,14136.56656361861,52.732689232762695,-194.99328321378212,234550.76649233044
1542.92406324,3486.00761672,0.00065,5e-05,178,S,0,0.5,0.5,0.5,0.5,-,M,PW,459414.456313,19802347.2549,0.0232,2014-11-25T15:21:18.826,13.4388943858,302.599405807,0.0275531483967,0.0275531483967,0.0216810933662,0.0216810933662,2456987.1398,-5.74535501568,134.1043526948939,-31.343562693871284,58623.8758239805,-3829451.258432505,3951086.4887345103,-3328979.69966661,-55.56356694370185,True,3.44,1991061.8403395857,5127739.666870508,-3331643.1200234797,259.884746995651,13852.71322028703,14123.895126598529,53.79292456185987,-306.9819458125771,234362.12215353738
1543.239383,3491.28922275,0.00065,5e-05,178,E,0,0.5,0.5,0.5,0.5,-,M,PW,nan,nan,nan,2014-11-25T15:21:18.846,13.3883412719,302.715969968,0.0275531483967,0.0275531483967,0.0216810933662,0.0216810933662,2456987.1398,nan,134.10627940155615,-31.3420986326567,58498.77900356683,-3829569.068885066,3950942.1830032626,-3328774.7117612204,-50.759836769997705,True,3.46,1990874.3898392625,5127789.527649877,-3331437.856614145,262.9604039227419,13846.281210310553,14117.464518552364,54.84249188335529,-59.853108827621526,234268.2996755121
1543.79119258,3498.69923718,0.00065,5e-05,179,S,0,0.5,0.5,0.5,0.5,-,M,PW,404399.36963,17431007.3116,0.0232,2014-11-25T15:21:18.926,13.3196364457,302.880294709,0.0275531483967,0.0275531483967,0.0216810933662,0.0216810933662,2456987.1398,-5.6068695482,134.113977296604,-31.336248427469357,57999.07624910026,-3830039.755325843,3950365.640348953,-3327955.7264717724,-54.007493922939936,True,3.54,1990125.4347375093,5127988.7438739445,-3330617.770597796,269.34902194668337,13819.905500549288,14091.094537902578,55.92569697549321,-390.82434720339813,233896.3497982496
1544.02768241,3504.61148274,0.00065,5e-05,179,E,0,0.5,0.5,0.5,0.5,-,M,PW,nan,nan,nan,2014-11-25T15:21:18.946,13.2596177319,303.009127133,0.027475312161,0.027475312161,0.0218025541655,0.0218025541655,2456987.1398,nan,134.11589949183548,-31.33478742128697,57874.32458096149,-3830157.2853114954,3950221.6781609254,-3327751.2265733695,-33.959452192271634,True,3.56,1989938.411970767,5128038.490139016,-3330412.995824775,272.46928112004946,13813.146411082753,14084.33693120328,56.97585678766958,-84.24558537156922,233804.1991904953
1544.73715187,3512.41564687,0.00065,5e-05,180,S,0,0.5,0.5,0.5,0.5,-,M,PW,559080.969983,24098317.6717,0.0232,2014-11-25T15:21:19.026,13.1894251953,303.182811393,0.0273771860848,0.0273771860848,0.0217397931037,0.0217397931037,2456987.1398,-5.95853014828,134.12357887797248,-31.328949793532885,57376.031754799136,-3830626.821643088,3949646.5442725043,-3326934.242451625,-47.515426763023726,True,3.64,1989191.1959847945,5128237.24319825,-3329594.9135342063,279.03399624337624,13785.429448162651,14056.626027329763,58.05963782965572,-379.3273652306336,233438.95513567343
1544.97364169,3518.24906249,0.00065,5e-05,180,E,0,0.5,0.5,0.5,0.5,-,M,PW,nan,nan,nan,2014-11-25T15:21:19.046,13.1296243549,303.309438302,0.0273771860848,0.0273771860848,0.0217397931037,0.0217397931037,2456987.1398,nan,134.1254963278587,-31.32749202283388,57251.640044246626,-3830744.056899577,3949502.943097498,-3326730.255376257,-25.606649982024592,True,3.66,1989004.622740707,5128286.8693364635,-3329390.652255214,282.1987162596962,13778.326646614812,14049.52477244669,59.11032532766517,-81.81210403009094,233348.4855054632
1545.60428122,3525.18609728,0.00065,5e-05,181,S,1,0.5,0.5,0.5,0.5,-,M,PW,1205146.31645,19564063.5787,0.0616,2014-11-25T15:21:19.126,13.0664518272,303.46325573,0.0273657108694,0.0273657108694,0.0217829513914,0.0217829513914,2456987.1398,-5.73221099933,134.1331562458705,-31.321667712579696,56754.81784659298,-3831212.3846368254,3948929.289613292,-3325915.3741852595,-34.72476615666268,True,3.74,1988259.2653460356,5128485.124240647,-3328574.675625498,288.9392333529423,13749.200225355715,14020.404792270345,60.19462034174031,-460.90099388294396,232989.98305404038
1546.55024051,3537.48356803,0.00065,5e-05,181,E,1,0.5,0.5,0.5,0.5,-,M,PW,nan,nan,nan,2014-11-25T15:21:19.186,12.9493800551,303.73345795,0.0273908061461,0.0273908061461,0.0218426457228,0.0218426457228,2456987.13981,nan,134.1388905251748,-31.31730680991792,56383.00101370916,-3831562.9691953952,3948499.8594567217,-3325305.363844399,-29.190931983339155,True,3.8,1987701.2408993046,5128633.552151356,-3327963.84514095,294.5623347729646,13726.58426863118,13997.793816260417,61.26791341530605,-70.04274239695522,232724.66068754508
1546.86556027,3540.95208543,0.00065,5e-05,182,S,1,0.5,0.5,0.5,0.5,-,M,PW,1166474.86501,18936280.2762,0.0616,2014-11-25T15:21:19.226,12.9172787379,303.809991561,0.0273908061461,0.0273908061461,0.0218426457228,0.0218426457228,2456987.13981,-5.69680001798,134.14270814648947,-31.314403152173078,56135.513839089894,-3831796.3678603014,3948213.970010757,-3324899.2546885484,-31.808908299027223,True,3.84,1987329.7294875085,5128732.368275143,-3327557.18998623,299.0226125102541,13711.128680200987,13982.34166660442,62.33030226355318,-260.24972295702946,232549.47674945212
1547.73268962,3550.25401844,0.00065,5e-05,182,E,1,0.5,0.5,0.5,0.5,-,M,PW,nan,nan,nan,2014-11-25T15:21:19.286,12.8311930591,304.015095591,0.0273908061461,0.0273908061461,0.0218426457228,0.0218426457228,2456987.13981,nan,134.1484265172043,-31.31005324673591,55764.88267407052,-3832145.9662531996,3947785.7478060736,-3324290.9602568545,-39.19082465638591,True,3.9,1986773.2245425219,5128880.389423631,-3326948.0776585215,304.77732937453146,13687.362660646999,13958.580913727272,63.40402713939804,-156.66188364575984,232289.25383330253
