outputs/MPF_triangulation/40_2014-11-25_152058_DSC_0617-G_DN141125_01_2018-04-26_163631_martin_nocomment.ecsv
# %ECSV 0.9
# ---
# datatype:
# - {name: x_image, unit: pix, datatype: float64}
# - {name: y_image, unit: pix, datatype: float64}
# - {name: time_err_minus, unit: s, datatype: float64}
# - {name: time_err_plus, unit: s, datatype: float64}
# - {name: de_bruijn_sequence_element_index, datatype: object}
# - {name: dash_start_end, datatype: object}
# - {name: zero_or_one, datatype: int64}
# - {name: err_minus_x_image, unit: pix, datatype: float64}
# - {name: err_plus_x_image, unit: pix, datatype: float64}
# - {name: err_minus_y_image, unit: pix, datatype: float64}
# - {name: err_plus_y_image, unit: pix, datatype: float64}
# - {name: periodic_pulse, datatype: object}
# - {name: pick_flag, datatype: object}
# - {name: encoding_type, datatype: object}
# - {name: brightness_dash_V, unit: adu, datatype: float64}
# - {name: flux_dash_V, unit: adu / s, datatype: float64}
# - {name: aperture_exptime, unit: s, datatype: float64}
# - {name: datetime, datatype: string}
# - {name: altitude, datatype: float64}
# - {name: azimuth, datatype: float64}
# - {name: err_minus_altitude, datatype: float64}
# - {name: err_plus_altitude, datatype: float64}
# - {name: err_minus_azimuth, datatype: float64}
# - {name: err_plus_azimuth, datatype: float64}
# - {name: JD, datatype: float64, description: Julian Date}
# - {name: m_V, unit: adu / s, datatype: float64}
# - {name: longitude, unit: deg, datatype: float64}
# - {name: latitude, unit: deg, datatype: float64}
# - {name: height, unit: m, datatype: float64}
# - {name: X_geo, unit: m, datatype: float64}
# - {name: Y_geo, unit: m, datatype: float64}
# - {name: Z_geo, unit: m, datatype: float64}
# - {name: cross_track_error, unit: m, datatype: float64}
# - {name: timing, datatype: bool}
# - {name: t_rel, unit: s, datatype: float64}
# - {name: X_eci, unit: m, datatype: float64}
# - {name: Y_eci, unit: m, datatype: float64}
# - {name: Z_eci, unit: m, datatype: float64}
# - {name: pos_err, unit: m, datatype: float64}
# - {name: D_DT_geo, unit: m / s, datatype: float64}
# - {name: D_DT_eci, unit: m / s, datatype: float64}
# - {name: D_DT_err, unit: m / s, datatype: float64}
# - {name: along_track_error, unit: m, datatype: float64}
# - {name: range, unit: m, datatype: float64}
# delimiter: ','
# meta: !!omap
# - {origin: Desert Fireball Network}
# - {exposure_time: 25.0}
# - {lens_type: Fisheye}
# - {telescope: DFNSMALL40}
# - {observer: 'DFN automated software http://adsabs.harvard.edu/abs/2012M%26PSA..75.5123T'}
# - {creator: raw_to_fits 6.0}
# - {timing_correction_dictionary_version: DEBUG}
# - {isodate_mid_obs: '2014-11-25T15:21:10.500'}
# - {sidereal_time_hour: 4.725841279690901}
# - {point_picking_user_comment: nocomment}
# - {point_picking_hostname: work-desktop-debian}
# - {obs_latitude: -32.4592366667}
# - {original_raw_filename: 40_2014-11-25_152058_DSC_0617.NEF}
# - {cropped: false}
# - {obs_elevation: 284.0}
# - {instrument: Nikon D800}
# - {gps_lock: Y}
# - {filter_pattern: RG/GB}
# - {location: MountIves}
# - {aperture: 4.0}
# - {isodate_start_obs: '2014-11-25T15:20:58'}
# - {image_file: 40_2014-11-25_152058_DSC_0617-G.tiff}
# - {timing_corrected: true}
# - {NAXIS2: 4924}
# - {NAXIS1: 7378}
# - {event_codename: DN141125_01}
# - {jd_mid_obs: 2456987.139704861}
# - {lens: Samyang_8mm_F3.5}
# - {timing_de_bruijn_encoding_type: pulse_width}
[...]
# - {triangulation_dec_ecef_end_err: 0.00806884415366837}
# - {triangulation_slope_end: 27.111409301683814}
# - {triangulation_slope_end_err: 0.003983291904377587}
# - {triangulation_azimuth_end: -131.4011085100176}
# - {triangulation_azimuth_end_err: 0.008467396709256338}
# - {triangulation_file_1: 38_2014-11-25_152058_DSC_0559-G_DN141125_01_2018-04-26_163331_martin_nocomment.ecsv}
# - {triangulation_file_2: 40_2014-11-25_152058_DSC_0617-G_DN141125_01_2018-04-26_163631_martin_nocomment.ecsv}
# - {triangulation_file_3: 41_2014-11-25_152059_DSC_0674-G_DN141125_01_2018-01-01_212656_ellie_nocomment.ecsv}
# - {triangulation_file_4: 40_2014-11-25_152058_DSC_0617-G_DN141125_01_2018-04-26_163631_martin_nocomment.ecsv}
# - {triangulation_file_5: 38_2014-11-25_152058_DSC_0559-G_DN141125_01_2018-04-26_163331_martin_nocomment.ecsv}
# - {triangulation_t0: '2014-11-25T15:21:15.386'}
# - {triangulation_file_0: 36_2014-11-25_152058_DSC_0594-G_DN141125_01_2018-04-26_163106_martin_nocomment.ecsv}
# - {astropy_version: 3.0.1}
# - {numpy_version: 1.14.2}
# - {scipy_version: 1.0.1}
# schema: astropy-2.0
x_image,y_image,time_err_minus,time_err_plus,de_bruijn_sequence_element_index,dash_start_end,zero_or_one,err_minus_x_image,err_plus_x_image,err_minus_y_image,err_plus_y_image,periodic_pulse,pick_flag,encoding_type,brightness_dash_V,flux_dash_V,aperture_exptime,datetime,altitude,azimuth,err_minus_altitude,err_plus_altitude,err_minus_azimuth,err_plus_azimuth,JD,m_V,longitude,latitude,height,X_geo,Y_geo,Z_geo,cross_track_error,timing,t_rel,X_eci,Y_eci,Z_eci,pos_err,D_DT_geo,D_DT_eci,D_DT_err,along_track_error,range
[from data line 118]
1609.45653323,3958.43545167,0.00065,5e-05,213,S,0,0.5,0.5,0.5,0.5,-,M,PW,141165.081988,6084701.80982,0.0232,2014-11-25T15:21:22.326,8.9014903347,312.754287756,0.0378596625602,0.0378596625602,0.0488133856035,0.0488133856035,2456987.13984,-4.4641615851,134.4152086197679,-31.10638080458779,38576.31621756847,-3848447.0756389224,3927818.559335698,-3295927.3456888404,-80.8776724823159,True,6.94,1960732.091943539,5135811.843282917,-3298546.1905488693,719.9045042185373,10836.693170632361,11108.723134640553,128.74310910081988,75.42115086787307,223200.5724721745
1610.00834282,3962.53460859,0.00065,5e-05,213,E,0,0.5,0.5,0.5,0.5,-,M,PW,nan,nan,nan,2014-11-25T15:21:22.346,8.85430579513,312.835869503,0.0382086798507,0.0382086798507,0.0493040921211,0.0493040921211,2456987.13984,nan,134.41671552138303,-31.10522628837653,38479.79883928723,-3848539.102714181,3927705.835599381,-3295767.2203605142,-49.851531794346556,True,6.96,1960584.0084106,5135851.348421601,-3298385.847592944,724.5025766169351,10800.192679587077,11072.23578755289,129.79904027954532,224.1589504655821,223166.89714520698
1611.74260151,3968.44685415,0.00065,5e-05,214,S,0,0.5,0.5,0.5,0.5,-,M,PW,121177.443962,5223165.68802,0.0232,2014-11-25T15:21:22.426,8.80556150354,312.965073659,0.0385026703203,0.0385026703203,0.0497990072854,0.0497990072854,2456987.13984,-4.29839784216,134.4226916083861,-31.100647243022145,38097.09234737593,-3848904.059394144,3927258.8010669514,-3295132.202806829,-92.23955330696639,True,7.04,1959996.4882021197,5136008.110129365,-3297749.966547229,736.962492594969,10650.515306343768,10922.613329899714,130.88850783311028,-93.36198409520097,223035.365852536
1612.84622069,3974.98973923,0.00065,5e-05,214,E,0,0.5,0.5,0.5,0.5,-,M,PW,nan,nan,nan,2014-11-25T15:21:22.446,8.73436163747,313.097613481,0.0385026703203,0.0385026703203,0.0497990072854,0.0497990072854,2456987.13984,nan,134.42417249127814,-31.09951243736082,38002.27273616857,-3848994.4948705267,3927148.0268761506,-3294974.846829716,-61.48597790025234,True,7.06,1959850.835708666,5136046.979545641,-3297592.3965045973,741.6036144539098,10612.15869846384,10884.271027224848,131.9444786909711,275.9403587821104,223003.27112822986
1614.0286698,3980.11368538,0.00065,5e-05,215,S,0,0.5,0.5,0.5,0.5,-,M,PW,85792.1912735,3697939.27903,0.0232,2014-11-25T15:21:22.526,8.68498598072,313.205212353,0.0385509954983,0.0385509954983,0.0492459328739,0.0492459328739,2456987.13984,-3.92346277473,134.43004187437182,-31.095014272541174,37626.52233071472,-3849352.924889282,3926708.9868348525,-3294351.1855401066,-66.26989983207156,True,7.14,1959273.26939624,5136201.140271841,-3296967.886344628,754.2357546511391,10454.869956598179,10727.042034707041,133.03398599997985,-101.23141193368573,222878.01732867866
1614.97462909,3985.86827105,0.00065,5e-05,215,E,0,0.5,0.5,0.5,0.5,-,M,PW,nan,nan,nan,2014-11-25T15:21:22.546,8.62140692544,313.321059695,0.0385509954983,0.0385509954983,0.0492459328739,0.0492459328739,2456987.13984,nan,134.4314954108642,-31.09390020680419,37533.48382260368,-3849441.687831071,3926600.2613275293,-3294196.73974079,-35.05487597535906,True,7.16,1959130.171604448,5136239.341769585,-3296813.2302434817,758.9199190230888,10414.562844942355,10686.7505233168,134.08999444084697,200.87750347819122,222847.48045942714
1616.70888778,3991.93817649,0.00065,5e-05,216,S,0,0.5,0.5,0.5,0.5,-,M,PW,55503.207031,2392379.61341,0.0232,2014-11-25T15:21:22.626,8.56928552628,313.452308293,0.0385509954983,0.0385509954983,0.0492459328739,0.0492459328739,2456987.13985,-3.45063856788,134.4372526456763,-31.089487143615106,37165.031243129655,-3849793.2592959395,3926169.6223118817,-3293585.0122020883,-69.75234481343745,True,7.24,1958563.0964630193,5136390.758115845,-3296200.6692444575,771.724258666543,10249.275682416688,10521.528559721084,135.17953941930057,-74.45214209679105,222728.41028341255
1617.81250695,3997.92925199,0.00065,5e-05,216,E,0,0.5,0.5,0.5,0.5,-,M,PW,nan,nan,nan,2014-11-25T15:21:22.646,8.50503547465,313.573967427,0.0385509954983,0.0385509954983,0.0492459328739,0.0492459328739,2456987.13985,nan,134.43867744059045,-31.08839489949116,37073.861414331266,-3849880.2646516864,3926063.049667344,-3293433.624568439,-46.23399820818442,True,7.26,1958422.683306285,5136428.257912784,-3296049.07526206,776.4514592208453,10206.91888029485,10479.18880013834,136.23558348114696,252.6874729780961,222699.40708565078
1619.15261595,4002.34372867,0.00065,5e-05,217,S,1,0.5,0.5,0.5,0.5,-,M,PW,117903.991906,1914025.84263,0.0616,2014-11-25T15:21:22.726,8.46835706534,313.67013409,0.0385509954983,0.0385509954983,0.0492459328739,0.0492459328739,2456987.13985,-3.20843282856,134.44431680595022,-31.084071373513595,36713.06579254186,-3850224.628792639,3925641.2388848914,-3292834.43763374,-77.21413415175604,True,7.34,1957866.6021079205,5136576.802805761,-3295449.07103991,789.427975191729,10033.226562766364,10305.567865338126,137.32516417612,-154.15658030655902,222586.4209634493
1620.8080447,4009.51725328,0.00065,5e-05,217,E,1,0.5,0.5,0.5,0.5,-,M,PW,nan,nan,nan,2014-11-25T15:21:22.786,8.39770577948,313.819553736,0.0385509954983,0.0385509954983,0.0492459328739,0.0492459328739,2456987.13985,nan,134.4484818335081,-31.080877763382805,36446.653139391135,-3850478.9586378583,3925329.710888055,-3292391.9086295934,-77.71901124403468,True,7.4,1957455.5758212663,5136686.633224133,-3295005.9379365514,799.7271857829046,9898.358708536549,10170.757136956672,138.4034716414202,-110.17354373226091,222504.8297762239
1622.14815369,4014.72002937,0.00065,5e-05,218,S,1,0.5,0.5,0.5,0.5,-,M,PW,100573.183973,1632681.558,0.0616,2014-11-25T15:21:22.826,8.34907779951,313.92950317,0.0385509954983,0.0385509954983,0.0492459328739,0.0492459328739,2456987.13985,-3.03581705354,134.45122687705336,-31.078772759763897,36271.095431493784,-3850646.5774972863,3925124.394962728,-3292100.2550610756,-90.03945004651399,True,7.44,1957184.5130243942,5136759.08152798,-3294713.8859889912,807.3050565343973,9806.190949602955,10078.629249311782,139.47062257161915,-38.184725803499205,222451.91862854795
1623.56709263,4021.57823421,0.00065,5e-05,218,E,1,0.5,0.5,0.5,0.5,-,M,PW,nan,nan,nan,2014-11-25T15:21:22.886,8.27756878011,314.069766608,0.0385509954983,0.0385509954983,0.0492459328739,0.0492459328739,2456987.13985,nan,134.45529570424353,-31.075652348112577,36010.91506749505,-3850895.0264483313,3924820.070458586,-3291667.9586988757,-72.81475382350054,True,7.5,1956782.45479152,5136866.570857479,-3294280.9987073336,817.7333545103319,9664.464817922084,9936.96593730275,140.54896273881897,-11.375581684723684,222374.7540514386
1624.19773215,4024.41611208,0.00065,5e-05,219,S,1,0.5,0.5,0.5,0.5,-,M,PW,88188.2455173,1431627.36229,0.0616,2014-11-25T15:21:22.926,8.24876919319,314.128275386,0.0385509954983,0.0385509954983,0.0492459328739,0.0492459328739,2456987.13985,-2.89313831142,134.45797500067718,-31.073597394277208,35839.61352773007,-3851058.6263453485,3924619.6773503516,-3291383.298047103,-69.30400567169109,True,7.54,1956517.531092121,5136937.415491036,-3293995.948692522,825.3972734511982,9567.610159605247,9840.155255045283,141.6161452205469,-141.80819720136853,222324.76577433193
1626.32614055,4033.00857562,0.00065,5e-05,219,E,1,0.5,0.5,0.5,0.5,-,M,PW,nan,nan,nan,2014-11-25T15:21:22.986,8.16566704219,314.307926108,0.0383870780032,0.0383870780032,0.0487192645213,0.0487192645213,2456987.13985,nan,134.46194272204127,-31.070553983694367,35585.973462715425,-3851300.8953479766,3924322.9226497025,-3290961.754675439,-77.45021367230169,True,7.6,1956124.928018155,5137042.433403906,-3293573.8282846897,835.9546442042367,9418.6769945013,9691.291397502759,142.69451643727777,54.69443226256771,222251.94218200693
1626.95678008,4036.16177325,0.00065,5e-05,220,S,0,0.5,0.5,0.5,0.5,-,M,PW,20105.6235111,866621.703065,0.0232,2014-11-25T15:21:23.026,8.1319801332,314.37181676,0.0383870780032,0.0383870780032,0.0487192645213,0.0487192645213,2456987.13985,-2.34813723806,134.4645529190357,-31.068551678175893,35419.13859628548,-3851460.2719109817,3924127.702692828,-3290684.4425430377,-65.99171181415987,True,7.64,1955866.4556271683,5137111.593106658,-3293296.1362751583,843.7046020703823,9316.897099381686,9589.560128787476,143.7617288820515,-39.353908714717235,222204.8184399186
1627.74507949,4039.31497088,0.00065,5e-05,220,E,0,0.5,0.5,0.5,0.5,-,M,PW,nan,nan,nan,2014-11-25T15:21:23.046,8.10142123633,314.437665221,0.0383870780032,0.0383870780032,0.0487192645213,0.0487192645213,2456987.13985,nan,134.46584732207546,-31.06755867886335,35336.41192253638,-3851539.3065409386,3924030.893370549,-3290546.923817866,-68.78584179839031,True,7.66,1955738.2179225534,5137145.912238032,-3293158.4290798334,848.603878551583,9265.24486576026,9537.932984033334,144.81789825003045,55.45598552143022,222181.68053541824
1629.16401842,4045.85785597,0.00065,5e-05,221,S,0,0.5,0.5,0.5,0.5,-,M,PW,10504.6699336,452787.497139,0.0232,2014-11-25T15:21:23.126,8.03339170712,314.571327565,0.0386255015403,0.0386255015403,0.0492410598283,0.0492410598283,2456987.13985,-1.64329940089,134.47095195457769,-31.063642337354604,35010.21559649334,-3851850.985168217,3923649.1189927557,-3290004.609043819,-53.65248261256978,True,7.74,1955232.0648167694,5137281.415680017,-3292615.370385485,862.2688406991025,9053.434820766262,9326.228649735694,145.90760470237853,-95.11532786983662,222091.92661291
1629.71582801,4049.24754342,0.00065,5e-05,221,E,0,0.5,0.5,0.5,0.5,-,M,PW,nan,nan,nan,2014-11-25T15:21:23.146,7.99432882834,314.638112658,0.0386255015403,0.0386255015403,0.0492410598283,0.0492410598283,2456987.13985,nan,134.47220950132,-31.062677449926056,34929.867126617566,-3851927.767509654,3923555.068493101,-3289871.0092570437,-28.47608767815969,True,7.76,1955107.2676435914,5137314.83648704,-3292481.5871800757,867.211128285454,8999.155976443826,9271.977668619322,146.96380153643082,22.321059952571364,222070.1813108494
1631.29242682,4054.76563927,0.00065,5e-05,222,S,1,0.5,0.5,0.5,0.5,-,M,PW,30051.2097642,487844.314354,0.0616,2014-11-25T15:21:23.226,7.94425800281,314.755405337,0.0386397239548,0.0386397239548,0.0497725213529,0.0497725213529,2456987.13985,-1.72426645509,134.47716298867078,-31.058876438810454,34613.417297410466,-3852230.2101891465,3923184.6072048526,-3289344.7648532386,-49.0999317121557,True,7.84,1954615.2382441075,5137446.650728135,-3291954.619621179,881.0481718653119,8776.575002648553,9049.514498286278,148.0535355816721,-193.98965889179604,221985.934745809
1632.71136576,4061.46618424,0.00065,5e-05,222,E,1,0.5,0.5,0.5,0.5,-,M,PW,nan,nan,nan,2014-11-25T15:21:23.286,7.87317280647,314.891203435,0.0386397239548,0.0386397239548,0.0497725213529,0.0497725213529,2456987.13985,nan,134.4807954022509,-31.056088825439883,34381.407351651935,-3852451.9890405526,3922912.9508396327,-3288958.8739477936,-27.422836244639957,True,7.9,1954253.9203187919,5137543.502203524,-3291568.197669515,891.9927119699081,8603.746297526188,8876.78136931522,149.13199087138923,-122.92639352524692,221925.58504465866
1633.5784951,4065.88066092,0.00065,5e-05,223,S,1,0.5,0.5,0.5,0.5,-,M,PW,19605.5999804,318272.726954,0.0616,2014-11-25T15:21:23.326,7.82481517774,314.979640981,0.0386397239548,0.0386397239548,0.0497725213529,0.0497725213529,2456987.13985,-1.26056189848,134.4831764392055,-31.054261407779126,34229.345715465824,-3852597.3627759074,3922734.8829116295,-3288705.9264642606,-6.237996523644068,True,7.94,1954016.8384299127,5137607.0777159305,-3291314.901742725,900.0007558655738,8485.636355601999,8758.738915778611,150.199284466588,-75.49623938147249,221886.68239964376
1634.60328433,4069.97981784,0.00065,5e-05,223,E,1,0.5,0.5,0.5,0.5,-,M,PW,nan,nan,nan,2014-11-25T15:21:23.386,7.78419926053,315.064491099,0.0386397239548,0.0386397239548,0.0497725213529,0.0497725213529,2456987.13985,nan,134.486685501657,-31.05156803476195,34005.273499197894,-3852811.605455474,3922472.457584612,-3288333.148351836,-6.1641821615756704,True,8.0,1953667.0478841567,5137700.918798604,-3290941.6095127836,911.0743200337613,8304.01899422048,8577.22889410823,151.27776510028067,-214.49830897013368,221830.29765594314
1635.62807356,4074.23663464,0.00065,5e-05,224,S,0,0.5,0.5,0.5,0.5,-,M,PW,5413.10831663,233323.634337,0.0232,2014-11-25T15:21:23.426,7.74110320104,315.151987102,0.0386397239548,0.0386397239548,0.0497725213529,0.0497725213529,2456987.13985,-0.923460166919,134.4889822370648,-31.049805045714375,33858.633628328935,-3852951.829023108,3922300.698084281,-3288089.1620603744,-1.9490932820653744,True,8.04,1953437.8335021997,5137762.441099989,-3290697.286327485,919.168371895442,8179.902945384676,8453.188891887974,152.34508315950305,-167.3685946062082,221794.00503251614
1636.35405621,4076.73918268,0.00065,5e-05,224,E,0,0.5,0.5,0.5,0.5,-,M,PW,nan,nan,nan,2014-11-25T15:21:23.446,7.7181767599,315.204975628,0.0386397239548,0.0386397239548,0.0497725213529,0.0497725213529,2456987.13985,nan,134.49011755649573,-31.04893352769939,33786.15229392656,-3853021.143707978,3922215.7946986384,-3287968.555851371,-10.499269232025476,True,8.06,1953324.443936443,5137792.884520211,-3290576.5134679973,924.2396619056489,8116.915347066745,8390.240739420042,153.4013546438426,-107.7423709839836,221776.24384298874
1637.59882208,4082.19845866,0.00065,5e-05,225,S,0,0.5,0.5,0.5,0.5,-,M,PW,3219.5494612,138773.683672,0.0232,2014-11-25T15:21:23.526,7.66123015103,315.316042199,0.0386397239548,0.0386397239548,0.0497725213529,0.0497725213529,2456987.13986,-0.359331126939,134.49456980140204,-31.04551554915118,33501.94616921934,-3853292.963807141,3921882.8429331123,-3287495.5941441613,2.4556159506447655,True,8.14,1952879.1789972566,5137912.496095142,-3290102.8973191204,938.5928236890431,7858.622431186909,8132.11598574773,154.49116374834932,-263.6551842826507,221707.734952877
1638.46595143,4085.98229581,0.00065,5e-05,225,E,0,0.5,0.5,0.5,0.5,-,M,PW,nan,nan,nan,2014-11-25T15:21:23.546,7.621727418,315.392971054,0.0386397239548,0.0386397239548,0.0497725213529,0.0497725213529,2456987.13986,nan,134.49566015758083,-31.044678423970172,33432.35254092053,-3853359.5319264773,3921801.3038087827,-3287379.766905984,11.545158303013336,True,8.16,1952769.9852184628,5137941.844719949,-3289986.9096035506,943.7071117620175,7792.43179810798,8065.970192406085,155.54745767543724,-87.13695766689527,221691.23489866892
1639.64840054,4090.47560243,0.00065,5e-05,226,S,1,0.5,0.5,0.5,0.5,-,M,PW,10202.3278518,165622.205386,0.0616,2014-11-25T15:21:23.626,7.57772865103,315.486197643,0.0386397239548,0.0386397239548,0.0497725213529,0.0497725213529,2456987.13986,-0.551359743822,134.49992801366744,-31.041401529493708,33159.982506126085,-3853620.0891986825,3921482.1478520725,-3286926.402299512,8.976114323531982,True,8.24,1952341.941002395,5138056.9618251175,-3289532.915857148,958.2322992507331,7521.00421429068,7794.734400684705,156.63728936941342,-300.44414575769474,221627.70245975547
1640.98850954,4096.62433781,0.00065,5e-05,226,E,1,0.5,0.5,0.5,0.5,-,M,PW,nan,nan,nan,2014-11-25T15:21:23.686,7.51176299017,315.609949283,0.0386397239548,0.0386397239548,0.0497725213529,0.0497725213529,2456987.13986,nan,134.5030280160312,-31.039021091411417,32962.175934010265,-3853809.3450514614,3921250.328827235,-3286597.1007816857,31.7255502175703,True,8.3,1952030.3063515457,5138140.849730806,-3289203.1563126533,969.6929062481631,7310.247306160772,7584.135922802136,157.71583870239263,-204.81094011147587,221582.60611781068
