outputs/MPF_triangulation/DN141125_01_triangulation_all_timesteps.ecsv
# %ECSV 0.9
# ---
# datatype:
# - {name: datetime, datatype: string}
# - {name: t_rel, unit: s, datatype: float64}
# - {name: no_cams, datatype: int64}
# - {name: latitude, unit: deg, datatype: float64}
# - {name: longitude, unit: deg, datatype: float64}
# - {name: height, unit: m, datatype: float64}
# - {name: X_geo, unit: m, datatype: float64}
# - {name: Y_geo, unit: m, datatype: float64}
# - {name: Z_geo, unit: m, datatype: float64}
# - {name: X_eci, unit: m, datatype: float64}
# - {name: Y_eci, unit: m, datatype: float64}
# - {name: Z_eci, unit: m, datatype: float64}
# - {name: DX_DT_geo, unit: m / s, datatype: float64}
# - {name: DY_DT_geo, unit: m / s, datatype: float64}
# - {name: DZ_DT_geo, unit: m / s, datatype: float64}
# - {name: DX_DT_eci, unit: m / s, datatype: float64}
# - {name: DY_DT_eci, unit: m / s, datatype: float64}
# - {name: DZ_DT_eci, unit: m / s, datatype: float64}
# - {name: D_DT_geo, unit: m / s, datatype: float64}
# - {name: D_DT_eci, unit: m / s, datatype: float64}
# - {name: pos_err, unit: m, datatype: float64}
# - {name: D_DT_err, unit: m / s, datatype: float64}
# - {name: c11, datatype: float64}
# - {name: c33, datatype: float64}
# - {name: c12, datatype: float64}
# - {name: c34, datatype: float64}
# - {name: c13, datatype: float64}
# - {name: c35, datatype: float64}
# - {name: c14, datatype: float64}
# - {name: c36, datatype: float64}
# - {name: c15, datatype: float64}
# - {name: c44, datatype: float64}
# - {name: c16, datatype: float64}
# - {name: c45, datatype: float64}
# - {name: c22, datatype: float64}
# - {name: c46, datatype: float64}
# - {name: c23, datatype: float64}
# - {name: c55, datatype: float64}
# - {name: c24, datatype: float64}
# - {name: c56, datatype: float64}
# - {name: c25, datatype: float64}
# - {name: c66, datatype: float64}
# - {name: c26, datatype: float64}
# - {name: c17, datatype: float64}
# - {name: c57, datatype: float64}
# - {name: c27, datatype: float64}
# - {name: c67, datatype: float64}
# - {name: c37, datatype: float64}
# - {name: c77, datatype: float64}
# - {name: c47, datatype: float64}
# - {name: c18, datatype: float64}
# - {name: c58, datatype: float64}
# - {name: c28, datatype: float64}
# - {name: c68, datatype: float64}
# - {name: c38, datatype: float64}
# - {name: c78, datatype: float64}
# - {name: c48, datatype: float64}
# - {name: c88, datatype: float64}
# delimiter: ','
# meta: !!omap
# - {triangulation_method: MPF}
# - {triangulation_frame: ECEF}
# - {triangulation_t0: '2014-11-25T15:21:15.386'}
# - {triangulation_radiant_inf_time: '2014-11-25T15:21:15.386'}
# - {triangulation_ra_eci_inf: -14.912314516409081}
# - {triangulation_ra_eci_inf_err: 0.009924294910999422}
# - {triangulation_dec_eci_inf: -46.66262794204589}
# - {triangulation_dec_eci_inf_err: 0.019575883493799705}
# - {triangulation_ra_ecef_inf: 50.77197771804219}
# - {triangulation_ra_ecef_inf_err: 0.009924294910999422}
# - {triangulation_dec_ecef_inf: -47.73611122655018}
# - {triangulation_dec_ecef_inf_err: 0.019575883493799705}
# - {triangulation_slope_inf: 27.236129905499393}
# - {triangulation_slope_inf_err: 0.009663974678187597}
# - {triangulation_azimuth_inf: -131.34358954663372}
# - {triangulation_azimuth_inf_err: 0.020566040724091506}
# - {triangulation_radiant_end_time: '2014-11-25T15:21:24.626'}
# - {triangulation_ra_eci_end: -14.912121963642493}
# - {triangulation_ra_eci_end_err: 0.006060292783924241}
# - {triangulation_dec_eci_end: -46.66240107551812}
# - {triangulation_dec_eci_end_err: 0.011953641975078888}
# - {triangulation_ra_ecef_end: 50.771977718042194}
# - {triangulation_ra_ecef_end_err: 0.006060292783924241}
# - {triangulation_dec_ecef_end: -47.736111226550186}
# - {triangulation_dec_ecef_end_err: 0.011953641975078888}
# - {triangulation_slope_end: 27.231587683138226}
# - {triangulation_slope_end_err: 0.005901227556882568}
# - {triangulation_azimuth_end: -131.34568850489168}
# - {triangulation_azimuth_end_err: 0.012558560827622044}
# - {triangulation_file_0: 36_2014-11-25_152058_DSC_0594-G_DN141125_01_2018-04-26_163106_martin_nocomment.ecsv}
# - {triangulation_file_1: 38_2014-11-25_152058_DSC_0559-G_DN141125_01_2018-04-26_163331_martin_nocomment.ecsv}
# - {triangulation_file_2: 40_2014-11-25_152058_DSC_0617-G_DN141125_01_2018-04-26_163631_martin_nocomment.ecsv}
# - {telescope: multiple_telescopes_0}
# - {astropy_version: 3.0.1}
# - {numpy_version: 1.14.2}
# - {scipy_version: 1.0.1}
# - {event_codename: DN141125_01}
# schema: astropy-2.0
datetime,t_rel,no_cams,latitude,longitude,height,X_geo,Y_geo,Z_geo,X_eci,Y_eci,Z_eci,DX_DT_geo,DY_DT_geo,DZ_DT_geo,DX_DT_eci,DY_DT_eci,DZ_DT_eci,D_DT_geo,D_DT_eci,pos_err,D_DT_err,c11,c33,c12,c34,c13,c35,c14,c36,c15,c44,c16,c45,c22,c46,c23,c55,c24,c56,c25,c66,c26,c17,c57,c27,c67,c37,c77,c47,c18,c58,c28,c68,c38,c78,c48,c88
[from data line 133]
2014-11-25T15:21:22.026,6.64,3,-31.124136268087266,134.39202621808533,40061.9628495341,-3847031.249192211,3929552.801639942,-3298390.8562806346,1963007.4748067665,5135205.10034166,-3301013.045299929,-4824.402220520471,-5909.398318521702,8394.366411881254,-7744.928160583833,2064.4301423002034,8405.749415193684,11342.893490165116,11614.749556321527,670.1060736207822,122.3079037266061,78972.3844981502,250826.9791272711,97007.28010390777,-26240.5721654796,-140603.8415102492,-32085.723584392406,14725.816352977958,44952.92027062297,18010.505352814118,2752.7582809561336,-25247.913643243344,3365.951922437961,119242.78627803989,-4717.875970025082,-172820.36013220684,4116.381863576473,18098.741802865177,-5769.600824328344,22129.715245406012,8090.083169464144,-31023.026698962687,563.5039433890516,128.45993761518167,692.5487822407974,-180.01407054164693,-1004.575104025762,4.029797525909888,105.05450298867443,0.06029637981360887,0.014146598459460556,0.07407636034585957,-0.019914437170297946,-0.10702018851424995,0.0004137075025883377,0.011566794318460931,1.0558828956588908e-07
2014-11-25T15:21:22.086,6.7,3,-31.120522369367745,134.39674585148205,39759.38152899728,-3847319.5032861275,3929199.719914987,-3297889.2997408896,1962544.6318682746,5135328.480589509,-3300510.808517962,-4783.866518113427,-5859.74623714561,8323.83507489605,-7683.017123861704,2048.22419188451,8335.127094001975,11247.587971691466,11519.47560173374,679.501099901136,123.3859260013722,81244.87726027354,257816.32599688848,99794.37847508428,-26834.904015768534,-144590.5188236305,-32813.594423361195,15065.972797782488,45985.33827991268,18427.01401994968,2800.5850660137953,-25838.338487092744,3424.5523904478714,122660.54150969155,-4801.260856926529,-177709.0553482243,4188.169048887756,18515.64973693208,-5871.749355216576,22640.29409522696,8235.332620314543,-31746.80999361047,571.5557176631662,129.57704704347964,702.4028577844359,-181.62715553667547,-1018.4779049458714,4.02979752590943,105.96458553504912,0.06117078747570239,0.014269813828752666,0.07514658970439271,-0.02009139100375792,-0.10853348445084672,0.00041370750258831426,0.011667199651803453,1.0558828956588913e-07
2014-11-25T15:21:22.126,6.74,3,-31.11812995677641,134.39986994040126,39559.1270893828,-3847510.3057425204,3928966.006459218,-3297557.307162735,1962238.1426182648,5135410.1933845375,-3300178.36548291,-4756.164699403609,-5825.814348090528,8275.6344469433,-7640.707141641295,2037.1507141236216,8286.864271527622,11182.456839429564,11454.366333896593,686.4762576078359,124.45280211645041,82950.12672842231,263073.7112664325,101885.98641909465,-27338.003515830274,-147585.38773896874,-33429.90369055345,15352.906695234218,46861.42506821491,18778.45078894494,2848.3235968869612,-26337.619198299144,3483.0454084246408,125225.81426440515,-4884.501613875033,-181382.08593750375,4259.825731867986,18867.47786612435,-5973.722927856243,23071.289886696613,8380.350625881418,-32359.125975056104,577.5247419386255,130.6826353804269,709.7102358756401,-183.2235573634557,-1028.8127968980345,4.029797525908972,106.86528555797521,0.06181588177851195,0.01439168290822894,0.07593636804765737,-0.020266409118495806,-0.10965204590771702,0.00041370750258829084,0.011766508145096227,1.0558828956588918e-07
2014-11-25T15:21:22.146,6.76,3,-31.11693891078423,134.40142515027983,39459.44824941798,-3847605.2886851085,3928849.662088338,-3297392.0386825125,1962085.5444261741,5135450.879724416,-3300012.8727375213,-4742.106315770415,-5808.594268833917,8251.173131741623,-7619.235156066017,2031.5314717646688,8262.371420270763,11149.40347014022,11421.324177638502,690.9882126897324,125.50864701449487,84059.03798675833,266510.7434397298,103246.4594061961,-27745.694303124666,-149537.75429616516,-33929.53173661498,15584.216538108167,47573.86167400295,19061.871274396814,2895.967749428527,-26741.544095620455,3541.423272733407,126894.92864966276,-4967.585163032451,-183777.33519212314,4331.342255850056,19151.284628449477,-6075.505210458752,23419.096666059246,8525.110470130487,-32854.81663646725,581.374661832045,131.7768460631572,714.426280335996,-184.80341680985995,-1035.5151913716822,4.0297975259085135,107.75672476913086,0.06222765024228563,0.014512222106282956,0.07644077019507502,-0.020439510199683045,-0.11036878979179647,0.0004137075025882674,0.011864733643272087,1.0558828956588923e-07
2014-11-25T15:21:22.226,6.84,3,-31.11220996074715,134.40759935291192,39063.78944123046,-3847982.3664748115,3928387.7804386397,-3296735.930632673,1961479.5105510054,5135612.484314669,-3299355.873986025,-4684.4571753341215,-5737.979979646043,8150.864744084003,-7531.184205329511,2008.4920238666236,8161.93362442404,11013.861691101343,11285.829000744443,703.1036183674213,126.5980281730997,87089.52444712413,275813.54264473874,106962.79198842002,-28467.749808975073,-154849.19464427204,-34813.68792194091,15998.555104413324,48826.43978167646,19569.143851563407,2945.5437283019924,-27459.799586468227,3602.168364346426,131451.63106949753,-5054.04155781478,-190289.74966924527,4405.759389612863,19658.94909272575,-6181.420299794651,24040.728083987167,8675.757619402091,-33735.003473543664,591.762294282894,132.90576237877315,727.1376556172162,-186.433145928955,-1053.4334780995907,4.029797525908055,108.67645574686979,0.06335927083165593,0.014636810546517286,0.0778256802873283,-0.020618405120390402,-0.1123259110787452,0.000413707502588244,0.011966260855605515,1.0558828956588929e-07
2014-11-25T15:21:22.286,6.9,3,-31.108701267252705,134.4121797161704,38770.33756854244,-3848262.097671534,3928045.138389326,-3296249.203768952,1961029.6850663375,5135732.458101334,-3298868.486012391,-4639.694021848297,-5683.149703924895,8072.977724110211,-7462.813927725423,1990.6057144971564,8083.946128864773,10908.61680084034,11180.621084932136,712.7570794302086,127.67614344388718,89540.23268349942,283345.43952054135,109968.25669301175,-29096.22114819056,-159146.74229029933,-35583.405611537586,16358.326446658111,49918.64157042861,20009.69910966769,2995.020205918488,-28084.595011295485,3662.7924530947294,135136.9820738399,-5140.336833610393,-195559.40109236207,4480.029641098109,20099.885463409337,-6287.139933941385,24580.76012761236,8826.147757687459,-34500.88504857277,600.0316525374635,134.02300223754696,737.2587436302625,-188.04606304474805,-1067.7210850092385,4.029797525907597,109.58667063526526,0.0642576671016142,0.014760035354696568,0.07892534140338567,-0.020795346432337283,-0.11388141983963107,0.0004137075025882206,0.012066676414399647,1.0558828956588934e-07
2014-11-25T15:21:22.326,6.94,3,-31.10638080458779,134.4152086197679,38576.31621756847,-3848447.0756389224,3927818.559335698,-3295927.3456888404,1960732.091943539,5135811.843282917,-3298546.1905488693,-4609.10319230519,-5645.679072662993,8019.750273269567,-7416.089749955805,1978.3839141866192,8030.6500104777515,10836.693170632361,11108.723134640553,719.9045042185373,128.74310910081988,91373.83819326865,288993.6683168866,112217.14152782968,-29626.764868709677,-162365.54298472343,-36233.36019772118,16661.033519617715,50842.85369448106,20380.4754890717,3044.391027832402,-28611.550462892246,3723.2877912053427,137894.98868398275,-5226.457780534194,-199506.84845756777,4554.1432929996545,20471.035092878505,-6392.647610061148,25035.443221030608,8976.253820113554,-35147.09715819078,606.1458075176805,135.1287114708997,744.7442038401383,-189.64230926332593,-1078.312419561389,4.029797525907139,110.48749332639551,0.064918759582414,0.014881913183109302,0.07973474626543356,-0.020970352940795658,-0.11502811611650572,0.00041370750258819716,0.012165994385695494,1.0558828956588939e-07
2014-11-25T15:21:22.346,6.96,3,-31.10522628837653,134.41671552138303,38479.79883928723,-3848539.102714181,3927705.835599381,-3295767.2203605142,1960584.0084106,5135851.348421601,-3298385.847592944,-4593.578665851544,-5626.663118700696,7992.737897960447,-7392.377548132557,1972.181984947063,8003.602797445841,10800.192679587077,11072.23578755289,724.5025766169351,129.79904027954532,92559.61425635472,292664.8456367872,113671.80183289784,-30055.060191105662,-164452.04805809064,-36758.2545604906,16904.19337070897,51591.498736083464,20678.42855825937,3093.6504608559194,-29036.30871249678,3783.647127055275,139679.52363143608,-5312.3916780353375,-202066.47631211238,4628.091212972516,20769.356453251334,-6497.927392378689,25401.04855917231,9126.049183662597,-35668.303078667894,610.0684062377298,136.22303686305574,749.5494010510098,-191.22202106495246,-1085.1428914555247,4.02979752590668,111.37904892835083,0.06533853590354877,0.015002460682363012,0.08024896975037495,-0.021143443009671727,-0.11575891668041735,0.00041370750258817374,0.0122642288768548,1.0558828956588945e-07
2014-11-25T15:21:22.426,7.04,3,-31.100647243022145,134.4226916083861,38097.09234737593,-3848904.059394144,3927258.8010669514,-3295132.202806829,1959996.4882021197,5136008.110129365,-3297749.966547229,-4529.917321198806,-5548.684495474474,7881.968391426541,-7295.140410728054,1946.7528572436422,7892.690393970814,10650.515306343768,10922.613329899714,736.962492594969,130.88850783311028,95828.05834907493,302692.1283499123,117679.70292612824,-30819.02106596915,-170178.58359286643,-37693.77355403955,17342.594116323584,52917.419570953316,21215.197889371404,3144.893145924496,-29796.703998161884,3846.436760115782,144593.52879280256,-5401.788928980079,-209087.57200870485,4705.0171049523915,21306.499241862493,-6607.450997919003,26058.811231049734,9281.891231901285,-36600.107763191874,620.7460631188083,137.35206975914795,762.6167066698226,-192.85160013091283,-1103.574364092637,4.029797525906222,112.29889819547356,0.06650213453975604,0.015127057559192227,0.08167311594173128,-0.021322326738442674,-0.11777233003808854,0.0004137075025881503,0.01236576522886358,1.055882895658895e-07
2014-11-25T15:21:22.446,7.06,3,-31.09951243736082,134.42417249127814,38002.27273616857,-3848994.4948705267,3927148.0268761506,-3294974.846829716,1959850.835708666,5136046.979545641,-3297592.3965045973,-4513.603344135722,-5528.701545418002,7853.582387349174,-7270.222012552666,1940.2370807928964,7864.267782355659,10612.15869846384,10884.271027224848,741.6036144539098,131.9444786909711,97053.60987706113,306484.5180012875,119183.1035504943,-31257.818157094458,-172334.51552444554,-38231.54636783681,17591.791296350697,53684.527454875926,21520.555284938324,3194.9598797839517,-30232.080476749055,3907.7864726108546,146437.79309275464,-5489.148021927501,-211732.2799571633,4780.18032992887,21612.215767118978,-6714.479622401935,26433.485367589612,9434.205247319303,-37134.31882936468,624.7049847963659,138.44644153196964,767.4664645258321,-194.43125223500815,-1110.4689014716805,4.029797525905764,113.1905008576667,0.06692591360657359,0.015247608414884367,0.0821922490779596,-0.021495412354685606,-0.11851016110358208,0.0004137075025881269,0.012464003356142759,1.0558828956588955e-07
2014-11-25T15:21:22.526,7.14,3,-31.095014272541174,134.43004187437182,37626.52233071472,-3849352.924889282,3926708.9868348525,-3294351.1855401066,1959273.26939624,5136201.140271841,-3296967.886344628,-4446.704703486623,-5446.757566352235,7737.180048490138,-7168.038456976647,1913.5212986366823,7747.715258922428,10454.869956598179,10727.042034707041,754.2357546511391,133.03398599997985,100445.71597486132,316888.37298296805,123342.52895625847,-32043.195945078707,-178276.79213185204,-39193.31689882543,18042.48550981054,55047.94606479027,22072.395103283292,3247.0355591714633,-31014.012060935984,3971.5979960943378,151537.48463634416,-5580.0157200803,-219017.75815930805,4858.360185044782,22164.41964571724,-6825.807579919285,27109.70904761132,9592.645686826585,-38092.50491864431,635.5276541792338,139.5755214594447,780.7117373652768,-196.06077076610387,-1129.1569906020277,4.029797525905305,114.11039784538812,0.06810550165002233,0.015372208695248468,0.08363601395281743,-0.02167429156837042,-0.12055172291079445,0.0004137075025881035,0.012565543395303075,1.055882895658896e-07
2014-11-25T15:21:22.546,7.16,3,-31.09390020680419,134.4314954108642,37533.48382260368,-3849441.687831071,3926600.2613275293,-3294196.73974079,1959130.171604448,5136239.341769585,-3296813.2302434817,-4429.561130804421,-5425.758446678765,7707.350564105313,-7141.852485315874,1906.6758438758552,7717.8473068582825,10414.562844942355,10686.7505233168,758.9199190230888,134.08999444084697,101711.92760169579,320804.70733708324,124895.75464285882,-32492.622763670046,-180503.7053652661,-39744.125587627495,18297.791911934735,55833.74801180088,22385.24522619088,3297.909270574383,-31460.136455414682,4033.937734522551,153442.80855123256,-5668.799953781258,-221749.45247173222,4934.73832688366,22477.6196005675,-6934.58503821496,27493.56057966724,9747.47901168833,-38639.88043689239,639.522884834229,140.66993186017936,785.6060422440651,-197.64037315112844,-1136.1156110538618,4.029797525904847,115.00203970208699,0.06853328238179476,0.015492762346326199,0.08416005575984102,-0.021847373476239346,-0.12129658578525403,0.00041370750258808007,0.01266378455096781,1.0558828956588966e-07
2014-11-25T15:21:22.626,7.24,3,-31.089487143615106,134.4372526456763,37165.031243129655,-3849793.2592959395,3926169.6223118817,-3293585.0122020883,1958563.0964630193,5136390.758115845,-3296200.6692444575,-4359.260571727166,-5339.6474661649045,7585.02895307867,-7034.470998785924,1878.6079779174179,7595.367869008798,10249.275682416688,10521.528559721084,771.724258666543,135.17953941930057,105230.80604485267,331594.66579025687,129210.51691731701,-33299.72136148403,-186667.16846913687,-40732.52099513184,18760.951090730956,57235.20683645562,22952.366139001806,3350.8176046117915,-32263.910040589384,4098.770779662786,158732.859579316,-5761.13804070687,-229305.98769111978,5014.171737246264,23045.095032319743,-7047.717338132267,28188.50383303936,9908.518535756179,-39624.82323394072,650.4905571738127,141.7990508609324,799.0292729885039,-199.26984138976047,-1155.060328516084,4.029797525904389,115.92197633585809,0.06972885908774429,0.015617365454305992,0.08562343863930985,-0.02202624893877699,-0.12336629692534525,0.00041370750258805665,0.012765327653391053,1.0558828956588971e-07
2014-11-25T15:21:22.646,7.26,3,-31.08839489949116,134.43867744059045,37073.861414331266,-3849880.2646516864,3926063.049667344,-3293433.624568439,1958422.683306285,5136428.257912784,-3296049.07526206,-4341.245216968884,-5317.5805027879,7553.682584768456,-7006.952986651566,1871.4160375772044,7563.98107917374,10206.91888029485,10479.18880013834,776.4514592208453,136.23558348114696,106538.57145524972,335637.70998290175,130814.66354355394,-33759.90562614533,-188966.6346895349,-41296.52276854319,19022.438357504892,58039.934653264914,23272.797126773996,3402.497908866874,-32720.912165982292,4162.100125351156,160700.5870880287,-5851.347345680203,-232126.59586742608,5091.764333638837,23365.866377588416,-7158.243616671559,28581.64104153392,10065.871963942853,-40185.5226773921,654.5220814167714,142.89349154967772,803.9681095240575,-200.8494047901417,-1162.0830518787725,4.0297975259039305,116.81364892454334,0.07016064029852308,0.01573792129723959,0.08615238800109305,-0.02219932793890763,-0.1241181930953962,0.00041370750258803323,0.012863571183573987,1.0558828956588976e-07
