outputs/MPF_triangulation/DN141125_01_triangulation_all_timesteps.ecsv
# %ECSV 0.9
# ---
# datatype:
# - {name: datetime, datatype: string}
# - {name: t_rel, unit: s, datatype: float64}
# - {name: no_cams, datatype: int64}
# - {name: latitude, unit: deg, datatype: float64}
# - {name: longitude, unit: deg, datatype: float64}
# - {name: height, unit: m, datatype: float64}
# - {name: X_geo, unit: m, datatype: float64}
# - {name: Y_geo, unit: m, datatype: float64}
# - {name: Z_geo, unit: m, datatype: float64}
# - {name: X_eci, unit: m, datatype: float64}
# - {name: Y_eci, unit: m, datatype: float64}
# - {name: Z_eci, unit: m, datatype: float64}
# - {name: DX_DT_geo, unit: m / s, datatype: float64}
# - {name: DY_DT_geo, unit: m / s, datatype: float64}
# - {name: DZ_DT_geo, unit: m / s, datatype: float64}
# - {name: DX_DT_eci, unit: m / s, datatype: float64}
# - {name: DY_DT_eci, unit: m / s, datatype: float64}
# - {name: DZ_DT_eci, unit: m / s, datatype: float64}
# - {name: D_DT_geo, unit: m / s, datatype: float64}
# - {name: D_DT_eci, unit: m / s, datatype: float64}
# - {name: pos_err, unit: m, datatype: float64}
# - {name: D_DT_err, unit: m / s, datatype: float64}
# - {name: c11, datatype: float64}
# - {name: c33, datatype: float64}
# - {name: c12, datatype: float64}
# - {name: c34, datatype: float64}
# - {name: c13, datatype: float64}
# - {name: c35, datatype: float64}
# - {name: c14, datatype: float64}
# - {name: c36, datatype: float64}
# - {name: c15, datatype: float64}
# - {name: c44, datatype: float64}
# - {name: c16, datatype: float64}
# - {name: c45, datatype: float64}
# - {name: c22, datatype: float64}
# - {name: c46, datatype: float64}
# - {name: c23, datatype: float64}
# - {name: c55, datatype: float64}
# - {name: c24, datatype: float64}
# - {name: c56, datatype: float64}
# - {name: c25, datatype: float64}
# - {name: c66, datatype: float64}
# - {name: c26, datatype: float64}
# - {name: c17, datatype: float64}
# - {name: c57, datatype: float64}
# - {name: c27, datatype: float64}
# - {name: c67, datatype: float64}
# - {name: c37, datatype: float64}
# - {name: c77, datatype: float64}
# - {name: c47, datatype: float64}
# - {name: c18, datatype: float64}
# - {name: c58, datatype: float64}
# - {name: c28, datatype: float64}
# - {name: c68, datatype: float64}
# - {name: c38, datatype: float64}
# - {name: c78, datatype: float64}
# - {name: c48, datatype: float64}
# - {name: c88, datatype: float64}
# delimiter: ','
# meta: !!omap
# - {triangulation_method: MPF}
# - {triangulation_frame: ECEF}
# - {triangulation_t0: '2014-11-25T15:21:15.386'}
# - {triangulation_radiant_inf_time: '2014-11-25T15:21:15.386'}
# - {triangulation_ra_eci_inf: -14.912314516409081}
# - {triangulation_ra_eci_inf_err: 0.009924294910999422}
# - {triangulation_dec_eci_inf: -46.66262794204589}
# - {triangulation_dec_eci_inf_err: 0.019575883493799705}
# - {triangulation_ra_ecef_inf: 50.77197771804219}
# - {triangulation_ra_ecef_inf_err: 0.009924294910999422}
# - {triangulation_dec_ecef_inf: -47.73611122655018}
# - {triangulation_dec_ecef_inf_err: 0.019575883493799705}
# - {triangulation_slope_inf: 27.236129905499393}
# - {triangulation_slope_inf_err: 0.009663974678187597}
# - {triangulation_azimuth_inf: -131.34358954663372}
# - {triangulation_azimuth_inf_err: 0.020566040724091506}
# - {triangulation_radiant_end_time: '2014-11-25T15:21:24.626'}
# - {triangulation_ra_eci_end: -14.912121963642493}
# - {triangulation_ra_eci_end_err: 0.006060292783924241}
# - {triangulation_dec_eci_end: -46.66240107551812}
# - {triangulation_dec_eci_end_err: 0.011953641975078888}
# - {triangulation_ra_ecef_end: 50.771977718042194}
# - {triangulation_ra_ecef_end_err: 0.006060292783924241}
# - {triangulation_dec_ecef_end: -47.736111226550186}
# - {triangulation_dec_ecef_end_err: 0.011953641975078888}
# - {triangulation_slope_end: 27.231587683138226}
# - {triangulation_slope_end_err: 0.005901227556882568}
# - {triangulation_azimuth_end: -131.34568850489168}
# - {triangulation_azimuth_end_err: 0.012558560827622044}
# - {triangulation_file_0: 36_2014-11-25_152058_DSC_0594-G_DN141125_01_2018-04-26_163106_martin_nocomment.ecsv}
# - {triangulation_file_1: 38_2014-11-25_152058_DSC_0559-G_DN141125_01_2018-04-26_163331_martin_nocomment.ecsv}
# - {triangulation_file_2: 40_2014-11-25_152058_DSC_0617-G_DN141125_01_2018-04-26_163631_martin_nocomment.ecsv}
# - {telescope: multiple_telescopes_0}
# - {astropy_version: 3.0.1}
# - {numpy_version: 1.14.2}
# - {scipy_version: 1.0.1}
# - {event_codename: DN141125_01}
# schema: astropy-2.0
datetime,t_rel,no_cams,latitude,longitude,height,X_geo,Y_geo,Z_geo,X_eci,Y_eci,Z_eci,DX_DT_geo,DY_DT_geo,DZ_DT_geo,DX_DT_eci,DY_DT_eci,DZ_DT_eci,D_DT_geo,D_DT_eci,pos_err,D_DT_err,c11,c33,c12,c34,c13,c35,c14,c36,c15,c44,c16,c45,c22,c46,c23,c55,c24,c56,c25,c66,c26,c17,c57,c27,c67,c37,c77,c47,c18,c58,c28,c68,c38,c78,c48,c88
[from data line 15]
2014-11-25T15:21:16.126,0.74,1,-31.544563719806366,133.83889372837737,75959.75324225347,-3813210.521769854,3970979.726806082,-3357238.26686594,2016880.3381968683,5120869.322716485,-3359939.632706297,-6094.384725153174,-7464.996739711972,10604.11136955095,-9683.051727725891,2578.0467756595463,10618.342865882441,14328.812911051999,14599.89798446347,91.23149492338463,8.189819858863734,962.6949372637637,5813.8302907661255,1139.4024479700454,55.252059350689166,-2034.0273356925402,103.0264289542116,-48.11656138287025,-491.8946131225024,-53.34494357011508,7.240060393458105,152.95993593985818,6.510216834290307,1546.6604379256676,-5.8391743053897756,-2713.516552809289,10.540885874902322,-45.77693497338138,-10.888853557755686,-80.12112315642585,49.29220305227836,210.46764861111623,56.118629162846105,-2.1066889656964354,72.58194148696874,10.098279946609846,-140.94342562208456,4.029797525963968,-1.1995858297694941,0.005916413757254637,-0.00027224181703643167,0.0076153721545045286,0.000908438768558469,-0.013862589494122843,0.0004137075025911011,-0.00017156101050019734,1.0558828956588283e-07
2014-11-25T15:21:16.146,0.76,1,-31.54306139804784,133.84088479765094,75828.98535325717,-3813332.4023074126,3970830.43563781,-3357026.1970914924,2016686.6895973852,5120920.8799032,-3359727.2783288322,-6093.667845504595,-7464.118635607824,10602.86401284885,-9681.963974914514,2577.7331214156,10617.093917439692,14327.127419435126,14598.21282584003,92.95868609499747,7.636769467246102,1009.0116877320241,6012.495728888638,1197.7131504034405,25.012974466926995,-2131.9417090870625,66.11717385468842,-35.77502928747394,-441.5063379158354,-38.53172814690882,6.8428065412587875,134.16935238038175,5.9322077787028,1619.8099038876142,-3.594356266689786,-2835.8906932758127,9.631216578361197,-29.987762846017258,-7.851219822017608,-60.879998336906795,41.846224776242344,185.87583362057202,57.78221428630257,-1.024717718774855,74.61752373798048,8.50266694231545,-143.81114387014694,4.0297975259635095,-0.32056544192899555,0.006087486319019764,-0.00015258835316770943,0.007824710093875637,0.0007341626858054442,-0.014158205324968625,0.00041370750259107767,-7.429505784238325e-05,1.0558828956588288e-07
2014-11-25T15:21:16.226,0.84,1,-31.537052980730813,133.8488468653696,75306.1707561979,-3813819.7789245145,3970233.4492279007,-3356178.171218539,2015912.3159375014,5121127.045071168,-3358878.1143487776,-6090.728140868901,-7460.517798688128,10597.748983726744,-9677.50253816531,2576.4497398631647,10611.972324297763,14320.21573275333,14591.302383608485,94.4284939365234,7.186063458654862,1054.5614686699132,6171.111647474028,1256.260011635958,-7.612502016084738,-2226.9481528019073,26.08656633386107,-21.877567538325096,-384.93905652095685,-21.964407567017854,6.837551751494738,113.22969905209845,5.832907203826582,1691.0673509760923,-2.008926467477381,-2951.4101413786175,9.304950385347487,-12.422823666974546,-5.61703648774856,-39.328014622335374,35.49700589497245,158.41550277695052,59.49808961219928,0.09169685058079859,76.67956935862942,6.85684664161687,-146.29738516366413,4.029797525963051,0.5864805575950991,0.006262008636248735,-2.8904629801650013e-05,0.008034611365615351,0.000554067581384182,-0.014423852462299236,0.00041370750259105425,2.6252044408553727e-05,1.0558828956588293e-07
2014-11-25T15:21:16.246,0.86,1,-31.535551102985732,133.8508368179916,75175.53211356986,-3813941.585966444,3970084.2480842434,-3355966.229325063,2015718.7788476115,5121178.57017866,-3358665.888010387,-6089.974806576945,-7459.595041381692,10596.438196651317,-9676.359076704364,2576.121581323445,10610.659850535914,14318.444530800098,14589.531515674318,96.21393371183002,6.887508146615731,1104.7948522250522,6382.19380224034,1319.3815483888789,-40.3384752274835,-2331.821287579004,-13.866724073463898,-8.0468779782715,-330.2331510532648,-5.321974009060748,7.225100402392729,91.8133358011718,6.219109422289721,1770.1323858390294,-1.1801061380768378,-3082.340681137413,9.582821231861962,5.185284941866154,-4.323108442614063,-17.860238464339755,30.629846835443374,130.62753791866191,61.19810962580797,1.1740169197438897,78.75982258089314,5.261682611471248,-149.22902691296972,4.029797525962593,1.4658548801864582,0.00643709259279361,9.07740773708418e-05,0.008248866941318555,0.0003798249860057281,-0.014726488203940635,0.00041370750259103083,0.00012354534398175925,1.0558828956588299e-07
2014-11-25T15:21:16.326,0.94,1,-31.529544554661367,133.8587942976633,74653.24228537966,-3814428.6612004023,3969487.6308377995,-3355118.7278529424,2014944.8476242125,5121384.60999008,-3357817.2490877192,-6086.885612575303,-7455.811095308281,10591.063058928166,-9671.66926653497,2574.7786726560444,10605.277808170766,14311.18137218906,14582.269679404533,97.86776362015395,6.741840224745481,1157.8675261912708,6567.348971966859,1387.1830239221556,-75.47414625919916,-2440.7170067390384,-56.936372294395134,7.459203889055328,-269.7195464273113,13.210389876228186,8.030025426541327,68.21982049502503,7.115168505359368,1852.8826578522012,-1.0558002714536157,-3215.1000896050155,10.482365923013369,24.704612068006913,-3.88807287809023,6.060823523600581,26.940018266441495,99.97085454567944,63.057627664918876,2.2907879007123246,80.99848552746234,3.616321053325268,-151.97362208960013,4.029797525962135,2.3732625150845243,0.0066274984754379675,0.0002144835932621054,0.008478289207322387,0.00019976409754948022,-0.015020413375011973,0.0004137075025910074,0.00022412038814007777,1.0558828956588304e-07
2014-11-25T15:21:16.346,0.96,1,-31.52804316786754,133.8607830723058,74522.73681934833,-3814550.391009315,3969338.524296673,-3354906.92034342,2014751.4278039888,5121436.101523683,-3357605.1573118432,-6086.0939698545735,-7454.8414141024205,10589.685615928734,-9670.467273610178,2574.4352624919266,10603.898619853426,14309.320101371857,14580.408778592482,99.71080018295022,6.767677901178358,1212.2956404012566,6791.668669353931,1455.4556395954303,-110.81544115949312,-2553.0271876482793,-100.09155636970169,22.851887935286424,-210.46619391710541,31.77137608939113,9.203219501423717,44.04853281024994,8.466562672896412,1938.279363369038,-1.643320382623944,-3355.171931980016,11.948818908902867,44.22091345053798,-4.338042554445245,29.864957606023957,24.649425763771315,68.8281440628263,64.79408450298698,3.373450741510151,83.1234116271045,2.021598209493699,-154.96918487942904,4.029797525961676,3.252984633137364,0.006806593976214337,0.0003341871058726322,0.008697462557366364,2.555440867889462e-05,-0.01533006884384531,0.000413707502590984,0.00032144056027407836,1.0558828956588309e-07
2014-11-25T15:21:16.426,1.04,2,-31.522038681041852,133.86873571245098,74000.98787196635,-3815037.1495342436,3968742.294986334,-3354059.9699388747,2013977.9924768899,5121641.998039565,-3356757.070182875,-6082.847684678874,-7450.865047439393,10584.037142605683,-9665.537447820418,2573.0298526762053,10598.242890655994,14301.687597840117,14572.777674394201,101.54977019359197,6.9649920094881335,1273.5672844734247,7005.258929298521,1533.338221186581,-148.7646923063912,-2676.953644538173,-146.57349739789208,40.13651551831594,-145.45843326163813,52.47738578881555,10.819183908571208,17.49711058188268,10.35898111764177,2033.5296125993953,-2.9804870392031124,-3506.561975438249,14.075236843444184,65.90315666372366,-5.702349762597227,56.411667195221284,23.616692940218158,34.60117557190958,66.7972893638798,4.490571951035239,85.53873536636264,0.3766874355549169,-157.97207798932538,4.029797525961218,4.1607476296912855,0.007012886832366558,0.0004579219668393364,0.008946408963173558,-0.00015447285739698333,-0.015652267875476286,0.0004137075025909606,0.0004220430615982918,1.0558828956588315e-07
2014-11-25T15:21:16.486,1.1,2,-31.517536486222692,133.87469753686798,73609.967484537,-3815402.0451505603,3968295.335250613,-3353425.0586347505,2013398.1641382577,5121796.351388509,-3356121.3067038604,-6080.327023304241,-7447.777495571212,10579.65124064068,-9661.708809921285,2571.941559214145,10593.851354160346,14295.761144739747,14566.852337611186,103.47307847520005,7.317040905177859,1337.0843579214124,7237.245061053133,1613.568890532999,-187.78076344441305,-2805.0867433010762,-194.30631001411143,57.99430043227689,-79.13246542830433,73.94366588526758,12.824209632314345,-10.327270844944849,12.730327256301678,2132.3485501603623,-5.034524456565428,-3664.15219576653,16.79341278100119,88.32885877460606,-7.952061052402139,83.83105185161672,23.9214651947305,-1.0997775947247674,68.77218579135716,5.596314470971379,87.9317323257536,-1.2510280744985995,-161.0809297470267,4.02979752596076,5.0592966681769465,0.007216812802963173,0.0005803147443487935,0.00919365931787116,-0.00033251792867224506,-0.01598216597696555,0.00041370750259093716,0.0005215572536772384,1.055882895658832e-07
2014-11-25T15:21:16.526,1.14,2,-31.514535611566295,133.8786707810364,73349.42856514076,-3815645.223893365,3967997.4662114773,-3353001.9323328016,2013011.7510506823,5121899.213035576,-3355697.6124776765,-6078.604420751861,-7445.66748397574,10576.653945567476,-9659.091953252442,2571.199238195084,10590.850206453353,14291.711047673954,14562.802991849272,105.43506712855529,7.798266389077078,1401.43008596931,7482.549428377468,1694.4157733097634,-227.81400199096825,-2934.8536979996525,-243.24054906807217,76.34331497091944,-11.436432795831317,96.07278214976117,15.206100759606633,-39.33804999221722,15.565589161060231,2232.5738660561815,-7.783006045245189,-3824.7315387398044,20.084807677389108,111.40347833458343,-11.059490674514581,112.01526276683683,25.522050238013502,-38.18509612922349,70.68227348306752,6.6907937670309146,90.25748443874757,-2.8617285113833195,-164.2296037794415,4.029797525960301,5.948724830066817,0.007414325550776062,0.000701379893205364,0.00943423691545783,-0.0005086025256208615,-0.016312522626311537,0.00041370750259091374,0.0006199948219616219,1.0558828956588325e-07
2014-11-25T15:21:16.586,1.2,2,-31.510035225376264,133.88462863304653,72958.83578313877,-3816009.8610875118,3967550.823016431,-3352367.470678247,2012432.330291621,5122053.449113304,-3355062.299251416,-6075.955579128746,-7442.422924438999,10572.045012453049,-9655.06745772832,2570.059943309054,10586.23537001945,14285.483223576803,14556.576350053505,107.50113478845402,8.395610308065102,1472.7377704805488,7740.537948361202,1784.216897659686,-269.9676953322023,-3077.057770911668,-294.7953168931882,96.12668995501056,60.10359442203288,119.89672036895234,18.0149058414228,-70.44369907630853,18.924294306264954,2343.218261963608,-11.28371560372064,-3999.705769410675,24.018533350891595,136.17612463229767,-15.08998828069937,142.29463124373345,28.45283325257459,-77.8651941555406,72.76513911159181,7.796873867357472,92.78317529306196,-4.489009516833436,-167.53188449887065,4.029797525959843,6.847616396691624,0.007630181984199876,0.0008237971004768274,0.009696143997626586,-0.0006866151887531477,-0.016663603170585642,0.0004137075025908903,0.0007195354796195,1.055882895658833e-07
2014-11-25T15:21:16.626,1.24,2,-31.50703561080526,133.8885991580259,72698.58647191724,-3816252.8632263923,3967253.1702990043,-3351944.6516637052,2012046.1855408733,5122156.23478189,-3354638.9127186676,-6074.145379080953,-7440.205614888581,10568.895299434647,-9652.316799607594,2569.2828028518707,10583.081604402978,14281.227171655868,14552.321119548938,109.56230529441105,9.07508649842343,1543.5993969062445,8006.994819966618,1873.064660162843,-313.0995815814327,-3218.476248060384,-347.5145492207561,116.34519903269225,133.07791974494882,144.31812195052777,21.1926389526262,-102.69551681643476,22.737138834453912,2453.3045245528688,-15.46403923996352,-4174.644708241834,28.51336596921346,161.5323999591667,-19.959843161616774,173.26640006511207,32.65119003202756,-118.89130797403776,74.74743721758868,8.891684414660935,95.19761761102066,-6.099283595460441,-170.80921821510088,4.029797525959385,7.737380664808045,0.007835666218242117,0.000944886221072441,0.009946509218313833,-0.0008626679851653548,-0.01700805959766486,0.0004137075025908669,0.0008179990172910073,1.0558828956588336e-07
2014-11-25T15:21:16.686,1.3,2,-31.502537198439946,133.89455282202664,72308.43508940878,-3816617.228857129,3966806.8597413055,-3351310.6625242233,2011467.1624263288,5122310.360256463,-3354004.072579357,-6071.361839008908,-7436.796063555711,10564.05199362828,-9648.086513188668,2568.0897764349356,10578.2320691864,14274.682651294668,14545.777812663244,111.77107990002493,9.832370472047097,1623.3160972283142,8292.760669662188,1973.1926390452168,-358.6361763847872,-3375.8047071148544,-403.19288101689807,138.1919964945415,210.2729249033614,170.66886644124824,24.806028035957755,-137.3281151179627,27.084137499655235,2576.6975351272545,-20.411743638283077,-4368.288446389138,33.663635079055965,188.82108629100296,-25.771306414895182,206.61369279294942,38.20584598456996,-162.85256344016537,76.93830068164924,9.99809619232112,97.85603060232773,-7.726137694245026,-174.30489155815746,4.0297975259589265,8.636608769986125,0.008063455326701007,0.0010673274309179466,0.010223075072306886,-0.0010406488068578491,-0.017380319874245164,0.0004137075025908435,0.0009175656777399496,1.0558828956588341e-07
2014-11-25T15:21:16.726,1.34,2,-31.49953895686424,133.89852048047885,72048.48481052465,-3816860.0454114527,3966509.4343459425,-3350888.1664232155,2011081.2996839897,5122413.066347169,-3353581.009381034,-6069.459586972593,-7434.465999752781,10560.742111932956,-9645.195164413424,2567.276016843505,10574.917941462714,14270.210171336923,14541.306178433697,113.93095573254044,10.636877006966465,1701.1664679393475,8581.744805922599,2070.619769829005,-405.0537038325542,-3529.683973369368,-459.92696028194996,160.3854422546065,288.86056750862787,197.51191176771334,28.78039074227708,-173.00832125214836,31.8754791464986,2697.3514002681422,-26.024224529769157,-4558.575472911904,39.36287794859414,216.588327588185,-32.40376150567435,240.53197380002865,44.99988377046062,-208.0496807511588,78.99282421794088,11.093232186829656,100.35917794151844,-9.335992885032633,-177.7108658909703,4.029797525958468,9.526703255245238,0.008276912206680033,0.0011884401032296894,0.0104832289884265,-0.0012166703599254438,-0.01773887465717254,0.00041370750259082006,0.001016054729776089,1.0558828956588346e-07
2014-11-25T15:21:16.746,1.36,2,-31.498040053161226,133.90050386519852,71918.55545479352,-3816981.424965423,3966360.756831227,-3350676.9683505087,2010888.411998022,5122464.407174483,-3353369.52781142,-6068.49421393432,-7433.283516711702,10559.06238154627,-9643.72778867581,2566.8633947717026,10573.236050390638,14267.940434476091,14539.036898184733,115.9964087598012,11.475646630180462,1775.2533783105016,8867.528944955076,2163.020362580781,-452.10006779100826,-3676.6987702319475,-517.4179582780978,182.73218710901727,368.52307493297525,224.61291560881745,33.10397023795803,-209.4481940744725,37.09669262507301,2812.3845219053055,-32.279892670445236,-4741.27452618626,45.593229105792254,244.60259521173683,-39.830564346567044,274.7446112745436,52.993266237021906,-254.14482227958294,80.8750345140186,12.17720740581266,102.66279879192157,-10.92902654794963,-180.9620694279025,4.02979752595801,10.407756986353231,0.008472053824388188,0.0013082385890304852,0.010722072942576825,-0.0013907540588386801,-0.01807660480867773,0.00041370750259079665,0.0011134777895455918,1.0558828956588352e-07
