outputs/MPF_triangulation/DN141125_01_triangulation_all_timesteps.ecsv
# %ECSV 0.9
# ---
# datatype:
# - {name: datetime, datatype: string}
# - {name: t_rel, unit: s, datatype: float64}
# - {name: no_cams, datatype: int64}
# - {name: latitude, unit: deg, datatype: float64}
# - {name: longitude, unit: deg, datatype: float64}
# - {name: height, unit: m, datatype: float64}
# - {name: X_geo, unit: m, datatype: float64}
# - {name: Y_geo, unit: m, datatype: float64}
# - {name: Z_geo, unit: m, datatype: float64}
# - {name: X_eci, unit: m, datatype: float64}
# - {name: Y_eci, unit: m, datatype: float64}
# - {name: Z_eci, unit: m, datatype: float64}
# - {name: DX_DT_geo, unit: m / s, datatype: float64}
# - {name: DY_DT_geo, unit: m / s, datatype: float64}
# - {name: DZ_DT_geo, unit: m / s, datatype: float64}
# - {name: DX_DT_eci, unit: m / s, datatype: float64}
# - {name: DY_DT_eci, unit: m / s, datatype: float64}
# - {name: DZ_DT_eci, unit: m / s, datatype: float64}
# - {name: D_DT_geo, unit: m / s, datatype: float64}
# - {name: D_DT_eci, unit: m / s, datatype: float64}
# - {name: pos_err, unit: m, datatype: float64}
# - {name: D_DT_err, unit: m / s, datatype: float64}
# - {name: c11, datatype: float64}
# - {name: c33, datatype: float64}
# - {name: c12, datatype: float64}
# - {name: c34, datatype: float64}
# - {name: c13, datatype: float64}
# - {name: c35, datatype: float64}
# - {name: c14, datatype: float64}
# - {name: c36, datatype: float64}
# - {name: c15, datatype: float64}
# - {name: c44, datatype: float64}
# - {name: c16, datatype: float64}
# - {name: c45, datatype: float64}
# - {name: c22, datatype: float64}
# - {name: c46, datatype: float64}
# - {name: c23, datatype: float64}
# - {name: c55, datatype: float64}
# - {name: c24, datatype: float64}
# - {name: c56, datatype: float64}
# - {name: c25, datatype: float64}
# - {name: c66, datatype: float64}
# - {name: c26, datatype: float64}
# - {name: c17, datatype: float64}
# - {name: c57, datatype: float64}
# - {name: c27, datatype: float64}
# - {name: c67, datatype: float64}
# - {name: c37, datatype: float64}
# - {name: c77, datatype: float64}
# - {name: c47, datatype: float64}
# - {name: c18, datatype: float64}
# - {name: c58, datatype: float64}
# - {name: c28, datatype: float64}
# - {name: c68, datatype: float64}
# - {name: c38, datatype: float64}
# - {name: c78, datatype: float64}
# - {name: c48, datatype: float64}
# - {name: c88, datatype: float64}
# delimiter: ','
# meta: !!omap
# - {triangulation_method: MPF}
# - {triangulation_frame: ECEF}
# - {triangulation_t0: '2014-11-25T15:21:15.386'}
# - {triangulation_radiant_inf_time: '2014-11-25T15:21:15.386'}
# - {triangulation_ra_eci_inf: -14.912314516409081}
# - {triangulation_ra_eci_inf_err: 0.009924294910999422}
# - {triangulation_dec_eci_inf: -46.66262794204589}
# - {triangulation_dec_eci_inf_err: 0.019575883493799705}
# - {triangulation_ra_ecef_inf: 50.77197771804219}
# - {triangulation_ra_ecef_inf_err: 0.009924294910999422}
# - {triangulation_dec_ecef_inf: -47.73611122655018}
# - {triangulation_dec_ecef_inf_err: 0.019575883493799705}
# - {triangulation_slope_inf: 27.236129905499393}
# - {triangulation_slope_inf_err: 0.009663974678187597}
# - {triangulation_azimuth_inf: -131.34358954663372}
# - {triangulation_azimuth_inf_err: 0.020566040724091506}
# - {triangulation_radiant_end_time: '2014-11-25T15:21:24.626'}
# - {triangulation_ra_eci_end: -14.912121963642493}
# - {triangulation_ra_eci_end_err: 0.006060292783924241}
# - {triangulation_dec_eci_end: -46.66240107551812}
# - {triangulation_dec_eci_end_err: 0.011953641975078888}
# - {triangulation_ra_ecef_end: 50.771977718042194}
# - {triangulation_ra_ecef_end_err: 0.006060292783924241}
# - {triangulation_dec_ecef_end: -47.736111226550186}
# - {triangulation_dec_ecef_end_err: 0.011953641975078888}
# - {triangulation_slope_end: 27.231587683138226}
# - {triangulation_slope_end_err: 0.005901227556882568}
# - {triangulation_azimuth_end: -131.34568850489168}
# - {triangulation_azimuth_end_err: 0.012558560827622044}
# - {triangulation_file_0: 36_2014-11-25_152058_DSC_0594-G_DN141125_01_2018-04-26_163106_martin_nocomment.ecsv}
# - {triangulation_file_1: 38_2014-11-25_152058_DSC_0559-G_DN141125_01_2018-04-26_163331_martin_nocomment.ecsv}
# - {triangulation_file_2: 40_2014-11-25_152058_DSC_0617-G_DN141125_01_2018-04-26_163631_martin_nocomment.ecsv}
# - {telescope: multiple_telescopes_0}
# - {astropy_version: 3.0.1}
# - {numpy_version: 1.14.2}
# - {scipy_version: 1.0.1}
# - {event_codename: DN141125_01}
# schema: astropy-2.0
datetime,t_rel,no_cams,latitude,longitude,height,X_geo,Y_geo,Z_geo,X_eci,Y_eci,Z_eci,DX_DT_geo,DY_DT_geo,DZ_DT_geo,DX_DT_eci,DY_DT_eci,DZ_DT_eci,D_DT_geo,D_DT_eci,pos_err,D_DT_err,c11,c33,c12,c34,c13,c35,c14,c36,c15,c44,c16,c45,c22,c46,c23,c55,c24,c56,c25,c66,c26,c17,c57,c27,c67,c37,c77,c47,c18,c58,c28,c68,c38,c78,c48,c88
[from data line 30]
2014-11-25T15:21:16.886,1.5,2,-31.487552007182547,133.91437896381578,71009.9235740373,-3817830.5275749215,3965320.693150077,-3349199.546257654,2009539.0256507334,5122823.562105353,-3351890.122521704,-6061.461679475199,-7424.669382688856,10546.825907812186,-9633.035772618372,2563.865869292058,10560.983855276834,14251.405890777301,14522.505513295007,121.07396284497602,13.295976086088162,1975.2759564998778,9563.048511883677,2413.5302902889603,-557.3490978880823,-4064.3358212098183,-646.0779762622866,235.20456482270143,546.7513818575602,287.9952533213234,43.19703578882482,-293.26621574362736,49.31018576558364,3120.58001060308,-47.3085627635254,-5217.698640819132,60.223274070925434,309.8339589184782,-57.76760052200024,354.44622177501196,73.36267022207805,-359.7853922845425,85.86031904884202,14.402727276546385,108.70908088572281,-14.198234074151324,-188.8799057085622,4.029797525957093,12.21676409239978,0.008993583990803359,0.0015545584451265215,0.011355030260094894,-0.0017485714032840184,-0.01892646331694522,0.0004137075025907498,0.0013138027187294605,1.0558828956588362e-07
2014-11-25T15:21:16.926,1.54,2,-31.484556873726806,133.9183404168748,70750.6015515439,-3818072.9441682827,3965023.7576659047,-3348777.746080973,2009153.7709840192,5122926.0977084,-3351467.7561349617,-6059.361042387051,-7422.096317527805,10543.170839969525,-9629.841352637624,2562.9731062687933,10557.324084585067,14246.466977796334,14517.567545817952,123.4296484702363,14.22826809075266,2068.639215832994,9901.574063222637,2529.9949258493457,-610.9134041806797,-4245.770150029933,-711.5490507080737,261.67240907508994,637.5955206740915,320.079703309524,48.76703953846879,-336.37938835630007,56.06129119862452,3264.6648424304776,-55.78642708727564,-5441.8996354630335,68.33430134708499,342.8211362840524,-67.92595254005434,394.7467010495197,85.34227197677657,-414.03247644478756,88.0593453170971,15.498497064809776,111.38969124526953,-15.80727349984991,-192.54311924688267,4.029797525956635,13.107501660585001,0.00922299052883883,0.001675716983345521,0.011634765885808333,-0.0019245321113525687,-0.0193132123352967,0.0004137075025907264,0.0014123414588349237,1.0558828956588368e-07
2014-11-25T15:21:16.986,1.6,2,-31.480065460701162,133.92428011087708,70361.86424336235,-3818436.4094071435,3964578.5499959826,-3348145.3236059146,2008576.1317968008,5123079.833365301,-3350834.4846961466,-6056.130898006705,-7418.1397216849855,10537.550451317731,-9624.928776457673,2561.6023221835494,10551.696482659783,14238.872423696288,14509.974468312272,126.06490239842975,15.188663607668026,2177.630889845823,10282.378000742408,2666.0557598038117,-668.0857042832564,-4455.388093628488,-781.4261997142949,290.5455682543123,734.4239806423692,355.03683019406515,54.79892124370544,-383.08130401411637,63.378677263913595,3432.3507261373875,-65.0771260369775,-5699.996331420243,77.14007654089853,378.68367229939014,-79.08153128027084,438.5588631088458,98.75650440229508,-472.66673382153186,90.5743807403649,16.60586927780053,114.44644931122885,-17.432891408424993,-196.61877972570613,4.029797525956177,14.00770427767273,0.009486591987147177,0.0017982276972479607,0.011955321711258796,-0.0021024207300412894,-0.019748998571080017,0.00041370750259070297,0.0015119834153501618,1.0558828956588373e-07
2014-11-25T15:21:17.026,1.64,2,-31.47707207482327,133.92823820893597,70102.87246552095,-3818678.610639886,3964281.8783064983,-3347723.8981525386,2008191.204669749,5123182.277555211,-3350412.493510885,-6053.923439674484,-7415.435811446914,10533.709516579576,-9621.571151970653,2560.667068151757,10547.850599471014,14233.682357942678,14504.78540120852,128.51751560771822,16.154006543517607,2279.5203849323093,10647.929134802633,2792.9811368251617,-725.4971214611132,-4651.9214474004675,-851.6021119825236,319.30514736629374,831.885294628251,389.93152803557933,61.16781326023303,-430.18485893080043,71.11089959524016,3589.302298245151,-74.98804396427974,-5942.769293053834,86.45830138110307,414.47032130467375,-91.00297846791433,482.28330336258057,113.32581276667362,-531.7752891534357,92.84567573725693,17.7019475933669,117.21580738141044,-19.041533724147882,-200.41057893634243,4.029797525955718,14.898754895098095,0.009723974516424354,0.0019194085627366863,0.012244849122240841,-0.002278351819097625,-0.020149841846512948,0.00041370750259067955,0.0016105463433351375,1.0558828956588378e-07
2014-11-25T15:21:17.086,1.7,2,-31.472583385346464,133.93417273726183,69714.63902670503,-3819041.7447192636,3963837.076273007,-3347092.0518885665,2007614.0541437846,5123335.878785854,-3349779.7990228375,-6050.529036535118,-7411.2780154574275,10527.803320868887,-9616.407619867474,2559.230915615335,10541.93683613604,14225.701606854234,14496.8062223363,131.29397427295766,17.14198257076475,2399.6901165554477,11064.543006937862,2942.7568038920554,-787.0343788975877,-4881.400848347889,-926.8100426861173,350.7941552935105,936.1295327741266,428.0932948795739,68.00732178332619,-481.39647149366306,79.42010844978766,3773.8745568947543,-85.72694526554626,-6225.320422934287,96.48437496593115,453.5265995964134,-103.94018961540665,529.9965099693716,129.35586970714508,-595.8985484667377,95.46881824320967,18.809628703669585,120.40539524169222,-20.66675404655952,-204.6794934550096,4.02979752595526,15.799270936888218,0.009999517090881515,0.00204194163068603,0.012580071510104379,-0.002456210783258412,-0.02060679747799131,0.00041370750259065613,0.0017102125167414365,1.0558828956588383e-07
2014-11-25T15:21:17.126,1.74,2,-31.46959188489369,133.93812730067455,69455.98896136702,-3819283.719639905,3963540.6817926546,-3346671.020213863,2007229.4712949248,5123438.227261693,-3349358.2021134365,-6048.209324902876,-7408.436606430477,10523.767067563116,-9612.878543668427,2558.250882772729,10537.895371933933,14220.247616749408,14491.353295822819,133.84287753587205,18.130071555642143,2510.6571641173555,11458.740997223153,3080.81765811189,-848.4802000112647,-5093.981254367626,-1001.9209043874646,381.95120865811145,1040.5422381078004,465.92793170125805,75.17582108726398,-532.6777130793464,88.13428080181224,3944.517705741935,-97.07119980397393,-6487.824222336167,107.01068416249049,492.2423923529774,-117.62488745644613,577.3042325663155,146.51298936294975,-660.0986693484749,97.8123958289791,19.906010064114685,123.26351465034914,-22.27500630885352,-208.59986079848724,4.029797525954802,16.690629040775935,0.010244876682873817,0.0021631444266968637,0.01287939169191472,-0.0026321127796265966,-0.0210217337030597,0.0004137075025906327,0.0018087992027955699,1.0558828956588389e-07
2014-11-25T15:21:17.146,1.76,2,-31.468096431075956,133.94010403447092,69326.71631588906,-3819404.672073573,3963392.527456538,-3346460.5653222087,2007037.2331418302,5123489.386681126,-3349147.464698015,-6047.032095480286,-7406.994621029513,10521.718711171512,-9611.08744441066,2557.754026034847,10535.844384062104,14217.47977374139,14488.586004402869,136.11818571825773,19.116487015711286,2609.6256965318735,11821.526372399283,3203.7385010533,-909.2918447824073,-5284.715473390386,-1076.2782514475257,412.42105556322724,1144.2800352067757,503.0022608234582,82.6618549562182,-583.4501170842216,97.23931629735102,4097.008414298948,-108.99981691774963,-6724.180267775607,118.01982979243984,530.1873317844263,-132.03117845201615,623.6851557106694,164.75839107320013,-723.6803353945714,99.84038517473587,20.991207662309918,125.7458554737691,-23.866466629782558,-212.10667263002904,4.0297975259543435,17.57292306688529,0.010456066394585475,0.0022830313727104723,0.01313790807534203,-0.002806079128591001,-0.021387536117408127,0.0004137075025906093,0.0019063180944729361,1.0558828956588394e-07
2014-11-25T15:21:17.226,1.84,2,-31.462116660833857,133.94800722707745,68809.98071343753,-3819888.2428198876,3962800.2028483194,-3345619.1615907024,2006268.6442011325,5123693.9237033045,-3348304.9313621665,-6042.204636927485,-7401.081479017158,10513.319026800666,-9603.741929403273,2555.7191816829145,10527.43389523821,14206.129694355452,14477.238134423666,139.44532151682165,20.141864705164366,2765.181170902163,12344.734593832607,3397.3649084065178,-980.5967728541347,-5577.725110984347,-1163.397808389901,450.01988950252445,1264.7572607543627,548.5668483924192,90.79434643716208,-644.5238847488613,107.13532551294632,4335.081928194994,-122.03930037266954,-7084.199668405036,129.99591916456566,576.6406312058352,-147.79542817039317,680.4211361245211,184.90444819941823,-799.8207680352671,102.99448301825326,22.110918738793295,129.57582116484872,-25.50804394843732,-217.1738903963343,4.029797525953885,18.483313888795138,0.010789558798218992,0.002406953655206558,0.013543139880960543,-0.0029858577641667106,-0.02193576457165761,0.0004137075025905859,0.0020071236358140594,1.0558828956588399e-07
2014-11-25T15:21:17.246,1.86,2,-31.460622244607894,133.9499820699461,68680.88681022583,-3820009.074562143,3962652.1963468157,-3345408.9166997676,2006076.5746996815,5123745.038172665,-3348094.4041803167,-6040.967543232198,-7399.566166016993,10511.16650773418,-9601.85940906126,2555.19841035828,10525.278616313357,14203.221101460085,14474.330139205023,141.77133103800867,21.14197897876186,2871.2872283111765,12729.511927237221,3529.038552624299,-1045.1826268300629,-5780.975817687722,-1242.3805020272914,482.70935359464363,1375.1047884267819,588.3660125032673,99.07282009554602,-699.2122697913514,117.21343658109713,4498.311148740239,-135.38696244215265,-7335.911817411539,142.20203334473553,617.2997013647456,-163.94711310017374,730.1283480663154,205.70842169812676,-868.1827082113298,105.0589235938669,23.196408433334792,132.10284905955527,-27.099128307916875,-220.7446050024073,4.029797525953427,19.3659042923667,0.011004761167684117,0.0025268617394272907,0.013806575066178719,-0.0031597960715117595,-0.022308585350533035,0.00041370750259056246,0.0021046654272193236,1.0558828956588405e-07
2014-11-25T15:21:17.326,1.94,2,-31.454646777794714,133.9578774994976,68164.87888926287,-3820492.150389812,3962060.4779632185,-3344568.374117118,2005308.7389044447,5123949.366822087,-3347252.733107214,-6035.8945995686,-7393.352329901067,10502.339684025754,-9594.138863966102,2553.065894642845,10516.440434247255,14191.29384974524,14462.405242922901,145.28311016730916,22.17949661416211,3042.8692887969037,13303.73693903909,3742.3225189267287,-1122.0361934169064,-6102.380582497679,-1336.2751643596418,523.622350030972,1504.9890771663836,637.9888087191939,108.02327781256308,-765.9806884011865,128.1138399909675,4760.5758720504955,-149.8906689815956,-7730.875823474877,155.41354427187846,667.8001717758307,-181.51222492472513,791.8068365491163,228.49324797318695,-951.2577857522405,108.35707043667797,24.31641795197026,136.1098324901079,-28.740321497423682,-226.06966126571254,4.029797525952969,20.27659793049374,0.01135416852846886,0.0026508056193603486,0.014231356842584902,-0.0033395460562697325,-0.02288505339770406,0.00041370750259053904,0.002205494365780708,1.055882895658841e-07
2014-11-25T15:21:17.386,2.0,2,-31.45016757487899,133.96379481649944,67778.26642877229,-3820854.1864814004,3961617.0208522473,-3343938.43833063,2004733.274194483,5124102.499567129,-3346621.951558793,-6031.955582366955,-7388.527437496985,10495.48587039623,-9588.143249815563,2551.41300133802,10509.577804725617,14182.032629280633,14453.145848429045,148.47989311410922,23.21112391197991,3201.38591406348,13841.886782020598,3939.132956847865,-1198.1718827496493,-6399.712283997011,-1429.3230919163395,563.8055621082727,1634.1687203480833,686.8031984732696,117.29008970239957,-832.2244364030909,139.40365151013944,5003.005963093221,-164.9761561377581,-8096.894202604479,169.10601492357378,717.4763153828687,-199.79563173170308,852.4995565044675,252.36016863131218,-1033.6949708405075,111.30471221762856,25.424993012476026,139.6980908688555,-30.36439120353738,-230.91818332303498,4.02979752595251,21.17802102467161,0.011665549278920606,0.0027734033800205105,0.014610593481798332,-0.0035173192000770444,-0.023405507663708698,0.0004137075025905156,0.0023052306229662837,1.0558828956588415e-07
2014-11-25T15:21:17.426,2.04,2,-31.44718263011541,133.96773760445154,67520.7162249205,-3821095.41104478,3961321.545482645,-3343518.712263027,2004349.8332476846,5124204.532410678,-3346201.6619487274,-6029.263685250702,-7385.230139393449,10490.802021557756,-9584.045536531601,2550.284814245999,10504.887926258612,14175.70357525892,14446.818051852768,151.31399302668885,24.23621379141825,3343.1797930201074,14332.641179361002,4114.999701217803,-1272.8738907457744,-6666.625813611468,-1520.6551490113293,602.8060525237753,1761.4904343427183,734.2560950834219,126.86173961039918,-897.19100498198,151.0686979939644,5220.10351329973,-180.62235696686645,-8426.161790872427,183.26196185241227,765.7779352788464,-218.77135356197692,911.5379205036426,277.2703574805209,-1114.5851977325592,113.86523367127177,26.522251299150515,142.82259280580033,-31.97151476144258,-235.224180607965,4.029797525952052,22.070268907437452,0.011934848198735599,0.002894669636764687,0.014939300075636847,-0.003693137010425774,-0.02386271850143477,0.0004137075025904922,0.002403886058154615,1.055882895658842e-07
2014-11-25T15:21:17.486,2.1,2,-31.442707066046445,133.97364856369833,67134.68365568935,-3821457.043302127,3960878.583027233,-3342889.4791402956,2003774.9681890295,5124357.501781852,-3345571.5839591636,-6025.124361808496,-7380.159892371932,10483.599678949719,-9577.743860535556,2548.5522617585957,10497.676334897988,14165.971404768123,14437.087813032747,154.6496214611669,25.275737706888282,3516.1158483139598,14916.120352229305,4329.492283766324,-1354.3579194212502,-6989.391810756588,-1620.2421677565642,646.1591382821533,1899.8424345381818,786.9547683994299,136.93895202622738,-968.9272467618872,163.3535431116088,5484.269217538952,-197.15712989262414,-8823.445915753699,198.17814992063924,819.3274422376782,-238.83698513000306,976.9667831901954,303.74581468054754,-1203.718945981275,116.92108354383804,27.631113717416287,146.54378049518274,-33.59521460522039,-240.26582857009484,4.029797525951594,22.971983571017645,0.012258177870081181,0.0030172881927138,0.015333210477836366,-0.0038708825675246115,-0.024404332605476083,0.0004137075025904688,0.0025036448435707763,1.0558828956588426e-07
2014-11-25T15:21:17.526,2.14,2,-31.439724632304205,133.97758700235548,66877.5271042198,-3821697.9918879797,3960583.44570182,-3342470.2332682447,2003391.9474236455,5124459.419099445,-3345151.7751463363,-6022.295576792614,-7376.694920619533,10478.6776478175,-9573.437045303173,2547.369626397267,10492.747958107386,14159.320506755259,14430.438267296015,157.5775351512484,26.30770112826529,3669.3916419024126,15442.63046981294,4519.437634124287,-1433.84420176731,-7276.496178448727,-1717.4302331554024,687.9807507927792,2035.4506616960773,837.8671443084565,147.31292231178085,-1038.8206712285482,176.00367959410977,5718.657472627573,-214.2377252523283,-9177.51156666514,213.54552511794543,871.0777345502328,-259.5765354039609,1040.226574348915,331.23669122440447,-1290.6209255959852,119.5539400718448,28.728653858231862,149.75709550082382,-35.201975384564335,-244.7003273734109,4.029797525951135,23.86451743895254,0.012535457907915718,0.0031385748464637007,0.015671713586118047,-0.004046673319519799,-0.024875631423103516,0.00041370750259044536,0.002602322375521675,1.0558828956588431e-07
