outputs/MPF_triangulation/DN141125_01_triangulation_all_timesteps.ecsv
# %ECSV 0.9
# ---
# datatype:
# - {name: datetime, datatype: string}
# - {name: t_rel, unit: s, datatype: float64}
# - {name: no_cams, datatype: int64}
# - {name: latitude, unit: deg, datatype: float64}
# - {name: longitude, unit: deg, datatype: float64}
# - {name: height, unit: m, datatype: float64}
# - {name: X_geo, unit: m, datatype: float64}
# - {name: Y_geo, unit: m, datatype: float64}
# - {name: Z_geo, unit: m, datatype: float64}
# - {name: X_eci, unit: m, datatype: float64}
# - {name: Y_eci, unit: m, datatype: float64}
# - {name: Z_eci, unit: m, datatype: float64}
# - {name: DX_DT_geo, unit: m / s, datatype: float64}
# - {name: DY_DT_geo, unit: m / s, datatype: float64}
# - {name: DZ_DT_geo, unit: m / s, datatype: float64}
# - {name: DX_DT_eci, unit: m / s, datatype: float64}
# - {name: DY_DT_eci, unit: m / s, datatype: float64}
# - {name: DZ_DT_eci, unit: m / s, datatype: float64}
# - {name: D_DT_geo, unit: m / s, datatype: float64}
# - {name: D_DT_eci, unit: m / s, datatype: float64}
# - {name: pos_err, unit: m, datatype: float64}
# - {name: D_DT_err, unit: m / s, datatype: float64}
# - {name: c11, datatype: float64}
# - {name: c33, datatype: float64}
# - {name: c12, datatype: float64}
# - {name: c34, datatype: float64}
# - {name: c13, datatype: float64}
# - {name: c35, datatype: float64}
# - {name: c14, datatype: float64}
# - {name: c36, datatype: float64}
# - {name: c15, datatype: float64}
# - {name: c44, datatype: float64}
# - {name: c16, datatype: float64}
# - {name: c45, datatype: float64}
# - {name: c22, datatype: float64}
# - {name: c46, datatype: float64}
# - {name: c23, datatype: float64}
# - {name: c55, datatype: float64}
# - {name: c24, datatype: float64}
# - {name: c56, datatype: float64}
# - {name: c25, datatype: float64}
# - {name: c66, datatype: float64}
# - {name: c26, datatype: float64}
# - {name: c17, datatype: float64}
# - {name: c57, datatype: float64}
# - {name: c27, datatype: float64}
# - {name: c67, datatype: float64}
# - {name: c37, datatype: float64}
# - {name: c77, datatype: float64}
# - {name: c47, datatype: float64}
# - {name: c18, datatype: float64}
# - {name: c58, datatype: float64}
# - {name: c28, datatype: float64}
# - {name: c68, datatype: float64}
# - {name: c38, datatype: float64}
# - {name: c78, datatype: float64}
# - {name: c48, datatype: float64}
# - {name: c88, datatype: float64}
# delimiter: ','
# meta: !!omap
# - {triangulation_method: MPF}
# - {triangulation_frame: ECEF}
# - {triangulation_t0: '2014-11-25T15:21:15.386'}
# - {triangulation_radiant_inf_time: '2014-11-25T15:21:15.386'}
# - {triangulation_ra_eci_inf: -14.912314516409081}
# - {triangulation_ra_eci_inf_err: 0.009924294910999422}
# - {triangulation_dec_eci_inf: -46.66262794204589}
# - {triangulation_dec_eci_inf_err: 0.019575883493799705}
# - {triangulation_ra_ecef_inf: 50.77197771804219}
# - {triangulation_ra_ecef_inf_err: 0.009924294910999422}
# - {triangulation_dec_ecef_inf: -47.73611122655018}
# - {triangulation_dec_ecef_inf_err: 0.019575883493799705}
# - {triangulation_slope_inf: 27.236129905499393}
# - {triangulation_slope_inf_err: 0.009663974678187597}
# - {triangulation_azimuth_inf: -131.34358954663372}
# - {triangulation_azimuth_inf_err: 0.020566040724091506}
# - {triangulation_radiant_end_time: '2014-11-25T15:21:24.626'}
# - {triangulation_ra_eci_end: -14.912121963642493}
# - {triangulation_ra_eci_end_err: 0.006060292783924241}
# - {triangulation_dec_eci_end: -46.66240107551812}
# - {triangulation_dec_eci_end_err: 0.011953641975078888}
# - {triangulation_ra_ecef_end: 50.771977718042194}
# - {triangulation_ra_ecef_end_err: 0.006060292783924241}
# - {triangulation_dec_ecef_end: -47.736111226550186}
# - {triangulation_dec_ecef_end_err: 0.011953641975078888}
# - {triangulation_slope_end: 27.231587683138226}
# - {triangulation_slope_end_err: 0.005901227556882568}
# - {triangulation_azimuth_end: -131.34568850489168}
# - {triangulation_azimuth_end_err: 0.012558560827622044}
# - {triangulation_file_0: 36_2014-11-25_152058_DSC_0594-G_DN141125_01_2018-04-26_163106_martin_nocomment.ecsv}
# - {triangulation_file_1: 38_2014-11-25_152058_DSC_0559-G_DN141125_01_2018-04-26_163331_martin_nocomment.ecsv}
# - {triangulation_file_2: 40_2014-11-25_152058_DSC_0617-G_DN141125_01_2018-04-26_163631_martin_nocomment.ecsv}
# - {telescope: multiple_telescopes_0}
# - {astropy_version: 3.0.1}
# - {numpy_version: 1.14.2}
# - {scipy_version: 1.0.1}
# - {event_codename: DN141125_01}
# schema: astropy-2.0
datetime,t_rel,no_cams,latitude,longitude,height,X_geo,Y_geo,Z_geo,X_eci,Y_eci,Z_eci,DX_DT_geo,DY_DT_geo,DZ_DT_geo,DX_DT_eci,DY_DT_eci,DZ_DT_eci,D_DT_geo,D_DT_eci,pos_err,D_DT_err,c11,c33,c12,c34,c13,c35,c14,c36,c15,c44,c16,c45,c22,c46,c23,c55,c24,c56,c25,c66,c26,c17,c57,c27,c67,c37,c77,c47,c18,c58,c28,c68,c38,c78,c48,c88
[from data line 178]
2014-11-25T15:21:24.246,8.86,2,-31.020401030195632,134.52726785692062,31416.404136766072,-3855289.115396729,3919437.7618001895,-3284022.329045039,1949559.6914534222,5138809.58302831,-3286624.7531913486,-2130.4171644468474,-2609.5427026757707,3706.884598564544,-3629.595929858042,990.2546715959907,3712.219971709419,5008.930408653441,5285.371136166128,1085.8316383358244,170.57035469913185,209951.52753747598,652922.299829999,257608.6115003291,-58779.88125475087,-370122.312476845,-71952.96161414206,33334.20990567948,101692.20105213553,40806.85953607832,5297.094394469276,-57679.983740785465,6484.2626378271725,316156.51944358565,-9165.316033234463,-454231.1803374448,7937.670282157994,40907.63096195335,-11219.633885184552,50075.13340164885,15859.481225560383,-70780.87261283568,918.7934791074568,178.45309613539382,1127.5759197807527,-252.2103546130408,-1620.6837257801315,4.029797525889265,145.78222292326424,0.09887764618411032,0.01965909975930448,0.12131827062928446,-0.027831677614728087,-0.17399185113018997,0.00041370750258728383,0.016058749971661346,1.0558828956589146e-07
2014-11-25T15:21:24.326,8.94,2,-31.018337298641317,134.529953496962,31245.24339306655,-3855453.0573101994,3919236.949756849,-3283737.0732912626,1949279.2322480131,5138886.222115013,-3286339.0851927195,-1967.0502769364966,-2409.435007208447,3422.6293788199264,-3380.0119946228806,925.2091896664351,3427.5979815004393,4624.830343993041,4901.930339287132,1101.5606652647878,171.66031621918253,216134.30995177946,671853.5235492014,265188.10891516693,-60001.919829108134,-380941.7902627565,-73450.33119746753,34034.68876134907,103824.73578134924,41665.09460978648,5363.959862542553,-58901.99049578906,6566.24358117192,325448.0657576212,-9282.606231881113,-467494.4828813717,8038.17502000613,41765.95985293847,-11363.425067270045,51126.84561366536,16065.129281921058,-72278.37053837151,932.2192572294647,179.5801087537549,1144.0175571158134,-253.84253394192825,-1643.9995074310266,4.029797525888807,146.7000223093566,0.10034448719582824,0.019783550433547265,0.12311465319277602,-0.028010755286259587,-0.17654071425908052,0.0004137075025872604,0.016160127938406876,1.0558828956589151e-07
2014-11-25T15:21:24.386,9.0,1,-31.016899170827084,134.53182489432706,31125.98787564438,-3855567.293690019,3919097.0218984406,-3283538.3042032104,1949082.2212364227,5138940.225319553,-3286140.026492877,-1840.1998676366693,-2254.0562553639693,3201.912123813566,-3186.2150805089623,874.7069465843961,3206.595933367498,4326.585998662196,4604.273695335097,1113.9241167776324,172.7389893037229,221053.2699919267,686932.4498286785,271218.60300090746,-61047.26801475486,-389554.4156440134,-74731.48821013451,34632.95564798177,105652.55456890057,42398.25480460009,5430.498151650378,-59947.72141819072,6647.83000744045,332841.2181182231,-9399.405042651673,-478053.1754127096,8138.203992171002,42499.179927727964,-11506.624968326727,52025.46364985365,16270.056281850311,-73560.10482039396,942.764872434329,180.69482768567462,1156.9340234632282,-255.45869569394782,-1662.338219179955,4.029797525888348,147.6076793318641,0.10149411702303904,0.01990659280835606,0.12452275089580435,-0.02818793860199989,-0.1785402519408521,0.000413707502587237,0.016260345862178227,1.0558828956589156e-07
2014-11-25T15:21:24.426,9.04,2,-31.01599422868362,134.53300242410674,31050.954411696093,-3855639.173643976,3919008.976321054,-3283413.2344756857,1948957.4157935581,5138974.524482679,-3286014.77332559,-1753.511175125468,-2147.8714908388283,3051.075478060712,-3053.775165547151,840.1959145413712,3055.564668056555,4122.767875502029,4400.90301838158,1122.8780560093549,173.80649222541362,224645.70225070213,697967.6251714277,275623.251788922,-61910.07946096219,-395850.6435339625,-75789.24812636219,35125.68450694594,107165.18997071942,43002.25300064099,5496.7148286270085,-60811.22157829151,6729.0273016724395,338241.801245218,-9515.704712476425,-485773.00209641684,8237.762181971499,43103.21271853942,-11649.221803017821,52765.97540505902,16474.219729104254,-74618.7729321281,950.3937306399591,181.7975368351384,1166.2803082092696,-257.0588032593307,-1675.6338439127906,4.02979752588789,148.50545797955897,0.102322482090867,0.02002825352792881,0.12553758033968035,-0.02836323311203421,-0.1799832325481434,0.0004137075025872136,0.016359428633641628,1.0558828956589162e-07
2014-11-25T15:21:24.446,9.06,2,-31.015558225490732,134.5335697476062,31014.805347334524,-3855673.8046587952,3918966.5568768643,-3283352.9771807264,1948896.997773496,5138991.15865921,-3285954.42720461,-1709.5175691911872,-2093.983832005585,2974.527455919965,-2986.5631069380324,822.682547217235,2978.917879635468,4019.332307000236,4297.7107276817815,1128.3792590941775,174.86294248463815,226861.32772912006,704804.1959958655,278340.4125278402,-62584.58878652906,-399742.26167129027,-76616.51604539975,35509.608929715985,108352.19508156876,43473.07003128091,5562.621892442014,-61486.572828374265,6809.847969945239,341574.2286289399,-9631.499301068681,-490545.7966334095,8336.862409061217,43574.051231937214,-11791.2047483091,53343.449616483245,16677.56435288264,-75447.11394504189,955.070012563629,182.88859861745098,1172.0123022391992,-258.6427155794044,-1683.8211140990222,4.029797525887432,149.39370215145848,0.10282561126592348,0.020148564847533957,0.12615425447610137,-0.02853663647969582,-0.1808625223316352,0.00041370750258719016,0.01645740726514346,1.0558828956589167e-07
2014-11-25T15:21:24.526,9.14,2,-31.013926588805955,134.53569274359856,30879.539068263806,-3855803.3976130886,3918807.8187884567,-3283127.4879505555,1948669.0307081828,5139054.1173242275,-3285728.6028731773,-1529.1132188065658,-1873.0069905054434,2660.6273808009073,-2710.9460602463223,750.869240263477,2664.612786557991,3595.1746107635345,3874.6863692210304,1144.4521937421216,175.9529324333013,233424.57997533397,724908.4194756387,286386.40346739243,-63860.81930750262,-411229.61393784464,-78180.50152942276,36240.84019386654,110582.0076320315,44369.10444485099,5631.037772035903,-62763.7762135676,6893.745215550166,351437.82431018184,-9751.70411183749,-504628.09693437465,8439.735491556763,44470.09964730573,-11938.595962707026,54441.53042782102,16888.661168285227,-77012.32001119117,968.7819131501892,184.0142445504622,1188.8060243458447,-260.276653919052,-1707.6550309488653,4.029797525886973,150.31011482882857,0.10432412883101808,0.020272916617836218,0.12798959483980568,-0.028715845347896472,-0.18346804667410851,0.00041370750258716674,0.01655867808689916,1.0558828956589172e-07
2014-11-25T15:21:24.586,9.2,2,-31.01282404168897,134.537127250099,30788.146977218505,-3855890.9628626877,3918700.560331329,-3282975.12611245,1948512.7670937139,5139097.503265013,-3285576.011308623,-1389.0336345376409,-1701.4238550411083,2416.8916176060848,-2496.935076484224,695.1120396312326,2420.5625160378404,3265.8264901299262,3546.404999131516,1157.0735862384122,177.0316314341204,238639.3625926236,740903.9245273047,292779.69624114915,-64950.96315581286,-420362.7880085073,-79516.80272254348,36864.44560359355,112491.22898891813,45133.45154974407,5699.076111481697,-63855.540363737025,6977.190242558184,359275.9968506922,-9871.379519942227,-515825.30878915853,8542.066847232583,45234.40825585251,-12085.356030113573,55378.421252983804,17099.05556951197,-78350.54382022654,979.5404932437589,185.12718364342805,1201.98495034318,-261.8951064211521,-1726.3844081816505,4.029797525886515,151.2159659377347,0.10549739037572121,0.020395830189562307,0.12942679481478875,-0.028893199519962547,-0.18551023421371787,0.0004137075025871433,0.016658756475463176,1.0558828956589178e-07
2014-11-25T15:21:24.626,9.24,1,-31.012148464090355,134.53800620657302,30732.151729329256,-3855944.6159506897,3918634.840796859,-3282881.770778621,1948415.8081801315,5139124.547054057,-3285482.5134407454,-1293.3042153358128,-1584.1651268077667,2250.324282536327,-2350.6809011674486,657.0098936827853,2253.780270668678,3040.752262018707,3322.1812424920245,1166.1995054779509,178.09915826457552,242440.26682798492,752590.5335464934,297440.1263540245,-65849.04395841878,-427027.38304464554,-80618.06985299633,37377.03363036014,114069.09013757207,45761.94078310207,5766.745809798964,-64755.75419253623,7060.1921199740655,364990.48620253894,-9990.518761275529,-523997.2071089319,8643.865529989735,45862.81726109684,-12231.473749599496,56149.00616702839,17308.698834761624,-79454.28925018467,987.3092886804832,186.22774467647682,1211.5041984840725,-263.49797870703395,-1739.9430630991235,4.029797525886057,152.11156500142175,0.10634135234400846,0.0205173354543984,0.1304608803374598,-0.029068700237002598,-0.18698184097147386,0.0004137075025871199,0.016757670839695864,1.0558828956589183e-07
