outputs/DTFrag_triangulation/36_2014-11-25_152058_DSC_0594-G_DN141125_01_2018-04-26_163106_martin_nocomment.ecsv
# %ECSV 0.9
# ---
# datatype:
# - {name: x_image, unit: pix, datatype: float64}
# - {name: y_image, unit: pix, datatype: float64}
# - {name: time_err_minus, unit: s, datatype: float64}
# - {name: time_err_plus, unit: s, datatype: float64}
# - {name: de_bruijn_sequence_element_index, datatype: object}
# - {name: dash_start_end, datatype: object}
# - {name: zero_or_one, datatype: int64}
# - {name: err_minus_x_image, unit: pix, datatype: float64}
# - {name: err_plus_x_image, unit: pix, datatype: float64}
# - {name: err_minus_y_image, unit: pix, datatype: float64}
# - {name: err_plus_y_image, unit: pix, datatype: float64}
# - {name: periodic_pulse, datatype: object}
# - {name: pick_flag, datatype: object}
# - {name: encoding_type, datatype: object}
# - {name: brightness_dash_V, unit: adu, datatype: float64}
# - {name: flux_dash_V, unit: adu / s, datatype: float64}
# - {name: aperture_exptime, unit: s, datatype: float64}
# - {name: datetime, datatype: string}
# - {name: altitude, datatype: float64}
# - {name: azimuth, datatype: float64}
# - {name: err_minus_altitude, datatype: float64}
# - {name: err_plus_altitude, datatype: float64}
# - {name: err_minus_azimuth, datatype: float64}
# - {name: err_plus_azimuth, datatype: float64}
# - {name: JD, datatype: float64, description: Julian Date}
# - {name: m_V, unit: adu / s, datatype: float64}
# - {name: longitude, unit: deg, datatype: float64}
# - {name: latitude, unit: deg, datatype: float64}
# - {name: height, unit: m, datatype: float64}
# - {name: X_geo, unit: m, datatype: float64}
# - {name: Y_geo, unit: m, datatype: float64}
# - {name: Z_geo, unit: m, datatype: float64}
# - {name: cross_track_error, unit: m, datatype: float64}
# - {name: timing, datatype: bool}
# - {name: t_rel, unit: s, datatype: float64}
# - {name: X_eci, unit: m, datatype: float64}
# - {name: Y_eci, unit: m, datatype: float64}
# - {name: Z_eci, unit: m, datatype: float64}
# - {name: pos_err, unit: m, datatype: float64}
# - {name: D_DT_geo, unit: m / s, datatype: float64}
# - {name: D_DT_eci, unit: m / s, datatype: float64}
# - {name: D_DT_err, unit: m / s, datatype: float64}
# - {name: along_track_error, unit: m, datatype: float64}
# - {name: range, unit: m, datatype: float64}
# delimiter: ','
# meta: !!omap
# - {origin: Desert Fireball Network}
# - {exposure_time: 25.0}
# - {lens_type: Fisheye}
# - {telescope: DFNSMALL36}
# - {observer: 'DFN automated software http://adsabs.harvard.edu/abs/2012M%26PSA..75.5123T'}
# - {creator: raw_to_fits 6.0}
# - {timing_correction_dictionary_version: DEBUG}
# - {isodate_mid_obs: '2014-11-25T15:21:10.500'}
# - {sidereal_time_hour: 4.598023724157567}
# - {point_picking_user_comment: nocomment}
# - {point_picking_hostname: work-desktop-debian}
# - {obs_latitude: -30.6607733333}
# - {original_raw_filename: 36_2014-11-25_152058_DSC_0594.NEF}
# - {cropped: false}
# - {obs_elevation: 149.1}
# - {instrument: Nikon D800E}
# - {gps_lock: Y}
# - {filter_pattern: RG/GB}
# - {location: Mulgathing}
# - {aperture: 4.0}
# - {isodate_start_obs: '2014-11-25T15:20:58'}
# - {image_file: 36_2014-11-25_152058_DSC_0594-G.tiff}
# - {timing_corrected: true}
# - {NAXIS2: 4924}
# - {NAXIS1: 7378}
# - {event_codename: DN141125_01}
# - {jd_mid_obs: 2456987.139704861}
# - {lens: Samyang_8mm_F3.5}
# - {timing_de_bruijn_encoding_type: pulse_width}
[...]
# - {triangulation_dec_ecef_end_err: 0.01765927412224618}
# - {triangulation_slope_end: 25.860544517550643}
# - {triangulation_slope_end_err: 0.012342776398595772}
# - {triangulation_azimuth_end: -128.19694509144742}
# - {triangulation_azimuth_end_err: 0.01777845646780749}
# - {triangulation_file_1: 38_2014-11-25_152058_DSC_0559-G_DN141125_01_2018-04-26_163331_martin_nocomment.ecsv}
# - {triangulation_file_2: 40_2014-11-25_152058_DSC_0617-G_DN141125_01_2018-04-26_163631_martin_nocomment.ecsv}
# - {triangulation_file_3: 41_2014-11-25_152059_DSC_0674-G_DN141125_01_2018-01-01_212656_ellie_nocomment.ecsv}
# - {triangulation_file_4: 40_2014-11-25_152058_DSC_0617-G_DN141125_01_2018-04-26_163631_martin_nocomment.ecsv}
# - {triangulation_file_5: 38_2014-11-25_152058_DSC_0559-G_DN141125_01_2018-04-26_163331_martin_nocomment.ecsv}
# - {triangulation_t0: '2014-11-25T15:21:15.386'}
# - {triangulation_file_0: 36_2014-11-25_152058_DSC_0594-G_DN141125_01_2018-04-26_163106_martin_nocomment.ecsv}
# - {astropy_version: 3.0.1}
# - {numpy_version: 1.14.2}
# - {scipy_version: 1.0.1}
# schema: astropy-2.0
x_image,y_image,time_err_minus,time_err_plus,de_bruijn_sequence_element_index,dash_start_end,zero_or_one,err_minus_x_image,err_plus_x_image,err_minus_y_image,err_plus_y_image,periodic_pulse,pick_flag,encoding_type,brightness_dash_V,flux_dash_V,aperture_exptime,datetime,altitude,azimuth,err_minus_altitude,err_plus_altitude,err_minus_azimuth,err_plus_azimuth,JD,m_V,longitude,latitude,height,X_geo,Y_geo,Z_geo,cross_track_error,timing,t_rel,X_eci,Y_eci,Z_eci,pos_err,D_DT_geo,D_DT_eci,D_DT_err,along_track_error,range
[from data line 88]
3799.6218156,780.022776632,0.00065,5e-05,187,E,1,0.5,0.5,0.5,0.5,-,M,PW,nan,nan,nan,2014-11-25T15:21:19.786,37.2752528353,179.349484639,0.0316817075191,0.0316817075191,0.0290966912058,0.0290966912058,2456987.13981,nan,134.19348235559178,-31.27352013826027,52717.55001000521,-3834913.0638820664,3944425.284928931,-3319217.2677836856,-51.59079705606236,True,4.4,1982385.6619778713,5130067.525141941,-3321867.9355857386,14.55188619100388,13504.226007612806,13776.309994930112,6.506369318463636,-46.85471433288622,86124.45820060125
3808.64468933,780.080729947,0.00065,5e-05,188,S,1,0.5,0.5,0.5,0.5,-,M,PW,3166953.7439,51411586.7516,0.0616,2014-11-25T15:21:19.826,37.2734502735,179.039025493,0.03166372811,0.03166372811,0.0289518022422,0.0289518022422,2456987.13981,-6.73346147352,134.19725103332937,-31.270667049960196,52474.983961620055,-3835143.3949494567,3944143.0959833553,-3318818.7383220345,-55.94323451168335,True,4.44,1982018.7735395052,5130165.064254506,-3321468.866922972,14.46961651611075,13491.374633773996,13763.453837707748,6.47763188806582,-42.213309410200445,85727.56319785578
3821.9392694,780.267031044,0.00065,5e-05,188,E,1,0.5,0.5,0.5,0.5,-,M,PW,nan,nan,nan,2014-11-25T15:21:19.886,37.2711149009,178.581575194,0.0316379234251,0.0316379234251,0.0289028147076,0.0289028147076,2456987.13981,nan,134.20289709368558,-31.26639189279574,52111.62939060568,-3835488.4536857926,3943720.3350916957,-3318221.6518746614,-59.605252572415914,True,4.5,1981469.0962980369,5130311.188823763,-3320870.972632772,14.351353473624737,13471.401494189182,13743.473648197747,6.434665544561938,-50.66950940352267,85135.86957975186
3831.0271141,780.352398375,0.00065,5e-05,189,S,0,0.5,0.5,0.5,0.5,-,M,PW,2068216.48476,89147262.2742,0.0232,2014-11-25T15:21:19.926,37.2664202595,178.26896128,0.0316087523721,0.0316087523721,0.0289519777063,0.0289519777063,2456987.13981,-7.33107897967,134.2066563430069,-31.26354488941885,51869.73246285164,-3835718.191602663,3943438.8543429123,-3317824.082359431,-65.1389202810347,True,4.54,1981103.0960950896,5130408.478738295,-3320472.865203371,14.275863738040655,13457.607401607322,13729.674980006816,6.406235940118736,-50.9406160514625,84743.88079232046
3835.57675004,780.428279348,0.00065,5e-05,189,E,0,0.5,0.5,0.5,0.5,-,M,PW,nan,nan,nan,2014-11-25T15:21:19.946,37.2644964403,178.112447667,0.0317409265847,0.0317409265847,0.0289046003002,0.0289046003002,2456987.13981,nan,134.2085344894574,-31.262122349205715,51748.888382179,-3835832.9676773134,3943298.2249668287,-3317625.448311415,-66.79718082035198,True,4.56,1980920.2351650374,5130457.084771864,-3320273.9624157487,14.239106632759562,13450.562912467109,13722.628239377365,6.392085691803196,-51.951219246015775,84548.6391685367
3854.27728199,780.767132967,0.00065,5e-05,190,S,1,0.5,0.5,0.5,0.5,-,M,PW,3593517.4372,58336322.0324,0.0616,2014-11-25T15:21:20.026,37.2534505416,177.469264796,0.0318158029785,0.0318158029785,0.0285789734646,0.0285789734646,2456987.13982,-6.87065656452,134.21603672817102,-31.25643884807676,51266.22883857323,-3836291.421565957,3942736.483106741,-3316831.9514496136,-75.0213814277995,True,4.64,1980189.7496516372,5130651.241509285,-3319479.391973205,14.098504326268273,13421.371131503496,13693.42768685825,6.336227803258471,-43.37601263466704,83772.77453365766
3868.27047668,781.139881345,0.00065,5e-05,190,E,1,0.5,0.5,0.5,0.5,-,M,PW,nan,nan,nan,2014-11-25T15:21:20.086,37.2445922882,176.988019711,0.0317914790266,0.0317914790266,0.0285331836181,0.0285331836181,2456987.13982,nan,134.2216524406303,-31.252183525040987,50905.01227118696,-3836634.575106226,3942316.0010427847,-3316237.962800274,-78.62100279789793,True,4.7,1979642.9293061532,5130796.5684989,-3318884.599678499,13.99961618548206,13398.374575342685,13670.424788749064,6.2952780026198765,-46.10397479673871,83196.33602243396
3877.96886805,781.384595821,0.00065,5e-05,191,S,1,0.5,0.5,0.5,0.5,-,M,PW,3674768.76926,59655337.1632,0.0616,2014-11-25T15:21:20.126,37.2359640981,176.65463157,0.0317209133571,0.0317209133571,0.0286699631803,0.0286699631803,2456987.13982,-6.89493221505,134.2253907429054,-31.249350292356098,50664.58593485821,-3836862.9992713416,3942036.0929584582,-3315842.534062721,-83.01190176736719,True,4.74,1979278.900334946,5130893.309364939,-3318488.6359379217,13.936703687234846,13382.497224120336,13654.543328716245,6.26860558388989,-37.05702203280946,82814.69891371674
3892.57070731,781.884980398,0.00065,5e-05,191,E,1,0.5,0.5,0.5,0.5,-,M,PW,nan,nan,nan,2014-11-25T15:21:20.186,37.223690218,176.152641141,0.0316160725063,0.0316160725063,0.0286894120251,0.0286894120251,2456987.13982,nan,134.23098945814544,-31.245106155574575,50304.543226862406,-3837205.0877335686,3941616.8853164935,-3315250.269386762,-86.05022651395998,True,4.8,1978733.6627446734,5131038.197439263,-3317895.569933453,13.846702152390218,13357.832207127125,13629.872385873528,6.229665163680158,-26.94376554849084,82246.30018108516
3902.27388026,782.306903648,0.00065,5e-05,192,S,1,0.5,0.5,0.5,0.5,-,M,PW,3633937.84594,58992497.499,0.0616,2014-11-25T15:21:20.226,37.2160590838,175.818998284,0.031477272212,0.031477272212,0.0287299577428,0.0287299577428,2456987.13982,-6.88280091049,134.23471614627573,-31.242280682947655,50064.92444951489,-3837432.7854939275,3941337.8488572887,-3314856.031691231,-85.58594586911985,True,4.84,1978370.7257297426,5131134.636131205,-3317500.7988481475,13.789521830617662,13340.805127219812,13612.84148266309,6.204539431216451,-25.12705235726444,81870.11756656865
3916.92743147,783.000256605,0.00065,5e-05,192,E,1,0.5,0.5,0.5,0.5,-,M,PW,nan,nan,nan,2014-11-25T15:21:20.286,37.2029706884,175.315215765,0.0313861693741,0.0313861693741,0.0286798596587,0.0286798596587,2456987.13982,nan,134.24029699527884,-31.238048657099206,49706.13186675853,-3837773.758495998,3940919.98319622,-3314265.618461663,-84.59460052388121,True,4.9,1977827.1832347014,5131279.056084765,-3316909.58677551,13.707823776066464,13314.357383321956,13586.388204638353,6.168307089006554,-24.078642114708963,81310.04432940629
3927.18939972,783.597899153,0.00065,5e-05,193,S,0,0.5,0.5,0.5,0.5,-,M,PW,2371263.83861,102209648.216,0.0232,2014-11-25T15:21:20.326,37.1948196983,174.962260506,0.0313549918649,0.0313549918649,0.0287193122663,0.0287193122663,2456987.13982,-7.47953868735,134.2440112391152,-31.235231581945037,49467.373184468204,-3838000.6792097283,3940641.880396219,-3313872.6596578304,-80.66932132511738,True,4.94,1977465.4155805463,5131375.172481269,-3316516.09629915,13.655980405383321,13296.101760707397,13568.12907494249,6.1452429054948485,-7.811128603181669,80939.5077654274
3931.86682377,783.892582552,0.00065,5e-05,193,E,0,0.5,0.5,0.5,0.5,-,M,PW,nan,nan,nan,2014-11-25T15:21:20.346,37.1911324358,174.801356944,0.0313300435989,0.0313300435989,0.0286763018539,0.0286763018539,2456987.13982,nan,134.24586641143037,-31.233824367672607,49348.12808808298,-3838114.0179393445,3940502.975234413,-3313676.3808567217,-78.35706128385108,True,4.96,1977284.7148824565,5131423.180327389,-3316319.551930883,13.630821402140558,13286.78182261917,13558.807410546053,6.134084039493082,-18.340176294683477,80755.1048581135
3951.82877929,785.096402196,0.00065,5e-05,194,S,1,0.5,0.5,0.5,0.5,-,M,PW,3588471.92478,58254414.3633,0.0616,2014-11-25T15:21:20.426,37.1693358461,174.115188919,0.0311605752663,0.0311605752663,0.0285427372142,0.0285427372142,2456987.13982,-6.86913105504,134.2532735110933,-31.22820465789501,48872.06975524541,-3838566.524754584,3939948.3726467537,-3312892.6479610056,-73.6646453661007,True,5.04,1976563.1725630504,5131614.86573617,-3315534.758611008,13.535065994421824,13248.180672902721,13520.199747575158,6.092143369458998,-19.369875951635102,80023.35296762572
3966.76920831,786.046601593,0.00065,5e-05,194,E,1,0.5,0.5,0.5,0.5,-,M,PW,nan,nan,nan,2014-11-25T15:21:20.486,37.1497572936,173.601909414,0.0310366853175,0.0310366853175,0.0284648249715,0.0284648249715,2456987.13982,nan,134.25881434310992,-31.223999884624362,48516.02731179868,-3838905.0029868106,3939533.508639293,-3312306.355346167,-71.1361091276886,True,5.1,1976023.388328922,5131758.253782781,-3314947.672684692,13.46816543442724,13217.792537949985,13489.807056257827,6.063806581459307,-28.87816066213488,79480.8050724028
3977.00913071,786.752626119,0.00065,5e-05,195,S,0,0.5,0.5,0.5,0.5,-,M,PW,2647890.92951,114133229.72,0.0232,2014-11-25T15:21:20.526,37.135626973,173.250156714,0.0310139467764,0.0310139467764,0.0285198896362,0.0285198896362,2456987.13982,-7.59933922106,134.26250097306476,-31.221201696401845,48279.16124861023,-3839130.2034476055,3939257.4768935232,-3311916.2426239564,-68.60251787126982,True,5.14,1975664.2133924582,5131853.659578142,-3314557.032092702,13.425792100768717,13196.820591941725,13468.832235323885,6.046567801663079,-28.075466318422258,79122.15038164974
3982.05440299,787.072975729,0.00065,5e-05,195,E,0,0.5,0.5,0.5,0.5,-,M,PW,nan,nan,nan,2014-11-25T15:21:20.546,37.1271519391,173.077041054,0.0309673695124,0.0309673695124,0.0284987183754,0.0284987183754,2456987.13982,nan,134.26434205142536,-31.21980414602883,48160.880645953,-3839242.6645677723,3939119.628731039,-3311721.417247953,-68.95365911225323,True,5.16,1975484.8358223483,5131901.305167759,-3314361.9430931057,13.405244885935772,13186.115278151545,13458.125564641889,6.038489111250412,-31.641416876339136,78943.74822294315
4002.74544687,788.542050783,0.00065,5e-05,196,S,1,0.5,0.5,0.5,0.5,-,M,PW,3650653.19034,59263850.4925,0.0616,2014-11-25T15:21:20.626,37.0921781845,172.367059081,0.0306796797284,0.0306796797284,0.028272598243,0.028272598243,2456987.13982,-6.88778361614,134.27169080191152,-31.21422460812607,47688.80505217434,-3839691.5405847435,3938569.401608161,-3310943.706883272,-66.99154632747027,True,5.24,1974768.7699685115,5132091.49375445,-3313583.180348007,13.327169210266455,13141.784802435677,13413.789961135522,6.009939627342383,-33.473170407769075,78236.40042460748
4018.38124453,789.772049832,0.00065,5e-05,196,E,1,0.5,0.5,0.5,0.5,-,M,PW,nan,nan,nan,2014-11-25T15:21:20.686,37.0641575374,171.83069999,0.0307218997313,0.0307218997313,0.027953571031,0.027953571031,2456987.13982,nan,134.27718572156476,-31.210051615733075,47335.885692543954,-3840027.1646272177,3938157.9799766573,-3310362.1587307462,-63.854009218532745,True,5.3,1974233.2935342118,5132233.707107197,-3313000.845221997,13.272735699387091,13106.895066343406,13378.896800364846,5.992786717236616,-37.62586637930916,77712.58105190819
4029.28552865,790.605826839,0.00065,5e-05,197,S,0,0.5,0.5,0.5,0.5,-,M,PW,1928688.58116,83133128.4982,0.0232,2014-11-25T15:21:20.726,37.0412946076,171.457164515,0.0307218997313,0.0307218997313,0.027953571031,0.027953571031,2456987.13982,-7.25524426437,134.28084026855407,-31.207275744866557,47101.19538363616,-3840250.3723489405,3937884.3534456715,-3309975.3651250587,-64.29956838703677,True,5.34,1973877.1280373768,5132328.294015281,-3312613.5281732534,13.237937102482201,13077.247291444028,13349.248338350124,5.983920563090035,-26.09721634239567,77366.65478494519
4034.52066536,791.121995984,0.00065,5e-05,197,E,0,0.5,0.5,0.5,0.5,-,M,PW,nan,nan,nan,2014-11-25T15:21:20.746,37.0329711547,171.277351386,0.0307218997313,0.0307218997313,0.027953571031,0.027953571031,2456987.13982,nan,134.28266387376806,-31.205890315948274,46984.08346556143,-3840361.7484116256,3937747.8137257546,-3309782.333036188,-60.31117715041372,True,5.36,1973699.373098415,5132375.499481275,-3312420.2348488206,13.220232885677056,13059.691914986362,13331.693313437252,5.982262277358907,-29.05182644571191,77194.76619073654
4055.50215543,792.930465387,0.00065,5e-05,198,S,0,0.5,0.5,0.5,0.5,-,M,PW,2335112.67134,100651408.247,0.0232,2014-11-25T15:21:20.826,36.9869772394,170.558853275,0.0305097222453,0.0305097222453,0.0281477399687,0.0281477399687,2456987.13982,-7.46285859256,134.28993381928854,-31.200366695686895,46517.30636535782,-3840805.746568524,3937203.4939512066,-3309012.8281004434,-57.90054035286022,True,5.44,1972990.707901655,5132563.690772277,-3311649.688411821,13.146099351578242,12987.082173292232,13259.085609216418,5.999408448060865,-45.88645755930325,76514.57493549655
4060.66886275,793.409360917,0.00065,5e-05,198,E,0,0.5,0.5,0.5,0.5,-,M,PW,nan,nan,nan,2014-11-25T15:21:20.846,36.9754204618,170.381947494,0.0305097222453,0.0305097222453,0.0281477399687,0.0281477399687,2456987.13982,nan,134.29174485261666,-31.198990442634678,46401.04023225649,-3840916.3478960157,3937067.897459315,-3308821.125342479,-56.73981102823068,True,5.46,1972814.1457496574,5132610.576925259,-3311457.7261543423,13.12676708535685,12968.318982477165,13240.323111009628,6.009753488473798,-54.33393162938987,76346.39061890735
4082.29602027,795.271448258,0.00065,5e-05,199,S,1,0.5,0.5,0.5,0.5,-,M,PW,3629729.34081,58924177.6105,0.0616,2014-11-25T15:21:20.926,36.917652364,169.643307603,0.0306351970143,0.0306351970143,0.0280752398839,0.0280752398839,2456987.13983,-6.88154277826,134.29896213070194,-31.193504838993785,45937.75411886589,-3841357.0968457586,3936527.5233360496,-3308057.1184206354,-60.57765272561835,True,5.54,1972110.4108444045,5132797.449644962,-3310692.6849876526,13.04601466479385,12890.73517522014,13162.742758654138,6.075553971853641,-59.12809434177354,75681.23633196032
4098.61016395,796.81048497,0.00065,5e-05,199,E,1,0.5,0.5,0.5,0.5,-,M,PW,nan,nan,nan,2014-11-25T15:21:20.986,36.8724643347,169.086479574,0.0305489524755,0.0305489524755,0.0280516269183,0.0280516269183,2456987.13983,nan,134.3043457157036,-31.189411791869293,45592.22050263995,-3841685.8463755418,3936124.4417166105,-3307487.164323978,-61.593041721779116,True,5.6,1971585.3429879122,5132936.874313361,-3310121.9592190064,12.981939623360404,12829.808612724757,13101.819585340409,6.150291838059296,-64.84054475343021,75190.45186879927
4109.52998836,797.815951281,0.00065,5e-05,200,S,1,0.5,0.5,0.5,0.5,-,M,PW,4015355.67652,65184345.398,0.0616,2014-11-25T15:21:21.026,36.8388346611,168.71453841,0.0305489524755,0.0305489524755,0.0280516269183,0.0280516269183,2456987.13983,-6.9911672249,134.30792042234873,-31.186693595069965,45362.819368758115,-3841904.1292097652,3935856.796393472,-3307108.70661377,-64.80057359683462,True,5.64,1971236.6510749273,5133029.463104083,-3309742.98904733,12.937624496079932,12787.84226797033,13059.855910626542,6.21189436725356,-69.85446772600328,74867.1777387568
4126.08096139,799.551084763,0.00065,5e-05,200,E,1,0.5,0.5,0.5,0.5,-,M,PW,nan,nan,nan,2014-11-25T15:21:21.086,36.7899620326,168.150318241,0.0304631843057,0.0304631843057,0.0279966420945,0.0279966420945,2456987.13983,nan,134.3132600239772,-31.182632640724222,45020.19782462194,-3842230.1699639163,3935457.0104848607,-3306543.368541082,-63.920558941834834,True,5.7,1970715.714456284,5133167.786312925,-3309176.8853773675,12.86901013992183,12722.808839373298,12994.827090649065,6.321060147178294,-74.57059387663318,74388.22258753229
4137.46893888,800.65176358,0.00065,5e-05,201,S,1,0.5,0.5,0.5,0.5,-,M,PW,4194304.27561,68089355.1236,0.0616,2014-11-25T15:21:21.126,36.7507804963,167.763470236,0.0304580029141,0.0304580029141,0.0279652656996,0.0279652656996,2456987.13983,-7.03850700596,134.31680432815415,-31.17993658499364,44792.799168942474,-3842446.5802138243,3935191.6421617204,-3306168.090716019,-68.56325329589987,True,5.74,1970369.8669327118,5133259.617381136,-3308801.0992638734,12.821987604665834,12678.028300997203,12950.05007259111,6.404425012007823,-67.98078772241874,74072.93894395477
4154.41916887,802.454081468,0.00065,5e-05,201,E,1,0.5,0.5,0.5,0.5,-,M,PW,nan,nan,nan,2014-11-25T15:21:21.186,36.6929593068,167.187614341,0.030373822123,0.030373822123,0.0279265200701,0.0279265200701,2456987.13983,nan,134.32209666388647,-31.17590999344674,44453.27572557299,-3842769.709518002,3934795.394748097,-3305607.680762921,-71.75269446083502,True,5.8,1969853.3362084082,5133396.76785771,-3308239.930193632,12.749949685452846,12608.659222372879,12880.6869437992,6.544028639552372,-66.02745308017018,73606.12338082708
