outputs/DTFrag_triangulation/36_2014-11-25_152058_DSC_0594-G_DN141125_01_2018-04-26_163106_martin_nocomment.ecsv
# %ECSV 0.9
# ---
# datatype:
# - {name: x_image, unit: pix, datatype: float64}
# - {name: y_image, unit: pix, datatype: float64}
# - {name: time_err_minus, unit: s, datatype: float64}
# - {name: time_err_plus, unit: s, datatype: float64}
# - {name: de_bruijn_sequence_element_index, datatype: object}
# - {name: dash_start_end, datatype: object}
# - {name: zero_or_one, datatype: int64}
# - {name: err_minus_x_image, unit: pix, datatype: float64}
# - {name: err_plus_x_image, unit: pix, datatype: float64}
# - {name: err_minus_y_image, unit: pix, datatype: float64}
# - {name: err_plus_y_image, unit: pix, datatype: float64}
# - {name: periodic_pulse, datatype: object}
# - {name: pick_flag, datatype: object}
# - {name: encoding_type, datatype: object}
# - {name: brightness_dash_V, unit: adu, datatype: float64}
# - {name: flux_dash_V, unit: adu / s, datatype: float64}
# - {name: aperture_exptime, unit: s, datatype: float64}
# - {name: datetime, datatype: string}
# - {name: altitude, datatype: float64}
# - {name: azimuth, datatype: float64}
# - {name: err_minus_altitude, datatype: float64}
# - {name: err_plus_altitude, datatype: float64}
# - {name: err_minus_azimuth, datatype: float64}
# - {name: err_plus_azimuth, datatype: float64}
# - {name: JD, datatype: float64, description: Julian Date}
# - {name: m_V, unit: adu / s, datatype: float64}
# - {name: longitude, unit: deg, datatype: float64}
# - {name: latitude, unit: deg, datatype: float64}
# - {name: height, unit: m, datatype: float64}
# - {name: X_geo, unit: m, datatype: float64}
# - {name: Y_geo, unit: m, datatype: float64}
# - {name: Z_geo, unit: m, datatype: float64}
# - {name: cross_track_error, unit: m, datatype: float64}
# - {name: timing, datatype: bool}
# - {name: t_rel, unit: s, datatype: float64}
# - {name: X_eci, unit: m, datatype: float64}
# - {name: Y_eci, unit: m, datatype: float64}
# - {name: Z_eci, unit: m, datatype: float64}
# - {name: pos_err, unit: m, datatype: float64}
# - {name: D_DT_geo, unit: m / s, datatype: float64}
# - {name: D_DT_eci, unit: m / s, datatype: float64}
# - {name: D_DT_err, unit: m / s, datatype: float64}
# - {name: along_track_error, unit: m, datatype: float64}
# - {name: range, unit: m, datatype: float64}
# delimiter: ','
# meta: !!omap
# - {origin: Desert Fireball Network}
# - {exposure_time: 25.0}
# - {lens_type: Fisheye}
# - {telescope: DFNSMALL36}
# - {observer: 'DFN automated software http://adsabs.harvard.edu/abs/2012M%26PSA..75.5123T'}
# - {creator: raw_to_fits 6.0}
# - {timing_correction_dictionary_version: DEBUG}
# - {isodate_mid_obs: '2014-11-25T15:21:10.500'}
# - {sidereal_time_hour: 4.598023724157567}
# - {point_picking_user_comment: nocomment}
# - {point_picking_hostname: work-desktop-debian}
# - {obs_latitude: -30.6607733333}
# - {original_raw_filename: 36_2014-11-25_152058_DSC_0594.NEF}
# - {cropped: false}
# - {obs_elevation: 149.1}
# - {instrument: Nikon D800E}
# - {gps_lock: Y}
# - {filter_pattern: RG/GB}
# - {location: Mulgathing}
# - {aperture: 4.0}
# - {isodate_start_obs: '2014-11-25T15:20:58'}
# - {image_file: 36_2014-11-25_152058_DSC_0594-G.tiff}
# - {timing_corrected: true}
# - {NAXIS2: 4924}
# - {NAXIS1: 7378}
# - {event_codename: DN141125_01}
# - {jd_mid_obs: 2456987.139704861}
# - {lens: Samyang_8mm_F3.5}
# - {timing_de_bruijn_encoding_type: pulse_width}
[...]
# - {triangulation_dec_ecef_end_err: 0.01765927412224618}
# - {triangulation_slope_end: 25.860544517550643}
# - {triangulation_slope_end_err: 0.012342776398595772}
# - {triangulation_azimuth_end: -128.19694509144742}
# - {triangulation_azimuth_end_err: 0.01777845646780749}
# - {triangulation_file_1: 38_2014-11-25_152058_DSC_0559-G_DN141125_01_2018-04-26_163331_martin_nocomment.ecsv}
# - {triangulation_file_2: 40_2014-11-25_152058_DSC_0617-G_DN141125_01_2018-04-26_163631_martin_nocomment.ecsv}
# - {triangulation_file_3: 41_2014-11-25_152059_DSC_0674-G_DN141125_01_2018-01-01_212656_ellie_nocomment.ecsv}
# - {triangulation_file_4: 40_2014-11-25_152058_DSC_0617-G_DN141125_01_2018-04-26_163631_martin_nocomment.ecsv}
# - {triangulation_file_5: 38_2014-11-25_152058_DSC_0559-G_DN141125_01_2018-04-26_163331_martin_nocomment.ecsv}
# - {triangulation_t0: '2014-11-25T15:21:15.386'}
# - {triangulation_file_0: 36_2014-11-25_152058_DSC_0594-G_DN141125_01_2018-04-26_163106_martin_nocomment.ecsv}
# - {astropy_version: 3.0.1}
# - {numpy_version: 1.14.2}
# - {scipy_version: 1.0.1}
# schema: astropy-2.0
x_image,y_image,time_err_minus,time_err_plus,de_bruijn_sequence_element_index,dash_start_end,zero_or_one,err_minus_x_image,err_plus_x_image,err_minus_y_image,err_plus_y_image,periodic_pulse,pick_flag,encoding_type,brightness_dash_V,flux_dash_V,aperture_exptime,datetime,altitude,azimuth,err_minus_altitude,err_plus_altitude,err_minus_azimuth,err_plus_azimuth,JD,m_V,longitude,latitude,height,X_geo,Y_geo,Z_geo,cross_track_error,timing,t_rel,X_eci,Y_eci,Z_eci,pos_err,D_DT_geo,D_DT_eci,D_DT_err,along_track_error,range
[from data line 177]
4964.67842727,989.917124896,0.00065,5e-05,232,S,0,0.5,0.5,0.5,0.5,-,M,PW,13653.8904866,588529.762356,0.0232,2014-11-25T15:21:24.226,30.9846660892,140.970035519,0.0287410166199,0.0287410166199,0.0262029793594,0.0262029793594,2456987.13986,-1.88023002927,134.52486500440588,-31.020900582576065,31469.350525203965,-3855136.44330431,3919611.3394533633,-3284097.313912524,-76.63629700819149,True,8.84,1949788.5100420432,5138740.371157302,-3286700.07454428,13.800121604666929,5769.66162938199,6044.722774269294,16.325188751019613,-12.74953680649426,60322.33349690378
4968.86958774,991.192299384,0.00065,5e-05,232,E,0,0.5,0.5,0.5,0.5,-,M,PW,nan,nan,nan,2014-11-25T15:21:24.246,30.9359770305,140.847257515,0.0287410166199,0.0287410166199,0.0262029793594,0.0262029793594,2456987.13986,nan,134.5256647192819,-31.02028554762898,31418.13361595138,-3855185.136949362,3919551.4154046914,-3284012.193626269,-82.8782903388719,True,8.86,1949706.36927199,5138762.480941739,-3286614.833532772,13.89113071915436,5722.636618964166,5997.746603382078,16.51319832269326,-1.5673604176153197,60291.67556759385
4983.54597717,996.547017392,0.00065,5e-05,233,S,1,0.5,0.5,0.5,0.5,-,M,PW,32144.1713377,521820.963275,0.0616,2014-11-25T15:21:24.326,30.7832422075,140.401616015,0.028739599252,0.028739599252,0.0248087660146,0.0248087660146,2456987.13986,-1.74961275891,134.52879838402615,-31.017874965279105,31217.408217076154,-3855375.928441138,3919316.593974384,-3283678.5845814664,-80.88846579268991,True,8.94,1949383.8722878105,5138849.336936033,-3286280.750516309,14.330746653517261,5537.762764312465,5813.072584732986,17.223143747482904,-3.121879493658079,60173.44894689634
4994.14784125,1000.51853849,0.00065,5e-05,233,E,1,0.5,0.5,0.5,0.5,-,M,PW,nan,nan,nan,2014-11-25T15:21:24.386,30.6731868515,140.079250086,0.0287597969558,0.0287597969558,0.0247819348978,0.0247819348978,2456987.13987,nan,134.53108176023096,-31.016118096101973,31071.13135582459,-3855514.9387899227,3919145.480311394,-3283435.458389307,-77.78061757384039,True,9.0,1949148.249519754,5138912.847825959,-3286037.2780075846,14.740996326045591,5402.570899935184,5678.035148100347,17.709927543341944,-7.424348485029844,60089.246598865044
5001.36996066,1003.24973961,0.00065,5e-05,234,S,0,0.5,0.5,0.5,0.5,-,M,PW,14467.0849237,623581.246712,0.0232,2014-11-25T15:21:24.426,30.5978148794,139.859903975,0.0287597969558,0.0287597969558,0.0247819348978,0.0247819348978,2456987.13987,-1.94304156837,134.53257280407342,-31.01497064004272,30975.600609531706,-3855605.70641925,3919033.738474799,-3283276.672277505,-75.55739247438629,True,9.04,1948994.0787670477,5138954.428695352,-3285878.2653093673,15.052853309254903,5314.121828864517,5589.69119970146,18.012163220580053,-1.7893887974737441,60035.14523182159
5004.82244414,1004.46061544,0.00065,5e-05,234,E,0,0.5,0.5,0.5,0.5,-,M,PW,nan,nan,nan,2014-11-25T15:21:24.446,30.559436722,139.757146623,0.0287503657068,0.0287503657068,0.0247951387591,0.0247951387591,2456987.13987,nan,134.533308936906,-31.014403942004115,30928.4223428728,-3855650.5155957122,3918978.568505745,-3283198.2537113493,-77.3291692437925,True,9.06,1948917.8535312423,5138974.994654879,-3285799.73470267,15.22015945772372,5270.40769264898,5546.030260655008,18.156798201453896,-3.2656179893160453,60008.68689180233
5017.2347398,1009.27573013,0.00065,5e-05,235,S,1,0.5,0.5,0.5,0.5,-,M,PW,15614.7974429,253486.971475,0.0616,2014-11-25T15:21:24.526,30.4300833336,139.379725734,0.0287156321377,0.0287156321377,0.0247703170831,0.0247703170831,2456987.13987,-0.96569806029,134.53619378055862,-31.012183173630245,30743.551724471225,-3855826.1119216597,3918762.357507772,-3282890.958404648,-71.70263281978185,True,9.14,1948618.583070914,5139055.789072211,-3285491.999538205,15.963275853539178,5098.969466452987,5374.8090198255995,18.689667445339143,-38.99574441432969,59906.65925670867
5028.14899978,1013.12782189,0.00065,5e-05,235,E,1,0.5,0.5,0.5,0.5,-,M,PW,nan,nan,nan,2014-11-25T15:21:24.586,30.3061857802,139.05702266,0.0287156321377,0.0287156321377,0.0247703170831,0.0247703170831,2456987.13987,nan,134.538295379201,-31.010564902619144,30608.84704852841,-3855954.0205754642,3918604.838471639,-3282667.0426939153,-78.56170030347472,True,9.2,1948399.9167109088,5139114.874735736,-3285267.7624311415,16.59495573738651,4974.003272448682,5250.009893009321,19.042497933229598,-13.909436340847655,59833.99396612531
5035.4251731,1015.69588306,0.00065,5e-05,236,S,1,0.5,0.5,0.5,0.5,-,M,PW,nan,nan,nan,2014-11-25T15:21:24.626,30.2226551097,138.842717998,0.0287156321377,0.0287156321377,0.0247703170831,0.0247703170831,2456987.13987,nan,134.53966762812948,-31.00950803261503,30520.877718620675,-3856037.5331313014,3918501.980822442,-3282520.8108872846,-83.74355921671709,True,9.24,1948256.8271216552,5139153.5636579,-3285121.3203153936,17.04940714899025,4892.422583147909,5168.542648512174,19.255616632975972,6.300071079593796,59787.30165645124
