outputs/DTFrag_triangulation/36_2014-11-25_152058_DSC_0594-G_DN141125_01_2018-04-26_163106_martin_nocomment.ecsv
# %ECSV 0.9
# ---
# datatype:
# - {name: x_image, unit: pix, datatype: float64}
# - {name: y_image, unit: pix, datatype: float64}
# - {name: time_err_minus, unit: s, datatype: float64}
# - {name: time_err_plus, unit: s, datatype: float64}
# - {name: de_bruijn_sequence_element_index, datatype: object}
# - {name: dash_start_end, datatype: object}
# - {name: zero_or_one, datatype: int64}
# - {name: err_minus_x_image, unit: pix, datatype: float64}
# - {name: err_plus_x_image, unit: pix, datatype: float64}
# - {name: err_minus_y_image, unit: pix, datatype: float64}
# - {name: err_plus_y_image, unit: pix, datatype: float64}
# - {name: periodic_pulse, datatype: object}
# - {name: pick_flag, datatype: object}
# - {name: encoding_type, datatype: object}
# - {name: brightness_dash_V, unit: adu, datatype: float64}
# - {name: flux_dash_V, unit: adu / s, datatype: float64}
# - {name: aperture_exptime, unit: s, datatype: float64}
# - {name: datetime, datatype: string}
# - {name: altitude, datatype: float64}
# - {name: azimuth, datatype: float64}
# - {name: err_minus_altitude, datatype: float64}
# - {name: err_plus_altitude, datatype: float64}
# - {name: err_minus_azimuth, datatype: float64}
# - {name: err_plus_azimuth, datatype: float64}
# - {name: JD, datatype: float64, description: Julian Date}
# - {name: m_V, unit: adu / s, datatype: float64}
# - {name: longitude, unit: deg, datatype: float64}
# - {name: latitude, unit: deg, datatype: float64}
# - {name: height, unit: m, datatype: float64}
# - {name: X_geo, unit: m, datatype: float64}
# - {name: Y_geo, unit: m, datatype: float64}
# - {name: Z_geo, unit: m, datatype: float64}
# - {name: cross_track_error, unit: m, datatype: float64}
# - {name: timing, datatype: bool}
# - {name: t_rel, unit: s, datatype: float64}
# - {name: X_eci, unit: m, datatype: float64}
# - {name: Y_eci, unit: m, datatype: float64}
# - {name: Z_eci, unit: m, datatype: float64}
# - {name: pos_err, unit: m, datatype: float64}
# - {name: D_DT_geo, unit: m / s, datatype: float64}
# - {name: D_DT_eci, unit: m / s, datatype: float64}
# - {name: D_DT_err, unit: m / s, datatype: float64}
# - {name: along_track_error, unit: m, datatype: float64}
# - {name: range, unit: m, datatype: float64}
# delimiter: ','
# meta: !!omap
# - {origin: Desert Fireball Network}
# - {exposure_time: 25.0}
# - {lens_type: Fisheye}
# - {telescope: DFNSMALL36}
# - {observer: 'DFN automated software http://adsabs.harvard.edu/abs/2012M%26PSA..75.5123T'}
# - {creator: raw_to_fits 6.0}
# - {timing_correction_dictionary_version: DEBUG}
# - {isodate_mid_obs: '2014-11-25T15:21:10.500'}
# - {sidereal_time_hour: 4.598023724157567}
# - {point_picking_user_comment: nocomment}
# - {point_picking_hostname: work-desktop-debian}
# - {obs_latitude: -30.6607733333}
# - {original_raw_filename: 36_2014-11-25_152058_DSC_0594.NEF}
# - {cropped: false}
# - {obs_elevation: 149.1}
# - {instrument: Nikon D800E}
# - {gps_lock: Y}
# - {filter_pattern: RG/GB}
# - {location: Mulgathing}
# - {aperture: 4.0}
# - {isodate_start_obs: '2014-11-25T15:20:58'}
# - {image_file: 36_2014-11-25_152058_DSC_0594-G.tiff}
# - {timing_corrected: true}
# - {NAXIS2: 4924}
# - {NAXIS1: 7378}
# - {event_codename: DN141125_01}
# - {jd_mid_obs: 2456987.139704861}
# - {lens: Samyang_8mm_F3.5}
# - {timing_de_bruijn_encoding_type: pulse_width}
[...]
# - {triangulation_dec_ecef_end_err: 0.01765927412224618}
# - {triangulation_slope_end: 25.860544517550643}
# - {triangulation_slope_end_err: 0.012342776398595772}
# - {triangulation_azimuth_end: -128.19694509144742}
# - {triangulation_azimuth_end_err: 0.01777845646780749}
# - {triangulation_file_1: 38_2014-11-25_152058_DSC_0559-G_DN141125_01_2018-04-26_163331_martin_nocomment.ecsv}
# - {triangulation_file_2: 40_2014-11-25_152058_DSC_0617-G_DN141125_01_2018-04-26_163631_martin_nocomment.ecsv}
# - {triangulation_file_3: 41_2014-11-25_152059_DSC_0674-G_DN141125_01_2018-01-01_212656_ellie_nocomment.ecsv}
# - {triangulation_file_4: 40_2014-11-25_152058_DSC_0617-G_DN141125_01_2018-04-26_163631_martin_nocomment.ecsv}
# - {triangulation_file_5: 38_2014-11-25_152058_DSC_0559-G_DN141125_01_2018-04-26_163331_martin_nocomment.ecsv}
# - {triangulation_t0: '2014-11-25T15:21:15.386'}
# - {triangulation_file_0: 36_2014-11-25_152058_DSC_0594-G_DN141125_01_2018-04-26_163106_martin_nocomment.ecsv}
# - {astropy_version: 3.0.1}
# - {numpy_version: 1.14.2}
# - {scipy_version: 1.0.1}
# schema: astropy-2.0
x_image,y_image,time_err_minus,time_err_plus,de_bruijn_sequence_element_index,dash_start_end,zero_or_one,err_minus_x_image,err_plus_x_image,err_minus_y_image,err_plus_y_image,periodic_pulse,pick_flag,encoding_type,brightness_dash_V,flux_dash_V,aperture_exptime,datetime,altitude,azimuth,err_minus_altitude,err_plus_altitude,err_minus_azimuth,err_plus_azimuth,JD,m_V,longitude,latitude,height,X_geo,Y_geo,Z_geo,cross_track_error,timing,t_rel,X_eci,Y_eci,Z_eci,pos_err,D_DT_geo,D_DT_eci,D_DT_err,along_track_error,range
3162.62637507,825.19714078,0.00065,5e-05,143,E,1,0.5,0.5,0.5,0.5,-,M,PW,nan,nan,nan,2014-11-25T15:21:15.386,35.1734265515,200.873936804,0.0318424073373,0.0318424073373,0.0297372398225,0.0297372398225,2456987.13976,nan,133.76920413331374,-31.592065289419736,80189.2219887091,-3808939.7095450643,3976201.483835051,-3363995.1258670106,-82.43075690694867,True,0.0,2023672.8631294786,5119052.531086185,-3366706.4743985836,37.66472661548389,13907.629308659743,14180.457991535619,7.753791936540844,-50.351683956685896,137122.97827223796
3166.40773693,824.384236991,0.00065,5e-05,144,S,0,0.5,0.5,0.5,0.5,-,M,PW,-813.591151505,-35068.5841166,0.0232,2014-11-25T15:21:15.426,35.1913315006,200.747728227,0.0318829159816,0.0318829159816,0.0297786014545,0.0297786014545,2456987.13976,nan,133.7730925233346,-31.589169633775377,79935.97284318834,-3809178.131552974,3975910.1901595043,-3363585.5245962306,-96.81012092930324,True,0.04,2023294.4051738547,5119153.867212749,-3366296.3168888143,37.38524704323896,13907.28205484295,14180.103322681687,7.753009763546062,-38.386116795230635,136620.08474544625
3168.30057202,823.993376984,0.00065,5e-05,144,E,0,0.5,0.5,0.5,0.5,-,M,PW,nan,nan,nan,2014-11-25T15:21:15.446,35.200643778,200.684710706,0.0318829159816,0.0318829159816,0.0297786014545,0.0297786014545,2456987.13976,nan,133.77503666452432,-31.5877216828715,79809.36204985947,-3809297.336573029,3975764.5478927023,-3363380.724402958,-103.01313593048128,True,0.06,2023105.1826349576,5119204.5309474375,-3366091.2385851606,37.245690397934524,13907.103663138192,14179.921199130004,7.752607616303849,-33.050228873279195,136368.79602258626
3175.88737813,822.533657879,0.00065,5e-05,145,S,1,0.5,0.5,0.5,0.5,-,M,PW,7959.01639841,129204.811662,0.0616,2014-11-25T15:21:15.526,35.2403022922,200.433160072,0.0318223837378,0.0318223837378,0.0297133034378,0.0297133034378,2456987.13976,-0.234005671848,133.78281269221557,-31.581929065406392,79303.01164834268,-3809774.104664163,3975182.0214211037,-3362561.527687206,-120.93495012594282,True,0.14,2022348.336379581,5119407.156773548,-3365270.929473766,36.68871352115681,13906.356607595026,14179.159290195534,7.750885978885407,-16.045242339147052,135364.71397563265
3181.59315365,821.547891229,0.00065,5e-05,145,E,1,0.5,0.5,0.5,0.5,-,M,PW,nan,nan,nan,2014-11-25T15:21:15.586,35.2725793653,200.245034833,0.0317144892336,0.0317144892336,0.0297770322146,0.0297770322146,2456987.13976,nan,133.78864443804227,-31.577583758081907,78923.34693210386,-3810131.646182913,3974745.1520494362,-3361947.1357425367,-127.23029176859767,True,0.2,2021780.74899833,5119559.095256358,-3364655.7033147705,36.27233149476772,13905.759385617937,14178.550925178148,7.749479347637595,-7.85442771296923,134612.78827217993
3185.40450015,820.942622137,0.00065,5e-05,146,S,1,0.5,0.5,0.5,0.5,-,M,PW,9419.44057796,152912.996395,0.0616,2014-11-25T15:21:15.626,35.2953071486,200.119858662,0.0317889778492,0.0317889778492,0.0298316622846,0.0298316622846,2456987.13976,-0.416919949943,133.79253206995102,-31.57468648983588,78670.28439257969,-3810369.986166615,3974453.922556566,-3361537.544575175,-128.12094693091979,True,0.24,2021402.3806483669,5119660.37268448,-3364245.5560416766,35.9954096603931,13905.342616760025,14178.126706891579,7.748480801269212,-4.521291665716847,134112.056773487
3191.17519969,820.131102133,0.00065,5e-05,146,E,1,0.5,0.5,0.5,0.5,-,M,PW,nan,nan,nan,2014-11-25T15:21:15.686,35.3321674919,199.931332049,0.0317889778492,0.0317889778492,0.0298316622846,0.0298316622846,2456987.13976,nan,133.79836304075377,-31.570340001618774,78290.76210693504,-3810727.4521746044,3974017.1153466227,-3360923.1642141966,-122.92082777610254,True,0.3,2020834.8640194677,5119812.266213608,-3363630.3415516834,35.58105514802239,13904.687968929247,14177.460906746448,7.746884016811891,-0.22967678506327702,133361.8058136876
3194.67328629,819.645310792,0.00065,5e-05,147,S,1,0.5,0.5,0.5,0.5,-,M,PW,11731.9234287,190453.302413,0.0616,2014-11-25T15:21:15.726,35.3544113072,199.816988837,0.0317889778492,0.0317889778492,0.0298316622846,0.0298316622846,2456987.13977,-0.655280222555,133.80225025457165,-31.567441956446828,78037.79536921633,-3810965.748747152,3973725.9208169067,-3360513.5821942487,-119.57959294255758,True,0.34,2020456.5441233353,5119913.513335738,-3363220.203504803,35.305523851938,13904.230964150704,14176.996505781364,7.74576367867528,-21.86060128581255,132862.20457372273
3200.46548497,818.957671285,0.00065,5e-05,147,E,1,0.5,0.5,0.5,0.5,-,M,PW,nan,nan,nan,2014-11-25T15:21:15.786,35.3940455959,199.628769046,0.0317889778492,0.0317889778492,0.0298316622846,0.0298316622846,2456987.13977,nan,133.80808074473217,-31.56309431849486,77658.41820609164,-3811323.160016667,3973289.156511768,-3359899.2177831354,-106.92285761963211,True,0.4,2019889.102160442,5120065.360885678,-3362605.0050887084,34.893312852358044,13903.51309495701,14176.267495877571,7.743971545877987,-23.672583693801972,132113.67021653045
3204.50030521,818.589244824,0.00065,5e-05,148,S,1,0.5,0.5,0.5,0.5,-,M,PW,18927.447379,307263.756153,0.0616,2014-11-25T15:21:15.826,35.4244115911,199.498736324,0.0317390450015,0.0317390450015,0.0297783424425,0.0297783424425,2456987.13977,-1.17458729174,133.8119675107066,-31.56019551822297,77405.54919326995,-3811561.4113831595,3972997.9991730694,-3359489.6479889615,-91.09691974387329,True,0.44,2019510.833441175,5120166.57698834,-3362194.8793335166,34.61924987501693,13903.011922152069,14175.758917316027,7.7426897698039,-16.994979207462954,131615.23385541924
3210.44865303,817.794711671,0.00065,5e-05,148,E,1,0.5,0.5,0.5,0.5,-,M,PW,nan,nan,nan,2014-11-25T15:21:15.886,35.4616779168,199.30392702,0.0316638241554,0.0316638241554,0.0299279151326,0.0299279151326,2456987.13977,nan,133.817797136588,-31.555846765588782,77026.32018384198,-3811918.7417073655,3972561.303659372,-3358875.3044424388,-85.33062358962505,True,0.5,2018943.4705107587,5120318.377415178,-3361579.7019085856,34.2093039703617,13902.22452135688,14174.96040420297,7.7406433859308095,-15.241103508105986,130868.47807161002
3214.46548247,817.257219177,0.00065,5e-05,149,S,0,0.5,0.5,0.5,0.5,-,M,PW,3597.6484711,155071.054789,0.0232,2014-11-25T15:21:15.926,35.48648085,199.172203446,0.0315997832243,0.0315997832243,0.0299170758574,0.0299170758574,2456987.13977,-0.432135805894,133.82168342224307,-31.55294723465214,76773.55099957874,-3812156.945889381,3972270.1859252276,-3358465.7502953745,-81.92346233785365,True,0.54,2018565.256003153,5120419.561703389,-3361169.591863355,33.93679594799036,13901.67483436079,14174.40330899181,7.739206535199787,-13.131915593001382,130371.24269514115
3216.66580777,816.952608264,0.00065,5e-05,149,E,0,0.5,0.5,0.5,0.5,-,M,PW,nan,nan,nan,2014-11-25T15:21:15.946,35.4996675414,199.099880504,0.0315997832243,0.0315997832243,0.0299170758574,0.0299170758574,2456987.13977,nan,133.8236264897653,-31.55149736204679,76647.18161190701,-3812276.040715015,3972124.6332522733,-3358260.97592324,-80.89750475295772,True,0.56,2018376.15720235,5120470.148991189,-3360964.5395592516,33.80078398485256,13901.392237448752,14174.117034983186,7.738451383065046,-0.7711806073910297,130122.80870541229
3224.63381795,815.913252886,0.00065,5e-05,150,S,0,0.5,0.5,0.5,0.5,-,M,PW,10912.2602153,470356.043762,0.0232,2014-11-25T15:21:16.026,35.5485212869,198.838366404,0.031624020709,0.031624020709,0.0299828160371,0.0299828160371,2456987.13977,-1.63687577548,133.8313982383072,-31.54569717085306,76141.8063847007,-3812752.3702616184,3971542.465171508,-3357441.8982268274,-73.65847689055535,True,0.64,2017619.8199308764,5120672.465353625,-3360144.350244948,33.25838913743101,13900.208235792656,14172.918223519098,7.735258096485039,-8.389945503245684,129130.31527354324
3226.80359697,815.58690476,0.00065,5e-05,150,E,0,0.5,0.5,0.5,0.5,-,M,PW,nan,nan,nan,2014-11-25T15:21:16.046,35.5604252579,198.766591541,0.031624020709,0.031624020709,0.0299828160371,0.0299828160371,2456987.13977,nan,133.8333410416765,-31.544246950588317,76015.48843582388,-3812871.440030714,3971396.9340836843,-3357237.134154652,-74.75160620284952,True,0.66,2017430.7504438304,5120723.036155933,-3359939.3082839786,33.123214209583296,13899.898328594638,14172.60460749079,7.734412887077695,-0.1988817677319817,128882.50642182068
3235.02286624,814.462254455,0.00065,5e-05,151,S,0,0.5,0.5,0.5,0.5,-,M,PW,7592.78545861,327275.235285,0.0232,2014-11-25T15:21:16.126,35.6079207129,198.495607054,0.0316826854393,0.0316826854393,0.0299802328789,0.0299802328789,2456987.13977,-1.24309181289,133.84111152690227,-31.538445397959492,75510.32154093114,-3813347.655390489,3970814.866447724,-3356418.101780466,-72.37122321325289,True,0.74,2016674.5340898635,5120925.285617315,-3359119.164470832,32.58426580820832,13898.59988013828,14171.29141132018,7.73082839648282,-1.4047301519362776,127892.55698338231
3237.06475445,814.153025235,0.00065,5e-05,151,E,0,0.5,0.5,0.5,0.5,-,M,PW,nan,nan,nan,2014-11-25T15:21:16.146,35.6187036377,198.427887188,0.0316826854393,0.0316826854393,0.0299802328789,0.0299802328789,2456987.13977,nan,133.84305404596827,-31.536994845306907,75384.05630637713,-3813466.6988548,3970669.3584239255,-3356213.3501265836,-73.88979322397749,True,0.76,2016485.495792543,5120975.839442899,-3358914.134967939,32.449976993571106,13898.260083657606,14170.947905898709,7.729882543853216,-3.481803086566732,127645.39307629301
3245.61268457,812.967532593,0.00065,5e-05,152,S,0,0.5,0.5,0.5,0.5,-,M,PW,11632.6248739,501406.244566,0.0232,2014-11-25T15:21:16.226,35.6661343657,198.145241295,0.0317421833441,0.0317421833441,0.0300287569914,0.0300287569914,2456987.13977,-1.70628329952,133.85082351970826,-31.531191994613962,74879.10314463211,-3813942.8181612734,3970087.375113633,-3355394.371921292,-74.13535515422218,True,0.84,2015729.4081936292,5121178.019951101,-3358094.0454934374,31.914674479278396,13896.836767188284,14169.509831497242,7.725823181026439,5.845209073410082,126658.06027930143
3247.60058105,812.708202981,0.00065,5e-05,152,E,0,0.5,0.5,0.5,0.5,-,M,PW,nan,nan,nan,2014-11-25T15:21:16.246,35.6774469049,198.079607394,0.0317421833441,0.0317421833441,0.0300287569914,0.0300287569914,2456987.13977,nan,133.85276573276118,-31.52974112536326,74752.89209778643,-3814061.834061555,3969941.891837343,-3355189.634956365,-73.29195019309547,True,0.86,2015540.4031277078,5121228.556265427,-3357889.0307511524,31.781324844613984,13896.46434415474,14169.133726275018,7.724749394607738,-2.2104700476570915,126411.56203645495
3256.18932531,811.597878085,0.00065,5e-05,153,S,0,0.5,0.5,0.5,0.5,-,M,PW,14473.0311676,623837.550326,0.0232,2014-11-25T15:21:16.326,35.7258350556,197.795805944,0.0316048129966,0.0316048129966,0.029915018947,0.029915018947,2456987.13977,-1.94348773467,133.86053376680638,-31.52393704554609,74248.15852890599,-3814537.828373574,3969360.0220486945,-3354370.72053617,-69.93699569176724,True,0.94,2014784.4528374255,5121430.665581234,-3357069.0052634655,31.249893209236713,13894.90494888516,14167.559607330464,7.720199338207171,-0.6691939352361638,125426.9386259257
3258.12537825,811.369204335,0.00065,5e-05,153,E,0,0.5,0.5,0.5,0.5,-,M,PW,nan,nan,nan,2014-11-25T15:21:16.346,35.7371790594,197.731982508,0.0316048129966,0.0316048129966,0.029915018947,0.029915018947,2456987.13977,nan,133.86247564974292,-31.522485878106796,74122.00317578009,-3814656.815200754,3969214.565274604,-3354166.000797644,-67.98534758580001,True,0.96,2014595.4832216161,5121481.183803516,-3356864.0077847755,31.117539212834984,13894.497090918017,14167.148045444736,7.718999574764399,-14.303388101933455,125181.12755833966
3266.87782542,810.160406219,0.00065,5e-05,154,S,1,0.5,0.5,0.5,0.5,-,M,PW,55522.8019346,901344.18725,0.0616,2014-11-25T15:21:16.426,35.7827207118,197.441301652,0.0315318092664,0.0315318092664,0.0299815628495,0.0299815628495,2456987.13977,-2.34303560931,133.8702424810662,-31.516680642691377,73617.49569872823,-3815132.7018686295,3968632.794131707,-3353347.160548291,-71.20498233091429,True,1.04,2013839.6794855108,5121683.219506958,-3356044.056715634,30.590336661176423,13892.789793972837,14165.426086216072,7.713824144474849,-12.398895534136704,124199.29339470401
3273.47974961,809.348608686,0.00065,5e-05,154,E,1,0.5,0.5,0.5,0.5,-,M,PW,nan,nan,nan,2014-11-25T15:21:16.486,35.8190310383,197.222713668,0.0314035716996,0.0314035716996,0.0299208138983,0.0299208138983,2456987.13977,nan,133.8760666694591,-31.512326145620804,73239.2367031616,-3815489.5396114797,3968196.5380536625,-3352733.0742640207,-68.14951114153111,True,1.1,2013272.9079843897,5121834.706497021,-3355429.137404261,30.197104006547548,13891.426453316937,14164.051718795865,7.709687221591213,-14.558182763486712,123464.42811237465
3277.97275922,808.844134584,0.00065,5e-05,155,S,1,0.5,0.5,0.5,0.5,-,M,PW,60570.0985421,983280.820489,0.0616,2014-11-25T15:21:16.526,35.8446771198,197.074255607,0.0314035716996,0.0314035716996,0.0299208138983,0.0299208138983,2456987.13977,-2.43750287365,133.8799491917846,-31.509422888010373,72987.12309324929,-3815727.4069933784,3967905.7236053655,-3352323.706062067,-63.58141204589272,True,1.14,2012895.1006118169,5121935.678463831,-3355019.2139282,29.936062998057217,13890.476227524632,14163.094150832712,7.706757742145393,-13.394929668454479,122975.24675192252
3284.59805993,808.052651291,0.00065,5e-05,155,E,1,0.5,0.5,0.5,0.5,-,M,PW,nan,nan,nan,2014-11-25T15:21:16.586,35.880517035,196.85459587,0.0313350030686,0.0313350030686,0.0298905070082,0.0298905070082,2456987.13978,nan,133.88577237883453,-31.505067630662378,72609.04274992298,-3816084.1582827647,3967469.549236625,-3351709.6902703764,-60.42895475966788,True,1.2,2012328.4522030626,5122087.106796537,-3354404.3653041003,29.546226173883433,13888.986170679727,14161.593106882465,7.702105349626858,-21.889798805779282,122242.59114573307
3289.23834402,807.500904621,0.00065,5e-05,156,S,1,0.5,0.5,0.5,0.5,-,M,PW,70540.0352883,1145130.44299,0.0616,2014-11-25T15:21:16.626,35.9052451459,196.700589864,0.0313350030686,0.0313350030686,0.0298905070082,0.0298905070082,2456987.13978,-2.60294635457,133.8896540914799,-31.502163888876293,72357.0501382777,-3816321.958410849,3967178.7989404225,-3351300.3722104714,-58.56645977330397,True,1.24,2011950.7296788103,5122188.038929359,-3353994.49209937,29.287529029051104,13887.9504740118,14160.550102494532,7.698632761549965,-17.04028176173123,121754.90978837525
3295.93225009,806.714557178,0.00065,5e-05,156,E,1,0.5,0.5,0.5,0.5,-,M,PW,nan,nan,nan,2014-11-25T15:21:16.686,35.9405387504,196.478255866,0.0311876138913,0.0311876138913,0.0300170990059,0.0300170990059,2456987.13978,nan,133.89547585029595,-31.49780793912936,71979.1541662294,-3816678.594386202,3966742.735385003,-3350686.4363522585,-55.93915982251732,True,1.3,2011384.212730443,5122339.4064156,-3353379.7236113637,28.901322810439183,13886.33118425591,14158.91987309428,7.693426508528804,-29.24879727749103,121024.54493563168
3300.60817853,806.122542162,0.00065,5e-05,157,S,0,0.5,0.5,0.5,0.5,-,M,PW,45645.6046708,1967482.95995,0.0232,2014-11-25T15:21:16.726,35.9635194694,196.322352114,0.0311876138913,0.0311876138913,0.0300170990059,0.0300170990059,2456987.13978,-3.19058640274,133.8993566920035,-31.494903759134115,71727.28647021986,-3816916.323522854,3966452.053806869,-3350277.174850287,-57.24032925982667,True,1.34,2011006.5807345,5122440.297228715,-3352969.907092365,28.645095976739416,13885.203677467347,14157.785074411462,7.689810444941146,-27.384463839612852,120538.41338617796
3303.02917296,805.841839526,0.00065,5e-05,157,E,0,0.5,0.5,0.5,0.5,-,M,PW,nan,nan,nan,2014-11-25T15:21:16.746,35.9760046371,196.241824385,0.0311876138913,0.0311876138913,0.0300170990059,0.0300170990059,2456987.13978,nan,133.90129697584814,-31.493451608343754,71601.37177558198,-3817035.177052353,3966306.7237988883,-3350072.5532699428,-56.47590884511648,True,1.36,2010817.7789118458,5122490.736281415,-3352765.0080090263,28.51737365308593,13884.625093537397,14157.202819223194,7.687945949815527,-22.575399933178087,120295.58499502731
