outputs/DTFrag_triangulation/36_2014-11-25_152058_DSC_0594-G_DN141125_01_2018-04-26_163106_martin_nocomment.ecsv
# %ECSV 0.9
# ---
# datatype:
# - {name: x_image, unit: pix, datatype: float64}
# - {name: y_image, unit: pix, datatype: float64}
# - {name: time_err_minus, unit: s, datatype: float64}
# - {name: time_err_plus, unit: s, datatype: float64}
# - {name: de_bruijn_sequence_element_index, datatype: object}
# - {name: dash_start_end, datatype: object}
# - {name: zero_or_one, datatype: int64}
# - {name: err_minus_x_image, unit: pix, datatype: float64}
# - {name: err_plus_x_image, unit: pix, datatype: float64}
# - {name: err_minus_y_image, unit: pix, datatype: float64}
# - {name: err_plus_y_image, unit: pix, datatype: float64}
# - {name: periodic_pulse, datatype: object}
# - {name: pick_flag, datatype: object}
# - {name: encoding_type, datatype: object}
# - {name: brightness_dash_V, unit: adu, datatype: float64}
# - {name: flux_dash_V, unit: adu / s, datatype: float64}
# - {name: aperture_exptime, unit: s, datatype: float64}
# - {name: datetime, datatype: string}
# - {name: altitude, datatype: float64}
# - {name: azimuth, datatype: float64}
# - {name: err_minus_altitude, datatype: float64}
# - {name: err_plus_altitude, datatype: float64}
# - {name: err_minus_azimuth, datatype: float64}
# - {name: err_plus_azimuth, datatype: float64}
# - {name: JD, datatype: float64, description: Julian Date}
# - {name: m_V, unit: adu / s, datatype: float64}
# - {name: longitude, unit: deg, datatype: float64}
# - {name: latitude, unit: deg, datatype: float64}
# - {name: height, unit: m, datatype: float64}
# - {name: X_geo, unit: m, datatype: float64}
# - {name: Y_geo, unit: m, datatype: float64}
# - {name: Z_geo, unit: m, datatype: float64}
# - {name: cross_track_error, unit: m, datatype: float64}
# - {name: timing, datatype: bool}
# - {name: t_rel, unit: s, datatype: float64}
# - {name: X_eci, unit: m, datatype: float64}
# - {name: Y_eci, unit: m, datatype: float64}
# - {name: Z_eci, unit: m, datatype: float64}
# - {name: pos_err, unit: m, datatype: float64}
# - {name: D_DT_geo, unit: m / s, datatype: float64}
# - {name: D_DT_eci, unit: m / s, datatype: float64}
# - {name: D_DT_err, unit: m / s, datatype: float64}
# - {name: along_track_error, unit: m, datatype: float64}
# - {name: range, unit: m, datatype: float64}
# delimiter: ','
# meta: !!omap
# - {origin: Desert Fireball Network}
# - {exposure_time: 25.0}
# - {lens_type: Fisheye}
# - {telescope: DFNSMALL36}
# - {observer: 'DFN automated software http://adsabs.harvard.edu/abs/2012M%26PSA..75.5123T'}
# - {creator: raw_to_fits 6.0}
# - {timing_correction_dictionary_version: DEBUG}
# - {isodate_mid_obs: '2014-11-25T15:21:10.500'}
# - {sidereal_time_hour: 4.598023724157567}
# - {point_picking_user_comment: nocomment}
# - {point_picking_hostname: work-desktop-debian}
# - {obs_latitude: -30.6607733333}
# - {original_raw_filename: 36_2014-11-25_152058_DSC_0594.NEF}
# - {cropped: false}
# - {obs_elevation: 149.1}
# - {instrument: Nikon D800E}
# - {gps_lock: Y}
# - {filter_pattern: RG/GB}
# - {location: Mulgathing}
# - {aperture: 4.0}
# - {isodate_start_obs: '2014-11-25T15:20:58'}
# - {image_file: 36_2014-11-25_152058_DSC_0594-G.tiff}
# - {timing_corrected: true}
# - {NAXIS2: 4924}
# - {NAXIS1: 7378}
# - {event_codename: DN141125_01}
# - {jd_mid_obs: 2456987.139704861}
# - {lens: Samyang_8mm_F3.5}
# - {timing_de_bruijn_encoding_type: pulse_width}
[...]
# - {triangulation_dec_ecef_end_err: 0.01765927412224618}
# - {triangulation_slope_end: 25.860544517550643}
# - {triangulation_slope_end_err: 0.012342776398595772}
# - {triangulation_azimuth_end: -128.19694509144742}
# - {triangulation_azimuth_end_err: 0.01777845646780749}
# - {triangulation_file_1: 38_2014-11-25_152058_DSC_0559-G_DN141125_01_2018-04-26_163331_martin_nocomment.ecsv}
# - {triangulation_file_2: 40_2014-11-25_152058_DSC_0617-G_DN141125_01_2018-04-26_163631_martin_nocomment.ecsv}
# - {triangulation_file_3: 41_2014-11-25_152059_DSC_0674-G_DN141125_01_2018-01-01_212656_ellie_nocomment.ecsv}
# - {triangulation_file_4: 40_2014-11-25_152058_DSC_0617-G_DN141125_01_2018-04-26_163631_martin_nocomment.ecsv}
# - {triangulation_file_5: 38_2014-11-25_152058_DSC_0559-G_DN141125_01_2018-04-26_163331_martin_nocomment.ecsv}
# - {triangulation_t0: '2014-11-25T15:21:15.386'}
# - {triangulation_file_0: 36_2014-11-25_152058_DSC_0594-G_DN141125_01_2018-04-26_163106_martin_nocomment.ecsv}
# - {astropy_version: 3.0.1}
# - {numpy_version: 1.14.2}
# - {scipy_version: 1.0.1}
# schema: astropy-2.0
x_image,y_image,time_err_minus,time_err_plus,de_bruijn_sequence_element_index,dash_start_end,zero_or_one,err_minus_x_image,err_plus_x_image,err_minus_y_image,err_plus_y_image,periodic_pulse,pick_flag,encoding_type,brightness_dash_V,flux_dash_V,aperture_exptime,datetime,altitude,azimuth,err_minus_altitude,err_plus_altitude,err_minus_azimuth,err_plus_azimuth,JD,m_V,longitude,latitude,height,X_geo,Y_geo,Z_geo,cross_track_error,timing,t_rel,X_eci,Y_eci,Z_eci,pos_err,D_DT_geo,D_DT_eci,D_DT_err,along_track_error,range
[from data line 59]
3521.15221778,786.199209458,0.00065,5e-05,173,S,1,0.5,0.5,0.5,0.5,-,M,PW,1730604.08593,28094222.1742,0.0616,2014-11-25T15:21:18.326,36.8440346625,188.892542264,0.0315502941845,0.0315502941845,0.0294223958163,0.0294223958163,2456987.1398,-6.07735148495,134.05411982654476,-31.378731360188585,61705.29431604447,-3826390.9105373346,3954861.118869462,-3333944.5690250513,-51.1778769907417,True,2.94,1995948.089405361,5126457.909205005,-3336615.169441511,19.570276508917463,13788.852915097887,14061.152636215376,7.349676775508943,-43.10125074411812,101720.72480038613
3531.31065417,785.599953358,0.00065,5e-05,173,E,1,0.5,0.5,0.5,0.5,-,M,PW,nan,nan,nan,2014-11-25T15:21:18.386,36.8731811739,188.546786665,0.0316549951728,0.0316549951728,0.0295233830465,0.0295233830465,2456987.1398,nan,134.05989615026186,-31.374381918216173,61332.0797039382,-3826744.320154443,3954428.543212911,-3333334.5374847045,-51.247199158586874,True,3.0,1995386.0604976353,5126607.6536143925,-3336004.3118879567,19.289983935702033,13782.27555749109,14054.565304914295,7.326515444112745,-26.472599881005245,101044.1604645095
3537.68953687,785.24411777,0.00065,5e-05,174,S,1,0.5,0.5,0.5,0.5,-,M,PW,1815344.38069,29469876.3099,0.0616,2014-11-25T15:21:18.426,36.8911450863,188.329576086,0.0317057432692,0.0317057432692,0.0295744554274,0.0295744554274,2456987.1398,-6.12925473612,134.06374524381943,-31.371482969424488,61083.408005344536,-3826979.8070432507,3954140.2934815586,-3332928.002909969,-50.91902996568706,True,3.04,1995011.5302595317,5126707.433725808,-3335597.226864192,19.10624995164002,13777.71713304709,14050.000296249375,7.310504746405208,-37.814634416494634,100594.5414825845
3547.68947679,784.659568182,0.00065,5e-05,174,E,1,0.5,0.5,0.5,0.5,-,M,PW,nan,nan,nan,2014-11-25T15:21:18.486,36.9170542581,187.988627196,0.0315788888364,0.0315788888364,0.0294694503655,0.0294694503655,2456987.1398,nan,134.06951660654943,-31.36713563913578,60710.61406447375,-3827332.887077621,3953708.0938241715,-3332318.4411805035,-53.06580436365078,True,3.1,1994449.9776885675,5126857.027242179,-3334986.8398131984,18.835423072289803,13770.60930307722,14042.88260122167,7.28564572780918,-39.09149416768661,99922.28566282438
3554.44728276,784.286868495,0.00065,5e-05,175,S,0,0.5,0.5,0.5,0.5,-,M,PW,1207732.28111,52057425.9099,0.0232,2014-11-25T15:21:18.526,36.9342088487,187.758130796,0.0315199516248,0.0315199516248,0.0294352576747,0.0294352576747,2456987.1398,-6.74701567773,134.07336243525262,-31.364238193399103,60462.23089765038,-3827568.1582415896,3953420.092984723,-3331912.2330817175,-54.11438714627007,True,3.14,1994075.7767422688,5126956.703698361,-3334580.0817564153,18.658105670224504,13765.684560371115,14037.951333289704,7.268521176631176,-39.01589494672237,99475.59077164489
3557.8614283,784.098390311,0.00065,5e-05,175,E,0,0.5,0.5,0.5,0.5,-,M,PW,nan,nan,nan,2014-11-25T15:21:18.546,36.9425590977,187.641620573,0.0315199516248,0.0315199516248,0.0294352576747,0.0294352576747,2456987.1398,nan,134.07528480969333,-31.36278971514084,60338.08414783957,-3827685.758173305,3953276.1334204483,-3331709.180634105,-54.88784207580275,True,3.16,1993888.7279741303,5127006.525775515,-3334376.754392705,18.570436879002678,13763.164747153434,14035.428258108886,7.259764694431445,-38.339456065424635,99252.69262802787
3571.76279963,783.344154146,0.00065,5e-05,176,S,1,0.5,0.5,0.5,0.5,-,M,PW,2476557.75658,40203859.6847,0.0616,2014-11-25T15:21:18.626,36.9747900891,187.166898417,0.0311280239769,0.0311280239769,0.0294947510217,0.0294947510217,2456987.1398,-6.46647832498,134.08297041444132,-31.35699752681224,59841.804384141156,-3828155.90125287,3952700.5884304466,-3330897.328134259,-59.11086122232642,True,3.24,1993140.8894546677,5127205.703320896,-3333563.8028050526,18.22644375225669,13752.689942154058,14024.940537109,7.223634359685638,-31.03041079989323,98364.14947033118
3582.42303743,782.777042177,0.00065,5e-05,176,E,1,0.5,0.5,0.5,0.5,-,M,PW,nan,nan,nan,2014-11-25T15:21:18.686,36.9974888485,186.802511187,0.0311731311461,0.0311731311461,0.029568843012,0.029568843012,2456987.1398,nan,134.08873067429215,-31.352655318379306,59469.927057294044,-3828508.2501176405,3952269.2290922515,-3330288.8306569937,-63.494773617254545,True,3.3,1992580.3996739432,5127354.966338974,-3332954.48157119,17.975593372870446,13744.40303391594,14016.644033084274,7.195284280433727,-22.015116565812345,97701.00505199171
3589.45447664,782.422070966,0.00065,5e-05,177,S,1,0.5,0.5,0.5,0.5,-,M,PW,2401770.9898,38989788.7954,0.0616,2014-11-25T15:21:18.726,37.0119079535,186.562066176,0.0312346056411,0.0312346056411,0.0296304499505,0.0296304499505,2456987.1398,-6.43318616014,134.09256882154335,-31.349761499704286,59222.172764769195,-3828743.0167958033,3951981.8093769657,-3329883.3615307095,-66.27679722305373,True,3.34,1992206.933280371,5127454.415677926,-3332548.463562353,17.811820339877567,13738.664672597783,14010.899296761227,7.175814170445376,-23.067082839074924,97260.4981802968
3600.34461163,781.969277121,0.00065,5e-05,177,E,1,0.5,0.5,0.5,0.5,-,M,PW,nan,nan,nan,2014-11-25T15:21:18.786,37.0353596866,186.189778731,0.0316030211796,0.0316030211796,0.0295259597687,0.0295259597687,2456987.1398,nan,134.0983228827473,-31.345422345173034,58850.79496964291,-3829094.960603196,3951550.9185931035,-3329275.464514493,-67.00890380823286,True,3.4,1991647.035253808,5127603.497712275,-3331939.743665258,17.571415404573823,13729.724198209758,14001.949394250738,7.145712274093859,-14.203639808538783,96602.16983352698
3607.3306374,781.657597937,0.00065,5e-05,178,S,0,0.5,0.5,0.5,0.5,-,M,PW,1460463.38995,62951008.1876,0.0232,2014-11-25T15:21:18.826,37.0486520653,185.950701516,0.0316030211796,0.0316030211796,0.0295259597687,0.0295259597687,2456987.1398,-6.95331567829,134.10215657448794,-31.34253068056527,58603.38353020899,-3829329.436176618,3951263.834048217,-3328870.412045257,-69.39833412975841,True,3.44,1991273.9778106322,5127702.82262986,-3331534.1429293407,17.414736896184987,13723.534679566717,13995.753604554762,7.125025534667477,-24.42339793510247,96164.93534021462
3610.93541913,781.536966014,0.00065,5e-05,178,E,0,0.5,0.5,0.5,0.5,-,M,PW,nan,nan,nan,2014-11-25T15:21:18.846,37.0563600001,185.827433899,0.0317078827784,0.0317078827784,0.0294930169321,0.0294930169321,2456987.1398,nan,134.10407283061446,-31.341085194757653,58479.73121698028,-3829446.635977073,3951120.337058901,-3328667.9515625075,-68.86915210523816,True,3.46,1991087.513275117,5127752.465684393,-3331331.408376739,17.337479323032728,13720.369241065553,13992.585028511778,7.114511836349243,-25.499389320805122,95946.81971798616
3625.3079633,781.113043604,0.00065,5e-05,179,S,0,0.5,0.5,0.5,0.5,-,M,PW,1605216.18292,69190352.7121,0.0232,2014-11-25T15:21:18.926,37.0864635202,185.335784396,0.0317078827784,0.0317078827784,0.0294930169321,0.0294930169321,2456987.1398,-7.05592281479,134.11173320881622,-31.33530567968507,57985.48758523645,-3829915.1337167663,3950546.6998093855,-3327858.5641974537,-65.70600442223807,True,3.54,1990342.0976301439,5127950.904738896,-3330520.925481249,17.035698983900932,13707.220650303017,13979.424101746052,7.071269740568067,-38.98708837176766,95077.76493912854
3628.46882389,781.087010084,0.00065,5e-05,179,E,0,0.5,0.5,0.5,0.5,-,M,PW,nan,nan,nan,2014-11-25T15:21:18.946,37.0945821967,185.227799115,0.0317078827784,0.0317078827784,0.0294930169321,0.0294930169321,2456987.1398,nan,134.1136471069304,-31.333861434476603,57862.020295018716,-3830032.180659176,3950403.3807797446,-3327656.3346704417,-62.03752831985504,True,3.56,1990155.8575605112,5128000.480373295,-3330318.422235017,16.96209943295409,13703.808491291798,13976.008854446769,7.060144157176446,-63.7572576670398,94861.36596014808
3643.11817139,780.674053348,0.00065,5e-05,180,S,0,0.5,0.5,0.5,0.5,-,M,PW,1737850.89833,74907366.3071,0.0232,2014-11-25T15:21:19.026,37.1211763405,184.726033055,0.0315348593234,0.0315348593234,0.0293328325276,0.0293328325276,2456987.1398,-7.14212027309,134.1212975314397,-31.32808715027601,57368.5393396347,-3830500.0339196958,3949830.4931499464,-3326847.908404565,-61.43647897138871,True,3.64,1989411.3726140952,5128198.641192123,-3329508.901806142,16.675134343293355,13689.638784508552,13961.827015133344,7.014505929515977,-78.54100966009527,93999.30820188485
3646.86753795,780.600443099,0.00065,5e-05,180,E,0,0.5,0.5,0.5,0.5,-,M,PW,nan,nan,nan,2014-11-25T15:21:19.046,37.1283154395,184.597619748,0.0316026102091,0.0316026102091,0.0293155903812,0.0293155903812,2456987.1398,nan,134.123208892872,-31.326644281695504,57245.26847739055,-3830616.917142534,3949687.3654759657,-3326645.9287000503,-60.223154709837836,True,3.66,1989225.3736487452,5128248.145071411,-3329306.648737909,16.605263710158372,13685.96256137488,13958.147780171272,7.002818070992347,-80.11429116651905,93784.69099387084
3662.50957762,780.076584414,0.00065,5e-05,181,S,1,0.5,0.5,0.5,0.5,-,M,PW,3043359.86956,49405192.6877,0.0616,2014-11-25T15:21:19.126,37.1489127467,184.06097179,0.0315669924938,0.0315669924938,0.0292114754416,0.0292114754416,2456987.1398,-6.69024044712,134.13084896218587,-31.320875791780423,56752.597101602456,-3831084.1040861593,3949115.2601245395,-3325838.5414999304,-67.54715305814234,True,3.74,1988481.8882327855,5128446.009722598,-3328498.1688519143,16.33329227713751,13670.700272452661,13942.873600861343,6.95494595732816,-64.84897478622135,92929.89345928199
3674.54730569,779.71484787,0.00065,5e-05,181,E,1,0.5,0.5,0.5,0.5,-,M,PW,nan,nan,nan,2014-11-25T15:21:19.186,37.1629847396,183.647805886,0.0315055999449,0.0315055999449,0.0291641694754,0.0291641694754,2456987.13981,nan,134.1365729782545,-31.316552728585464,56383.54039963114,-3831434.1058646827,3948686.6345812166,-3325233.58288074,-73.32751000852178,True,3.8,1987924.8309141367,5128594.244390378,-3327892.3915134748,16.137300795107727,13658.646837264143,13930.811350900605,6.917897344068492,-47.72146494873113,92292.7274657481
3682.79121482,779.463256189,0.00065,5e-05,182,S,1,0.5,0.5,0.5,0.5,-,M,PW,3069827.99037,49834869.9735,0.0616,2014-11-25T15:21:19.226,37.1709943338,183.364723963,0.0314400066901,0.0314400066901,0.0291095463792,0.0291095463792,2456987.13981,-6.69964227715,134.1403861833926,-31.313672353781236,56137.72321353214,-3831667.261142281,3948401.0965536856,-3324830.56717476,-78.53613247809803,True,3.84,1987553.7359855692,5128692.986496957,-3327488.8304207684,16.010449849885518,13650.31038944805,13922.469118414787,6.8926366526990615,-30.502768177921944,91869.8655463428
3694.87604986,779.239687109,0.00065,5e-05,182,E,1,0.5,0.5,0.5,0.5,-,M,PW,nan,nan,nan,2014-11-25T15:21:19.286,37.1848412349,182.949876175,0.0313856495461,0.0313856495461,0.0290412179492,0.0290412179492,2456987.13981,nan,134.14610144309057,-31.309354423752648,55769.33920379588,-3832016.7031106334,3947973.1320425277,-3324226.496788446,-80.74768965268193,True,3.9,1986997.5244745747,5128840.97399368,-3326883.9425859307,15.825906236899531,13637.338145051111,13909.488271197468,6.853969925903995,-22.797943301346404,91238.50079894115
3703.22582847,779.144467656,0.00065,5e-05,183,S,1,0.5,0.5,0.5,0.5,-,M,PW,2870702.71283,46602316.7668,0.0616,2014-11-25T15:21:19.326,37.1946318089,182.663222753,0.0313215247048,0.0313215247048,0.0289873017035,0.0289873017035,2456987.13981,-6.62682772238,134.14990848133357,-31.306477637471776,55523.98428499103,-3832249.4641931285,3947688.0584246153,-3323824.096237092,-80.56973885323565,True,3.94,1986627.0136866209,5128939.546041428,-3326480.997494889,15.706690873517529,13628.368399254714,13900.51286115473,6.827747912877546,-8.681839847662308,90819.57795450429
3715.15871009,779.09691426,0.00065,5e-05,183,E,1,0.5,0.5,0.5,0.5,-,M,PW,nan,nan,nan,2014-11-25T15:21:19.386,37.2090750373,182.253509561,0.0315065762333,0.0315065762333,0.0289501283927,0.0289501283927,2456987.13981,nan,134.15561398521933,-31.302165348292355,55156.3151450059,-3832598.2827279707,3947260.8270122856,-3323220.9842780456,-77.64684963533112,True,4.0,1986071.709896628,5129087.2702452745,-3325877.0694201603,15.533605997596247,13614.413954300051,13886.550052328883,6.787734278450133,-18.793766408331653,90194.23411068608
3723.72091803,779.072831928,0.00065,5e-05,184,S,0,0.5,0.5,0.5,0.5,-,M,PW,1824688.42668,78650363.2189,0.0232,2014-11-25T15:21:19.426,37.2181505687,181.959407319,0.0314557856979,0.0314557856979,0.0290315996396,0.0290315996396,2456987.13981,-7.195060785,134.159414399086,-31.2992925002508,54911.45155619775,-3832830.621718807,3946976.2520124796,-3322819.2472370365,-76.30317985252827,True,4.04,1985701.8259196724,5129185.66112409,-3325474.788754735,15.422023296457462,13604.767300616784,13876.897888456588,6.760606149363899,-3.1459865397104534,89779.39966332533
3727.63030864,779.156626756,0.00065,5e-05,184,E,0,0.5,0.5,0.5,0.5,-,M,PW,nan,nan,nan,2014-11-25T15:21:19.446,37.2246814648,181.825200723,0.0314071638249,0.0314071638249,0.0289822318884,0.0289822318884,2456987.13981,nan,134.16131356624663,-31.29785670200079,54789.09633363314,-3832946.7250634916,3946834.042728126,-3322618.483066798,-71.54821520185196,True,4.06,1985516.9822136506,5129234.828278919,-3325273.752921717,15.36737060346107,13599.838120104043,13871.965950757776,6.746936617116693,-12.366042112867332,89572.6101783354
3743.99376102,779.345865451,0.00065,5e-05,185,S,1,0.5,0.5,0.5,0.5,-,M,PW,2956759.93618,47999349.6133,0.0616,2014-11-25T15:21:19.526,37.2441977753,181.262969992,0.0315519962535,0.0315519962535,0.028928510898,0.028928510898,2456987.13981,-6.65889733542,134.16890307263733,-31.29211785901499,54300.20104504945,-3833410.6836042013,3946265.7444817564,-3321816.1468548477,-61.45120370165679,True,4.14,1984778.2844487948,5129431.302648565,-3324470.331047361,15.156270685013878,13579.393209817783,13851.510259617582,6.691542181913114,-25.514522730427252,88749.70974588142
3756.29816412,779.552214247,0.00065,5e-05,185,E,1,0.5,0.5,0.5,0.5,-,M,PW,nan,nan,nan,2014-11-25T15:21:19.586,37.2575908856,180.839984936,0.0317350528278,0.0317350528278,0.0288360776261,0.0288360776261,2456987.13981,nan,134.17458722227968,-31.287818516558847,53934.099841996285,-3833758.1455220813,3945840.119644798,-3321215.1818703567,-53.26112946218907,True,4.2,1984224.9991315652,5129578.447411485,-3323868.5529281115,15.005848963349056,13563.267409739443,13835.376582487412,6.649371994465293,-41.63097748162465,88137.09355837459
3764.88642652,779.693712968,0.00065,5e-05,186,S,0,0.5,0.5,0.5,0.5,-,M,PW,1880894.83014,81073053.0233,0.0232,2014-11-25T15:21:19.626,37.2652375996,180.544626882,0.0317350528278,0.0317350528278,0.0288360776261,0.0288360776261,2456987.13981,-7.22800027313,134.1783728860097,-31.284954692693262,53690.31412915921,-3833989.548738832,3945556.6541047837,-3320814.9304423733,-48.88156623938828,True,4.24,1983856.5086969412,5129676.439530113,-3323467.7599317883,14.909264513234506,13552.124414892844,13824.228404679543,6.620978341236632,-39.81745228056066,87730.90165164637
3769.10946879,779.737025937,0.00065,5e-05,186,E,0,0.5,0.5,0.5,0.5,-,M,PW,nan,nan,nan,2014-11-25T15:21:19.646,37.2677229303,180.399354847,0.03161738871,0.03161738871,0.0291534705643,0.0291534705643,2456987.13981,nan,134.18026452027289,-31.283523527670376,53568.507892214235,-3834105.1745756147,3945415.011354688,-3320614.925815768,-48.24648515534673,True,4.26,1983672.3765149545,5129725.40346511,-3323267.484680614,14.862073207562409,13546.432041585762,13818.533440780026,6.606735292470376,-43.01670051271386,87528.48122858786
