outputs/DTFrag_triangulation/38_2014-11-25_152058_DSC_0559-G_DN141125_01_2018-04-26_163331_martin_nocomment.ecsv
# %ECSV 0.9
# ---
# datatype:
# - {name: x_image, unit: pix, datatype: float64}
# - {name: y_image, unit: pix, datatype: float64}
# - {name: time_err_minus, unit: s, datatype: float64}
# - {name: time_err_plus, unit: s, datatype: float64}
# - {name: de_bruijn_sequence_element_index, datatype: object}
# - {name: dash_start_end, datatype: object}
# - {name: zero_or_one, datatype: int64}
# - {name: err_minus_x_image, unit: pix, datatype: float64}
# - {name: err_plus_x_image, unit: pix, datatype: float64}
# - {name: err_minus_y_image, unit: pix, datatype: float64}
# - {name: err_plus_y_image, unit: pix, datatype: float64}
# - {name: periodic_pulse, datatype: object}
# - {name: pick_flag, datatype: object}
# - {name: encoding_type, datatype: object}
# - {name: brightness_dash_V, unit: adu, datatype: float64}
# - {name: flux_dash_V, unit: adu / s, datatype: float64}
# - {name: aperture_exptime, unit: s, datatype: float64}
# - {name: datetime, datatype: string}
# - {name: altitude, datatype: float64}
# - {name: azimuth, datatype: float64}
# - {name: err_minus_altitude, datatype: float64}
# - {name: err_plus_altitude, datatype: float64}
# - {name: err_minus_azimuth, datatype: float64}
# - {name: err_plus_azimuth, datatype: float64}
# - {name: JD, datatype: float64, description: Julian Date}
# - {name: m_V, unit: adu / s, datatype: float64}
# - {name: longitude, unit: deg, datatype: float64}
# - {name: latitude, unit: deg, datatype: float64}
# - {name: height, unit: m, datatype: float64}
# - {name: X_geo, unit: m, datatype: float64}
# - {name: Y_geo, unit: m, datatype: float64}
# - {name: Z_geo, unit: m, datatype: float64}
# - {name: cross_track_error, unit: m, datatype: float64}
# - {name: timing, datatype: bool}
# - {name: t_rel, unit: s, datatype: float64}
# - {name: X_eci, unit: m, datatype: float64}
# - {name: Y_eci, unit: m, datatype: float64}
# - {name: Z_eci, unit: m, datatype: float64}
# - {name: pos_err, unit: m, datatype: float64}
# - {name: D_DT_geo, unit: m / s, datatype: float64}
# - {name: D_DT_eci, unit: m / s, datatype: float64}
# - {name: D_DT_err, unit: m / s, datatype: float64}
# - {name: along_track_error, unit: m, datatype: float64}
# - {name: range, unit: m, datatype: float64}
# delimiter: ','
# meta: !!omap
# - {origin: Desert Fireball Network}
# - {exposure_time: 25.0}
# - {lens_type: Fisheye}
# - {telescope: DFNSMALL38}
# - {observer: 'DFN automated software http://adsabs.harvard.edu/abs/2012M%26PSA..75.5123T'}
# - {creator: raw_to_fits 6.0}
# - {timing_correction_dictionary_version: DEBUG}
# - {isodate_mid_obs: '2014-11-25T15:21:10.500'}
# - {sidereal_time_hour: 4.670575946357566}
# - {point_picking_user_comment: nocomment}
# - {point_picking_hostname: work-desktop-debian}
# - {obs_latitude: -30.85765}
# - {original_raw_filename: 38_2014-11-25_152058_DSC_0559.NEF}
# - {cropped: false}
# - {obs_elevation: 164.4}
# - {instrument: Nikon D800E}
# - {gps_lock: Y}
# - {filter_pattern: RG/GB}
# - {location: NorthWell}
# - {aperture: 4.0}
# - {isodate_start_obs: '2014-11-25T15:20:58'}
# - {image_file: 38_2014-11-25_152058_DSC_0559-G.tiff}
# - {timing_corrected: true}
# - {NAXIS2: 4924}
# - {NAXIS1: 7378}
# - {event_codename: DN141125_01}
# - {jd_mid_obs: 2456987.139704861}
# - {lens: Samyang_8mm_F3.5}
# - {timing_de_bruijn_encoding_type: pulse_width}
[...]
# - {triangulation_dec_ecef_end_err: 0.01727283270545214}
# - {triangulation_slope_end: 25.55496913623331}
# - {triangulation_slope_end_err: 0.012221639560541866}
# - {triangulation_azimuth_end: -128.40241238151495}
# - {triangulation_azimuth_end_err: 0.01736104607751158}
# - {triangulation_file_1: 38_2014-11-25_152058_DSC_0559-G_DN141125_01_2018-04-26_163331_martin_nocomment.ecsv}
# - {triangulation_file_2: 40_2014-11-25_152058_DSC_0617-G_DN141125_01_2018-04-26_163631_martin_nocomment.ecsv}
# - {triangulation_file_3: 41_2014-11-25_152059_DSC_0674-G_DN141125_01_2018-01-01_212656_ellie_nocomment.ecsv}
# - {triangulation_file_4: 40_2014-11-25_152058_DSC_0617-G_DN141125_01_2018-04-26_163631_martin_nocomment.ecsv}
# - {triangulation_file_5: 38_2014-11-25_152058_DSC_0559-G_DN141125_01_2018-04-26_163331_martin_nocomment.ecsv}
# - {triangulation_t0: '2014-11-25T15:21:15.386'}
# - {triangulation_file_0: 36_2014-11-25_152058_DSC_0594-G_DN141125_01_2018-04-26_163106_martin_nocomment.ecsv}
# - {astropy_version: 3.0.1}
# - {numpy_version: 1.14.2}
# - {scipy_version: 1.0.1}
# schema: astropy-2.0
x_image,y_image,time_err_minus,time_err_plus,de_bruijn_sequence_element_index,dash_start_end,zero_or_one,err_minus_x_image,err_plus_x_image,err_minus_y_image,err_plus_y_image,periodic_pulse,pick_flag,encoding_type,brightness_dash_V,flux_dash_V,aperture_exptime,datetime,altitude,azimuth,err_minus_altitude,err_plus_altitude,err_minus_azimuth,err_plus_azimuth,JD,m_V,longitude,latitude,height,X_geo,Y_geo,Z_geo,cross_track_error,timing,t_rel,X_eci,Y_eci,Z_eci,pos_err,D_DT_geo,D_DT_eci,D_DT_err,along_track_error,range
[from data line 59]
1747.50852345,2025.48807099,0.00065,5e-05,203,E,1,0.5,0.5,0.5,0.5,-,M,PW,nan,nan,nan,2014-11-25T15:21:21.386,23.8968943973,248.96976358,0.0273165058553,0.0273165058553,0.0225925582897,0.0225925582897,2456987.13983,nan,134.33951684826494,-31.16265021128283,43336.04423852776,-3843833.2176694693,3933491.1170785404,-3303762.8287642747,-129.47249454162497,True,6.0,1968152.2658958116,5133848.437494423,-3306392.5781935216,12.50585409790765,12357.385173622197,12629.439267371852,7.108098105876198,61.94447916777914,105061.66759244897
1746.47873706,2027.99817532,0.00065,5e-05,204,S,0,0.5,0.5,0.5,0.5,-,M,PW,1005696.53959,43348988.7756,0.0232,2014-11-25T15:21:21.426,23.8853122984,249.043314672,0.0273165058553,0.0273165058553,0.0225925582897,0.0225925582897,2456987.13983,-6.60630131689,134.3429574152596,-31.160030235763088,43115.44416596314,-3844043.2467688494,3933233.5166062647,-3303398.4180412786,-129.93885269338713,True,6.04,1967816.1195352776,5133937.692389157,-3306027.673455986,12.45843693222418,12303.25114645905,12575.311843374106,7.233269801421051,25.472111044561252,104595.50847125257
1744.35480263,2032.69657574,0.00065,5e-05,204,E,0,0.5,0.5,0.5,0.5,-,M,PW,nan,nan,nan,2014-11-25T15:21:21.446,23.8580079458,249.18215094,0.0273165058553,0.0273165058553,0.0225925582897,0.0225925582897,2456987.13983,nan,134.3446719635533,-31.158724475080046,43005.51860696612,-3844147.908811921,3933105.1457173927,-3303216.814124797,-121.67478732218231,True,6.06,1967648.582503848,5133982.177778371,-3305845.823312864,12.435174244361223,12275.680524497586,12547.744693303976,7.296702959643736,181.32225738729264,104363.29694830316
1743.38937788,2035.52848832,0.00065,5e-05,205,S,0,0.5,0.5,0.5,0.5,-,M,PW,927603.112739,39982892.7905,0.0232,2014-11-25T15:21:21.526,23.8499937948,249.26379329,0.0273165058553,0.0273165058553,0.0225925582897,0.0225925582897,2456987.13983,-6.51853942068,134.35149064934146,-31.15353046355642,42568.38315865413,-3844564.1285370803,3932594.618775591,-3302494.52529893,-130.8362996867947,True,6.14,1966982.1118430975,5134159.1455427315,-3305122.555010983,12.346158337404596,12161.976116648713,12434.055390993975,7.553536547360521,-5.863775037875216,103440.38803264663
1741.39416675,2039.84071884,0.00065,5e-05,205,E,0,0.5,0.5,0.5,0.5,-,M,PW,nan,nan,nan,2014-11-25T15:21:21.546,23.8231981389,249.391337444,0.0273165058553,0.0273165058553,0.0225925582897,0.0225925582897,2456987.13983,nan,134.3531852859843,-31.152239405651958,42459.75620741436,-3844667.5673368927,3932467.738599987,-3302315.010462536,-120.6417416895328,True,6.16,1966816.4361038364,5134203.138187938,-3304942.796691389,12.325182377764564,12132.68100919181,12404.76439821477,7.617854832501223,129.0779100570792,103211.19145993033
1739.65640221,2043.95986441,0.00065,5e-05,206,S,1,0.5,0.5,0.5,0.5,-,M,PW,1386918.41313,22514909.3041,0.0616,2014-11-25T15:21:21.626,23.8019362265,249.512026051,0.0275344170951,0.0275344170951,0.0227109269192,0.0227109269192,2456987.13983,-5.89502939423,134.35992206262983,-31.147106082337636,42027.96832024574,-3845078.7574464753,3931963.3448330574,-3301601.3355630254,-118.1082898225054,True,6.24,1966157.6370808072,5134378.076277777,-3304228.153575059,12.24806886798872,12011.950153580843,12284.05126324087,7.872508123287842,8.141992361910615,102300.61450594521
1736.95321293,2051.03964586,0.00065,5e-05,206,E,1,0.5,0.5,0.5,0.5,-,M,PW,nan,nan,nan,2014-11-25T15:21:21.686,23.7725583449,249.71753507,0.0274607294295,0.0274607294295,0.0226650438735,0.0226650438735,2456987.13983,nan,134.36492938506598,-31.14328962692192,41707.07163075902,-3845384.371244838,3931588.43751201,-3301070.8316860804,-126.64651601133038,True,6.3,1965667.767633934,5134508.161864353,-3303696.929755955,12.198657118356216,11917.607188294343,12189.723098698096,8.05585608748889,105.115004939347,101624.4472069558
1736.11651149,2052.77741039,0.00065,5e-05,207,S,0,0.5,0.5,0.5,0.5,-,M,PW,1032591.39311,44508249.7032,0.0232,2014-11-25T15:21:21.726,23.7604904279,249.768993085,0.0274607294295,0.0274607294295,0.0226650438735,0.0226650438735,2456987.13983,-6.63495517933,134.3682451156731,-31.14076188292931,41494.59071152429,-3845586.732537234,3931340.181072688,-3300719.506385268,-120.49105321983714,True,6.34,1965343.2733686455,5134594.334778898,-3303345.127567065,12.170657548994184,11852.872362490216,12124.998841305329,8.173553907194378,30.003432177262297,101177.00648655788
1734.185662,2056.83219432,0.00065,5e-05,207,E,0,0.5,0.5,0.5,0.5,-,M,PW,nan,nan,nan,2014-11-25T15:21:21.746,23.7327398336,249.888851519,0.0274607294295,0.0274607294295,0.0226650438735,0.0226650438735,2456987.13984,nan,134.36989621549057,-31.139503098666445,41388.79508415723,-3845687.4986206656,3931216.559923417,-3300544.5633607656,-107.46146448223982,True,6.36,1965181.6662796936,5134637.252254222,-3303169.947022908,12.158278770701184,11819.946440469814,12092.078437033877,8.230545897250362,148.7344990207783,100954.29691571185
1732.89842901,2060.95133989,0.00065,5e-05,208,S,1,0.5,0.5,0.5,0.5,-,M,PW,1431514.55142,23238872.588,0.0616,2014-11-25T15:21:21.826,23.7227680022,250.0065017,0.0274607294295,0.0274607294295,0.0226650438735,0.0226650438735,2456987.13984,-5.9293915267,134.3764537307935,-31.134502821959085,40968.65475368173,-3846087.6863251547,3930725.584533326,-3299849.7179106404,-124.33138104771858,True,6.44,1964539.6185228925,5134807.766176455,-3302474.1579907746,12.12085569499719,11684.484816940952,11956.640504816909,8.442862266918567,16.399378777366874,100070.40524341949
1730.06651643,2068.03112134,0.00065,5e-05,208,E,1,0.5,0.5,0.5,0.5,-,M,PW,nan,nan,nan,2014-11-25T15:21:21.886,23.6880675173,250.212230032,0.0275421784758,0.0275421784758,0.0226724768845,0.0226724768845,2456987.13984,nan,134.38132116242656,-31.13079036042892,40656.8369841612,-3846384.716795794,3930361.1481353305,-3299333.913549468,-124.90503850046862,True,6.5,1964062.820007121,5134934.402189685,-3301957.652894558,12.106405887547027,11578.89670774059,11851.071911349605,8.582582190072214,109.61198960716185,99414.97570898254
1729.22981498,2069.89760917,0.00065,5e-05,209,S,1,0.5,0.5,0.5,0.5,-,M,PW,1450848.33564,23552732.7214,0.0616,2014-11-25T15:21:21.926,23.6763238852,250.266949948,0.0275421784758,0.0275421784758,0.0226724768845,0.0226724768845,2456987.13984,-5.94395714883,134.38454100340766,-31.12833397957582,40450.57429571965,-3846581.1957265185,3930120.0688265767,-3298992.6668043057,-120.70813810973219,True,6.54,1963747.2847573427,5135018.21192651,-3301615.9424208957,12.10421935292572,11506.585690186188,11778.77480797544,8.664884517700317,38.764820873120634,98981.70829946607
1726.655349,2076.01196588,0.00065,5e-05,209,E,1,0.5,0.5,0.5,0.5,-,M,PW,nan,nan,nan,2014-11-25T15:21:21.986,23.6420523782,250.445100598,0.0275421784758,0.0275421784758,0.0226724768845,0.0226724768845,2456987.13984,nan,134.38933252484935,-31.124678128979262,40143.67170501161,-3846873.571323635,3929761.313835691,-3298484.844817017,-114.59480861282886,True,6.6,1963277.5775731143,5135142.979227152,-3301107.430134933,12.112477974802694,11395.221615357677,11667.432923279648,8.769450744205365,86.68231907502276,98337.43478386427
1725.62556261,2078.77951681,0.00065,5e-05,210,S,1,0.5,0.5,0.5,0.5,-,M,PW,1194893.14246,19397615.949,0.0616,2014-11-25T15:21:22.026,23.630074625,250.524899757,0.0274831163409,0.0274831163409,0.022858471274,0.022858471274,2456987.13984,-5.73322478094,134.39250058181418,-31.12226053080114,39940.77057839028,-3847066.8766563796,3929524.111453549,-3298149.062464325,-117.62294090834109,True,6.64,1962966.8953009078,5135225.510694489,-3300771.1911718817,12.125974547072278,11319.04154256887,11591.268617468504,8.825292213748245,54.50043716042922,97911.76707982752
1723.56598982,2084.37898032,0.00065,5e-05,210,E,1,0.5,0.5,0.5,0.5,-,M,PW,nan,nan,nan,2014-11-25T15:21:22.086,23.6061533092,250.686120136,0.0274831163409,0.0274831163409,0.022858471274,0.022858471274,2456987.13984,nan,134.39721214942224,-31.11866442340979,39639.037794778335,-3847354.3512194124,3929171.340198369,-3297649.6519967373,-124.45335046398769,True,6.7,1962504.6563636265,5135348.311743502,-3300271.1013781712,12.158525486595087,11201.859278219808,11474.111471295433,8.886134363218876,71.52329991054178,97279.1781628371
1722.60056508,2086.6959997,0.00065,5e-05,211,S,0,0.5,0.5,0.5,0.5,-,M,PW,842344.454983,36307950.6458,0.0232,2014-11-25T15:21:22.126,23.5930123556,250.753424065,0.0274831163409,0.0274831163409,0.022858471274,0.022858471274,2456987.13984,-6.41385823067,134.4003253824113,-31.11628770221466,39439.668320172554,-3847544.29528561,3928938.2394347833,-3297319.6208651015,-122.01511287573193,True,6.74,1962199.0789849656,5135429.499764599,-3299940.6211533,12.188499600892508,11121.799853488346,11394.069833930245,8.91026874760641,20.415809149231173,96861.48985239441
1721.18460879,2089.65663558,0.00065,5e-05,211,E,0,0.5,0.5,0.5,0.5,-,M,PW,nan,nan,nan,2014-11-25T15:21:22.146,23.5710971349,250.840387846,0.0274831163409,0.0274831163409,0.022858471274,0.022858471274,2456987.13984,nan,134.40187362777885,-31.115105672303656,39340.529520650525,-3847638.7550119204,3928822.316177949,-3297155.4952606047,-111.01837680704651,True,6.76,1962047.0799723915,5135469.886065903,-3299776.272157229,12.205956479592505,11081.189531627864,11353.46870520293,8.917143917128827,80.78097000218789,96653.86679158725
1719.17899237,2095.327824,0.00065,5e-05,212,S,1,0.5,0.5,0.5,0.5,-,M,PW,1091316.93677,17716184.0385,0.0616,2014-11-25T15:21:22.226,23.5481645565,251.002939699,0.0274831163409,0.0274831163409,0.022858471274,0.022858471274,2456987.13984,-5.63477934749,134.40800898537796,-31.110420731924616,38947.692619786634,-3848013.063508282,3928362.935343018,-3296505.0591395614,-120.32267049119307,True,6.84,1961444.4654214787,5135630.016296595,-3299124.9503991506,12.29195308666476,10914.902235231782,11187.220451249435,8.90810626262666,19.89323775353875,95831.72316121381
1716.51003422,2101.86677148,0.00065,5e-05,212,E,1,0.5,0.5,0.5,0.5,-,M,PW,nan,nan,nan,2014-11-25T15:21:22.286,23.5113438713,251.192116246,0.0275373970312,0.0275373970312,0.0228370553993,0.0228370553993,2456987.13984,nan,134.41254850455022,-31.106953524815623,38657.06315607142,-3848289.9970979095,3928023.039265391,-3296023.7603530004,-115.07508882158851,True,6.9,1960998.294331814,5135748.592255047,-3298642.9958941555,12.372339985396904,10786.186614131308,11058.536523417513,8.861148928503164,81.41905415314949,95224.0727311147
1715.71386858,2103.81619848,0.00065,5e-05,213,S,0,0.5,0.5,0.5,0.5,-,M,PW,828931.118978,35729789.6111,0.0232,2014-11-25T15:21:22.326,23.5002314775,251.248471497,0.0275373970312,0.0275373970312,0.0228370553993,0.0228370553993,2456987.13984,-6.39643003695,134.41554436683845,-31.104664811008927,38465.26385158221,-3848472.7512722914,3927798.721702591,-3295706.087357262,-113.24784590447187,True,6.94,1960703.677822327,5135826.899192635,-3298324.889907111,12.433051898192417,10698.4977712027,10970.87003254605,8.809941393688112,13.755677659319366,94823.3527226594
1713.97452397,2108.13882314,0.00065,5e-05,213,E,0,0.5,0.5,0.5,0.5,-,M,PW,nan,nan,nan,2014-11-25T15:21:22.346,23.4761081249,251.373219603,0.0275373970312,0.0275373970312,0.0228370553993,0.0228370553993,2456987.13984,nan,134.41703313087314,-31.103527402612468,38369.9601549193,-3848563.567629319,3927687.2495648274,-3295548.2253141263,-110.51883478465558,True,6.96,1960557.233400289,5135865.825788174,-3298166.812646596,12.465356855019003,10654.097898439022,10926.481688710877,8.778265432968839,129.58324783567974,94624.31545575004
1712.37314908,2112.14226037,0.00065,5e-05,214,S,0,0.5,0.5,0.5,0.5,-,M,PW,594783.942879,25637238.9172,0.0232,2014-11-25T15:21:22.426,23.4537838609,251.488615527,0.0275373970312,0.0275373970312,0.0228370553993,0.0228370553993,2456987.13984,-6.03603201625,134.4229253183046,-31.09902502405442,37992.793148365774,-3848922.9835624946,3927246.0653199186,-3294923.4005232733,-107.84906666499229,True,7.04,1959977.3259115615,5136019.990939643,-3297541.135582101,12.607456641960935,10472.851198837332,10745.283665271054,8.611049606384713,-0.715775886036559,93837.18163301605
1711.17211791,2116.1456976,0.00065,5e-05,214,E,0,0.5,0.5,0.5,0.5,-,M,PW,nan,nan,nan,2014-11-25T15:21:22.446,23.442238738,251.6018577,0.0275373970312,0.0275373970312,0.0228370553993,0.0228370553993,2456987.13984,nan,134.42438239631764,-31.09791143927723,37899.529123017106,-3849011.85985347,3927136.964136704,-3294768.876928375,-122.30888244861822,True,7.06,1959833.8400580788,5136058.140861886,-3297386.4011109755,12.645226285989729,10426.643897040873,10699.08920090157,8.559035697841203,93.09513215738835,93642.6835957385
1709.03695139,2121.21671809,0.00065,5e-05,215,S,0,0.5,0.5,0.5,0.5,-,M,PW,596485.308817,25710573.6559,0.0232,2014-11-25T15:21:22.526,23.4103929491,251.748360388,0.0275373970312,0.0275373970312,0.0228370553993,0.0228370553993,2456987.13984,-6.03913330649,134.43014518979135,-31.093506286248537,37530.67664364354,-3849363.3532722504,3926705.4607316633,-3294157.6696101585,-113.8212250113261,True,7.14,1959265.9980332328,5136209.139658955,-3296774.3592599975,12.804034782042867,10238.350567842583,10510.849948140136,8.31167809728825,13.239478742071647,92874.03077722304
1707.83592022,2125.08670742,0.00065,5e-05,215,E,0,0.5,0.5,0.5,0.5,-,M,PW,nan,nan,nan,2014-11-25T15:21:22.546,23.3976294842,251.857899882,0.0275373970312,0.0275373970312,0.0228370553993,0.0228370553993,2456987.13984,nan,134.4315693534304,-31.092417481214643,37439.52940370713,-3849450.214898368,3926598.8224280216,-3294006.6149851186,-125.44654671628439,True,7.16,1959125.5851586757,5136246.483388209,-3296623.098269062,12.845216545264654,10190.432272933982,10462.945879426748,8.24039775236461,101.22902230013406,92684.22497253728
1705.96764951,2129.62393628,0.00065,5e-05,216,S,0,0.5,0.5,0.5,0.5,-,M,PW,581041.221547,25044880.2391,0.0232,2014-11-25T15:21:22.626,23.3697225314,251.988555679,0.0275373970312,0.0275373970312,0.0228370553993,0.0228370553993,2456987.13985,-6.01065128785,134.43719832086447,-31.08811327244526,37079.29015638506,-3849793.5189196537,3926177.3337012376,-3293409.532055374,-119.03361493268937,True,7.24,1958570.2527836703,5136394.201277967,-3296025.1991859,13.01312763001998,9995.520301140925,10268.093742701814,7.920910411654956,-1.0775229949658733,91934.6150097227
1704.36627462,2133.62737351,0.00065,5e-05,216,E,0,0.5,0.5,0.5,0.5,-,M,PW,nan,nan,nan,2014-11-25T15:21:22.646,23.3461467464,252.103506002,0.0276412400821,0.0276412400821,0.0230477760295,0.0230477760295,2456987.13985,nan,134.43858841802682,-31.087050147201627,36990.33169549415,-3849878.2957491633,3926073.2442965116,-3293262.0689058993,-115.44453377341159,True,7.26,1958433.0202049736,5136430.711152226,-3295877.5343449623,13.055297542605695,9946.010502446394,10218.599626444344,7.833415284558338,97.60821958820515,91749.64290832872
1702.64845372,2138.50712758,0.00065,5e-05,217,S,1,0.5,0.5,0.5,0.5,-,M,PW,855848.175056,13893639.2055,0.0616,2014-11-25T15:21:22.726,23.3235441446,252.242357255,0.0276412400821,0.0276412400821,0.0230477760295,0.0230477760295,2456987.13985,-5.37089393156,134.44407879074768,-31.0828503465719,36638.98301167303,-3850213.1180611607,3925662.1242601275,-3292679.581848037,-120.210961363385,True,7.34,1957890.6103330858,5136575.041780271,-3295294.2501323204,13.221874831353528,9745.01487317404,10017.66998288734,7.459612720521065,7.7892957414037065,91019.64331775242
1699.88090279,2144.94329254,0.00065,5e-05,217,E,1,0.5,0.5,0.5,0.5,-,M,PW,nan,nan,nan,2014-11-25T15:21:22.786,23.2793808769,252.427724948,0.0276412400821,0.0276412400821,0.0230477760295,0.0230477760295,2456987.13985,nan,134.44812224003226,-31.079756707663915,36380.25023156256,-3850459.6882562474,3925359.346549767,-3292250.5691224895,-105.45761841284427,True,7.4,1957490.753234763,5136681.468730751,-3294864.6497492804,13.341499839970304,9591.346577238568,9864.054558810683,7.163132935249127,66.35122220917283,90482.63419735621
