outputs/DTFrag_triangulation/38_2014-11-25_152058_DSC_0559-G_DN141125_01_2018-04-26_163331_martin_nocomment.ecsv
# %ECSV 0.9
# ---
# datatype:
# - {name: x_image, unit: pix, datatype: float64}
# - {name: y_image, unit: pix, datatype: float64}
# - {name: time_err_minus, unit: s, datatype: float64}
# - {name: time_err_plus, unit: s, datatype: float64}
# - {name: de_bruijn_sequence_element_index, datatype: object}
# - {name: dash_start_end, datatype: object}
# - {name: zero_or_one, datatype: int64}
# - {name: err_minus_x_image, unit: pix, datatype: float64}
# - {name: err_plus_x_image, unit: pix, datatype: float64}
# - {name: err_minus_y_image, unit: pix, datatype: float64}
# - {name: err_plus_y_image, unit: pix, datatype: float64}
# - {name: periodic_pulse, datatype: object}
# - {name: pick_flag, datatype: object}
# - {name: encoding_type, datatype: object}
# - {name: brightness_dash_V, unit: adu, datatype: float64}
# - {name: flux_dash_V, unit: adu / s, datatype: float64}
# - {name: aperture_exptime, unit: s, datatype: float64}
# - {name: datetime, datatype: string}
# - {name: altitude, datatype: float64}
# - {name: azimuth, datatype: float64}
# - {name: err_minus_altitude, datatype: float64}
# - {name: err_plus_altitude, datatype: float64}
# - {name: err_minus_azimuth, datatype: float64}
# - {name: err_plus_azimuth, datatype: float64}
# - {name: JD, datatype: float64, description: Julian Date}
# - {name: m_V, unit: adu / s, datatype: float64}
# - {name: longitude, unit: deg, datatype: float64}
# - {name: latitude, unit: deg, datatype: float64}
# - {name: height, unit: m, datatype: float64}
# - {name: X_geo, unit: m, datatype: float64}
# - {name: Y_geo, unit: m, datatype: float64}
# - {name: Z_geo, unit: m, datatype: float64}
# - {name: cross_track_error, unit: m, datatype: float64}
# - {name: timing, datatype: bool}
# - {name: t_rel, unit: s, datatype: float64}
# - {name: X_eci, unit: m, datatype: float64}
# - {name: Y_eci, unit: m, datatype: float64}
# - {name: Z_eci, unit: m, datatype: float64}
# - {name: pos_err, unit: m, datatype: float64}
# - {name: D_DT_geo, unit: m / s, datatype: float64}
# - {name: D_DT_eci, unit: m / s, datatype: float64}
# - {name: D_DT_err, unit: m / s, datatype: float64}
# - {name: along_track_error, unit: m, datatype: float64}
# - {name: range, unit: m, datatype: float64}
# delimiter: ','
# meta: !!omap
# - {origin: Desert Fireball Network}
# - {exposure_time: 25.0}
# - {lens_type: Fisheye}
# - {telescope: DFNSMALL38}
# - {observer: 'DFN automated software http://adsabs.harvard.edu/abs/2012M%26PSA..75.5123T'}
# - {creator: raw_to_fits 6.0}
# - {timing_correction_dictionary_version: DEBUG}
# - {isodate_mid_obs: '2014-11-25T15:21:10.500'}
# - {sidereal_time_hour: 4.670575946357566}
# - {point_picking_user_comment: nocomment}
# - {point_picking_hostname: work-desktop-debian}
# - {obs_latitude: -30.85765}
# - {original_raw_filename: 38_2014-11-25_152058_DSC_0559.NEF}
# - {cropped: false}
# - {obs_elevation: 164.4}
# - {instrument: Nikon D800E}
# - {gps_lock: Y}
# - {filter_pattern: RG/GB}
# - {location: NorthWell}
# - {aperture: 4.0}
# - {isodate_start_obs: '2014-11-25T15:20:58'}
# - {image_file: 38_2014-11-25_152058_DSC_0559-G.tiff}
# - {timing_corrected: true}
# - {NAXIS2: 4924}
# - {NAXIS1: 7378}
# - {event_codename: DN141125_01}
# - {jd_mid_obs: 2456987.139704861}
# - {lens: Samyang_8mm_F3.5}
# - {timing_de_bruijn_encoding_type: pulse_width}
[...]
# - {triangulation_dec_ecef_end_err: 0.01727283270545214}
# - {triangulation_slope_end: 25.55496913623331}
# - {triangulation_slope_end_err: 0.012221639560541866}
# - {triangulation_azimuth_end: -128.40241238151495}
# - {triangulation_azimuth_end_err: 0.01736104607751158}
# - {triangulation_file_1: 38_2014-11-25_152058_DSC_0559-G_DN141125_01_2018-04-26_163331_martin_nocomment.ecsv}
# - {triangulation_file_2: 40_2014-11-25_152058_DSC_0617-G_DN141125_01_2018-04-26_163631_martin_nocomment.ecsv}
# - {triangulation_file_3: 41_2014-11-25_152059_DSC_0674-G_DN141125_01_2018-01-01_212656_ellie_nocomment.ecsv}
# - {triangulation_file_4: 40_2014-11-25_152058_DSC_0617-G_DN141125_01_2018-04-26_163631_martin_nocomment.ecsv}
# - {triangulation_file_5: 38_2014-11-25_152058_DSC_0559-G_DN141125_01_2018-04-26_163331_martin_nocomment.ecsv}
# - {triangulation_t0: '2014-11-25T15:21:15.386'}
# - {triangulation_file_0: 36_2014-11-25_152058_DSC_0594-G_DN141125_01_2018-04-26_163106_martin_nocomment.ecsv}
# - {astropy_version: 3.0.1}
# - {numpy_version: 1.14.2}
# - {scipy_version: 1.0.1}
# schema: astropy-2.0
x_image,y_image,time_err_minus,time_err_plus,de_bruijn_sequence_element_index,dash_start_end,zero_or_one,err_minus_x_image,err_plus_x_image,err_minus_y_image,err_plus_y_image,periodic_pulse,pick_flag,encoding_type,brightness_dash_V,flux_dash_V,aperture_exptime,datetime,altitude,azimuth,err_minus_altitude,err_plus_altitude,err_minus_azimuth,err_plus_azimuth,JD,m_V,longitude,latitude,height,X_geo,Y_geo,Z_geo,cross_track_error,timing,t_rel,X_eci,Y_eci,Z_eci,pos_err,D_DT_geo,D_DT_eci,D_DT_err,along_track_error,range
1835.66373616,1830.43819104,0.00065,5e-05,172,E,1,0.5,0.5,0.5,0.5,-,M,PW,nan,nan,nan,2014-11-25T15:21:18.286,24.7163171375,243.109979504,0.027799569442,0.027799569442,0.023019944143,0.023019944143,2456987.13979,nan,134.05026737939335,-31.38163162402039,61954.238719543966,-3826155.199773576,3955149.6214034,-3334351.4039548645,-137.19893929493236,True,2.9,1996322.9258543958,5126358.031457443,-3337022.5552746677,19.76018799765515,13793.069948725286,14065.37633776842,7.36457018902713,-81.91362811429602,144878.07543972367
1834.65265052,1831.44927669,0.00065,5e-05,173,S,1,0.5,0.5,0.5,0.5,-,M,PW,520054.183256,8442438.03987,0.0616,2014-11-25T15:21:18.326,24.6988761772,243.145826834,0.027799569442,0.027799569442,0.023019944143,0.023019944143,2456987.1398,-4.83002359454,134.05411982654476,-31.378731360188585,61705.29431604447,-3826390.9105373346,3954861.118869462,-3333944.5690250513,-104.00924154914861,True,2.94,1995948.089405361,5126457.909205005,-3336615.169441511,19.570276508917463,13788.852915097887,14061.152636215376,7.349676775508943,-124.21822653760591,144341.93765634325
1832.63047923,1834.2803165,0.00065,5e-05,173,E,1,0.5,0.5,0.5,0.5,-,M,PW,nan,nan,nan,2014-11-25T15:21:18.386,24.6714923181,243.238683133,0.027799569442,0.027799569442,0.023019944143,0.023019944143,2456987.1398,nan,134.05989615026186,-31.374381918216173,61332.0797039382,-3826744.320154443,3954428.543212911,-3333334.5374847045,-63.254427762431405,True,3.0,1995386.0604976353,5126607.6536143925,-3336004.3118879567,19.289983935702033,13782.27555749109,14054.565304914295,7.326515444112745,-100.17356512386799,143538.2701526735
1832.83269635,1835.6958364,0.00065,5e-05,174,S,1,0.5,0.5,0.5,0.5,-,M,PW,609904.214179,9901042.43798,0.0616,2014-11-25T15:21:18.426,24.6900969074,243.27399269,0.0277167215644,0.0277167215644,0.022996338018,0.022996338018,2456987.1398,-5.00305619458,134.06374524381943,-31.371482969424488,61083.408005344536,-3826979.8070432507,3954140.2934815586,-3332928.002909969,-119.77886268000901,True,3.04,1995011.5302595317,5126707.433725808,-3335597.226864192,19.10624995164002,13777.71713304709,14050.000296249375,7.310504746405208,-157.21483183749388,143002.87390415353
1831.21495932,1838.72909333,0.00065,5e-05,174,E,1,0.5,0.5,0.5,0.5,-,M,PW,nan,nan,nan,2014-11-25T15:21:18.486,24.6751708747,243.368407013,0.0277167215644,0.0277167215644,0.022996338018,0.022996338018,2456987.1398,nan,134.06951660654943,-31.36713563913578,60710.61406447375,-3827332.887077621,3953708.0938241715,-3332318.4411805035,-110.65558876031757,True,3.1,1994449.9776885675,5126857.027242179,-3334986.8398131984,18.835423072289803,13770.60930307722,14042.88260122167,7.28564572780918,-137.21987004929562,142200.3303871468
1830.40609081,1840.14461324,0.00065,5e-05,175,S,0,0.5,0.5,0.5,0.5,-,M,PW,824284.351673,35529497.9169,0.0232,2014-11-25T15:21:18.526,24.6667130369,243.412939912,0.0277167215644,0.0277167215644,0.022996338018,0.022996338018,2456987.1398,-6.39032656541,134.07336243525262,-31.364238193399103,60462.23089765038,-3827568.1582415896,3953420.092984723,-3331912.2330817175,-102.95661042980929,True,3.14,1994075.7767422688,5126956.703698361,-3334580.0817564153,18.658105670224504,13765.684560371115,14037.951333289704,7.268521176631176,-166.67529025862135,141665.69180617205
1828.58613664,1843.17787017,0.00065,5e-05,175,E,0,0.5,0.5,0.5,0.5,-,M,PW,nan,nan,nan,2014-11-25T15:21:18.546,24.6461589544,243.509106578,0.0277167215644,0.0277167215644,0.022996338018,0.022996338018,2456987.1398,nan,134.07528480969333,-31.36278971514084,60338.08414783957,-3827685.758173305,3953276.1334204483,-3331709.180634105,-81.01371038283939,True,3.16,1993888.7279741303,5127006.525775515,-3334376.754392705,18.570436879002678,13763.164747153434,14035.428258108886,7.259764694431445,-12.079752444447653,141398.49231558418
1822.7218399,1855.10868078,0.00065,5e-05,177,E,1,0.5,0.5,0.5,0.5,-,M,PW,nan,nan,nan,2014-11-25T15:21:18.786,24.5983691642,243.875248915,0.0276407945831,0.0276407945831,0.0229579449714,0.0229579449714,2456987.1398,nan,134.0983228827473,-31.345422345173034,58850.79496964291,-3829094.960603196,3951550.9185931035,-3329275.464514493,-74.1613837057142,True,3.4,1991647.035253808,5127603.497712275,-3331939.743665258,17.571415404573823,13729.724198209758,14001.949394250738,7.145712274093859,4.26382475494362,138198.709525863
1822.51962277,1856.52420069,0.00065,5e-05,178,S,0,0.5,0.5,0.5,0.5,-,M,PW,707132.065355,30479830.4032,0.0232,2014-11-25T15:21:18.826,24.6057470101,243.914288681,0.0275599777647,0.0275599777647,0.0229405079731,0.0229405079731,2456987.1398,-6.223885255,134.10215657448794,-31.34253068056527,58603.38353020899,-3829329.436176618,3951263.834048217,-3328870.412045257,-103.32389734150244,True,3.44,1991273.9778106322,5127702.82262986,-3331534.1429293407,17.414736896184987,13723.534679566717,13995.753604554762,7.125025534667477,-49.05341397554492,137666.67715197135
1821.10410287,1859.55745762,0.00065,5e-05,178,E,0,0.5,0.5,0.5,0.5,-,M,PW,nan,nan,nan,2014-11-25T15:21:18.846,24.5951754943,244.006619629,0.0275599777647,0.0275599777647,0.0229405079731,0.0229405079731,2456987.1398,nan,134.10407283061446,-31.341085194757653,58479.73121698028,-3829446.635977073,3951120.337058901,-3328667.9515625075,-105.50930267689033,True,3.46,1991087.513275117,5127752.465684393,-3331331.408376739,17.337479323032728,13720.369241065553,13992.585028511778,7.114511836349243,85.99857615097108,137400.796557596
1820.29523435,1861.57962891,0.00065,5e-05,179,S,0,0.5,0.5,0.5,0.5,-,M,PW,634406.381646,27345102.6572,0.0232,2014-11-25T15:21:18.926,24.5916540816,244.066973293,0.0275599777647,0.0275599777647,0.0229405079731,0.0229405079731,2456987.1398,-6.10605278488,134.11173320881622,-31.33530567968507,57985.48758523645,-3829915.1337167663,3950546.6998093855,-3327858.5641974537,-114.87288189637387,True,3.54,1990342.0976301439,5127950.904738896,-3330520.925481249,17.035698983900932,13707.220650303017,13979.424101746052,7.071269740568067,-56.340665612710026,136338.24779759801
1818.67749732,1864.20845159,0.00065,5e-05,179,E,0,0.5,0.5,0.5,0.5,-,M,PW,nan,nan,nan,2014-11-25T15:21:18.946,24.5718136376,244.150363528,0.0275599777647,0.0275599777647,0.0229405079731,0.0229405079731,2456987.1398,nan,134.1136471069304,-31.333861434476603,57862.020295018716,-3830032.180659176,3950403.3807797446,-3327656.3346704417,-92.82497529279216,True,3.56,1990155.8575605112,5128000.480373295,-3330318.422235017,16.96209943295409,13703.808491291798,13976.008854446769,7.060144157176446,60.09153238558762,136072.85967357643
1817.86862881,1866.43284001,0.00065,5e-05,180,S,0,0.5,0.5,0.5,0.5,-,M,PW,711984.031364,30688966.8691,0.0232,2014-11-25T15:21:19.026,24.5699358817,244.216012657,0.0275599777647,0.0275599777647,0.0229405079731,0.0229405079731,2456987.1398,-6.23130956045,134.1212975314397,-31.32808715027601,57368.5393396347,-3830500.0339196958,3949830.4931499464,-3326847.908404565,-107.74021152312383,True,3.64,1989411.3726140952,5128198.641192123,-3329508.901806142,16.675134343293355,13689.638784508552,13961.827015133344,7.014505929515977,-74.97318390466128,135012.35168698223
1816.4531089,1869.26387982,0.00065,5e-05,180,E,0,0.5,0.5,0.5,0.5,-,M,PW,nan,nan,nan,2014-11-25T15:21:19.046,24.5570870435,244.302901027,0.0275599777647,0.0275599777647,0.0229405079731,0.0229405079731,2456987.1398,nan,134.123208892872,-31.326644281695504,57245.26847739055,-3830616.917142534,3949687.3654759657,-3326645.9287000503,-103.47966496942612,True,3.66,1989225.3736487452,5128248.145071411,-3329306.648737909,16.605263710158372,13685.96256137488,13958.147780171272,7.002818070992347,44.26856196935096,134747.48523811213
1815.64424039,1871.89270249,0.00065,5e-05,181,S,1,0.5,0.5,0.5,0.5,-,M,PW,1044809.40248,16961191.5987,0.0616,2014-11-25T15:21:19.126,24.5585947406,244.379192767,0.0275599777647,0.0275599777647,0.0229405079731,0.0229405079731,2456987.1398,-5.58749478985,134.13084896218587,-31.320875791780423,56752.597101602456,-3831084.1040861593,3949115.2601245395,-3325838.5414999304,-129.317062709613,True,3.74,1988481.8882327855,5128446.009722598,-3328498.1688519143,16.33329227713751,13670.700272452661,13942.873600861343,6.95494595732816,-73.13964888522221,133689.11218556503
1813.6220691,1876.74591359,0.00065,5e-05,181,E,1,0.5,0.5,0.5,0.5,-,M,PW,nan,nan,nan,2014-11-25T15:21:19.186,24.5469132924,244.52457196,0.0275599777647,0.0275599777647,0.0229405079731,0.0229405079731,2456987.13981,nan,134.1365729782545,-31.316552728585464,56383.54039963114,-3831434.1058646827,3948686.6345812166,-3325233.58288074,-145.13799860980575,True,3.8,1987924.8309141367,5128594.244390378,-3327892.3915134748,16.137300795107727,13658.646837264143,13930.811350900605,6.917897344068492,25.610274201768586,132896.51574550034
1813.6220691,1878.56586775,0.00065,5e-05,182,S,1,0.5,0.5,0.5,0.5,-,M,PW,1125035.89422,18263569.7114,0.0616,2014-11-25T15:21:19.226,24.5627952681,244.572607231,0.0275599777647,0.0275599777647,0.0229405079731,0.0229405079731,2456987.13981,-5.66781805623,134.1403861833926,-31.313672353781236,56137.72321353214,-3831667.261142281,3948401.0965536856,-3324830.56717476,-195.43046319426801,True,3.84,1987553.7359855692,5128692.986496957,-3327488.8304207684,16.010449849885518,13650.31038944805,13922.469118414787,6.8926366526990615,-19.905333794533963,132368.71476860662
1809.57772652,1882.00355895,0.00065,5e-05,182,E,1,0.5,0.5,0.5,0.5,-,M,PW,nan,nan,nan,2014-11-25T15:21:19.286,24.4840538847,244.697699001,0.0275599777647,0.0275599777647,0.0229405079731,0.0229405079731,2456987.13981,nan,134.14610144309057,-31.309354423752648,55769.33920379588,-3832016.7031106334,3947973.1320425277,-3324226.496788446,-52.69215570923558,True,3.9,1986997.5244745747,5128840.97399368,-3326883.9425859307,15.825906236899531,13637.338145051111,13909.488271197468,6.853969925903995,53.55149660188301,131577.89613751534
1809.57772652,1883.62129598,0.00065,5e-05,183,S,1,0.5,0.5,0.5,0.5,-,M,PW,876923.190959,14235766.087,0.0616,2014-11-25T15:21:19.326,24.4980368317,244.740391448,0.0275599777647,0.0275599777647,0.0229405079731,0.0229405079731,2456987.13981,-5.39730599795,134.14990848133357,-31.306477637471776,55523.98428499103,-3832249.4641931285,3947688.0584246153,-3323824.096237092,-97.07576965929216,True,3.94,1986627.0136866209,5128939.546041428,-3326480.997494889,15.706690873517529,13628.368399254714,13900.51286115473,6.827747912877546,-4.660273118391156,131051.3020064156
1807.75777236,1887.46342143,0.00065,5e-05,183,E,1,0.5,0.5,0.5,0.5,-,M,PW,nan,nan,nan,2014-11-25T15:21:19.386,24.4822005973,244.857147711,0.0275599777647,0.0275599777647,0.0229405079731,0.0229405079731,2456987.13981,nan,134.15561398521933,-31.302165348292355,55156.3151450059,-3832598.2827279707,3947260.8270122856,-3323220.9842780456,-95.85569439289057,True,4.0,1986071.709896628,5129087.2702452745,-3325877.0694201603,15.533605997596247,13614.413954300051,13886.550052328883,6.787734278450133,26.827289194171936,130262.38074034244
1807.75777236,1888.6767242,0.00065,5e-05,184,S,0,0.5,0.5,0.5,0.5,-,M,PW,937983.356476,40430317.0895,0.0232,2014-11-25T15:21:19.426,24.49260023,244.889192365,0.0275599777647,0.0275599777647,0.0229405079731,0.0229405079731,2456987.13981,-6.53062175825,134.159414399086,-31.2992925002508,54911.45155619775,-3832830.621718807,3946976.2520124796,-3322819.2472370365,-128.54474593445977,True,4.04,1985701.8259196724,5129185.66112409,-3325474.788754735,15.422023296457462,13604.767300616784,13876.897888456588,6.760606149363899,-53.91834793085412,129737.07976198864
1806.14003532,1892.51884965,0.00065,5e-05,184,E,0,0.5,0.5,0.5,0.5,-,M,PW,nan,nan,nan,2014-11-25T15:21:19.446,24.4818966003,245.004214256,0.0275762406903,0.0275762406903,0.0228950861258,0.0228950861258,2456987.13981,nan,134.16131356624663,-31.29785670200079,54789.09633363314,-3832946.7250634916,3946834.042728126,-3322618.483066798,-138.58819265228652,True,4.06,1985516.9822136506,5129234.828278919,-3325273.752921717,15.36737060346107,13599.838120104043,13871.965950757776,6.746936617116693,112.20397800430206,129474.63049313522
1804.52229829,1894.54102094,0.00065,5e-05,185,S,1,0.5,0.5,0.5,0.5,-,M,PW,1028781.76191,16701002.6284,0.0616,2014-11-25T15:21:19.526,24.4555513659,245.071088016,0.0275762406903,0.0275762406903,0.0228950861258,0.0228950861258,2456987.13981,-5.57071025054,134.16890307263733,-31.29211785901499,54300.20104504945,-3833410.6836042013,3946265.7444817564,-3321816.1468548477,-99.4072942306047,True,4.14,1984778.2844487948,5129431.302648565,-3324470.331047361,15.156270685013878,13579.393209817783,13851.510259617582,6.691542181913114,-31.735313193632546,128426.2120452491
1802.500127,1899.7986663,0.00065,5e-05,185,E,1,0.5,0.5,0.5,0.5,-,M,PW,nan,nan,nan,2014-11-25T15:21:19.586,24.4455009935,245.226755957,0.0275762406903,0.0275762406903,0.0228950861258,0.0228950861258,2456987.13981,nan,134.17458722227968,-31.287818516558847,53934.099841996285,-3833758.1455220813,3945840.119644798,-3321215.1818703567,-123.13085053572694,True,4.2,1984224.9991315652,5129578.447411485,-3323868.5529281115,15.005848963349056,13563.267409739443,13835.376582487412,6.649371994465293,67.63430228372125,127641.40482804997
1801.48904136,1901.01196907,0.00065,5e-05,186,S,0,0.5,0.5,0.5,0.5,-,M,PW,873694.667642,37659252.9156,0.0232,2014-11-25T15:21:19.626,24.4284593943,245.267133797,0.0275762406903,0.0275762406903,0.0228950861258,0.0228950861258,2456987.13981,-6.45353314017,134.1783728860097,-31.284954692693262,53690.31412915921,-3833989.548738832,3945556.6541047837,-3320814.9304423733,-97.47935347720927,True,4.24,1983856.5086969412,5129676.439530113,-3323467.7599317883,14.909264513234506,13552.124414892844,13824.228404679543,6.620978341236632,8.53172234358553,127118.92756779438
1800.27573858,1903.84300888,0.00065,5e-05,186,E,0,0.5,0.5,0.5,0.5,-,M,PW,nan,nan,nan,2014-11-25T15:21:19.646,24.4194585825,245.351919123,0.0275762406903,0.0275762406903,0.0228950861258,0.0228950861258,2456987.13981,nan,134.18026452027289,-31.283523527670376,53568.507892214235,-3834105.1745756147,3945415.011354688,-3320614.925815768,-102.8369525861641,True,4.26,1983672.3765149545,5129725.40346511,-3323267.484680614,14.862073207562409,13546.432041585762,13818.533440780026,6.606735292470376,107.73658263186981,126857.9150841558
1798.86021868,1907.07848294,0.00065,5e-05,187,S,1,0.5,0.5,0.5,0.5,-,M,PW,1056189.896,17145939.8701,0.0616,2014-11-25T15:21:19.726,24.408238021,245.449018728,0.0278205052868,0.0278205052868,0.0228764196228,0.0228764196228,2456987.13981,-5.59925713046,134.1878228056971,-31.277804049915115,53081.877505554774,-3834567.156610973,3944849.060651605,-3319815.7427315535,-106.92217469745745,True,4.34,1982936.6262831627,5129921.038556548,-3322467.220291323,14.680526768244633,13522.831046624247,13794.922400192789,6.5494569662054545,11.10514422016131,125815.41448190967
1796.83804739,1911.52725978,0.00065,5e-05,187,E,1,0.5,0.5,0.5,0.5,-,M,PW,nan,nan,nan,2014-11-25T15:21:19.786,24.3904935631,245.583079609,0.0278205052868,0.0278205052868,0.0228764196228,0.0228764196228,2456987.13981,nan,134.19348235559178,-31.27352013826027,52717.55001000521,-3834913.0638820664,3944425.284928931,-3319217.2677836856,-108.03137989596073,True,4.4,1982385.6619778713,5130067.525141941,-3321867.9355857386,14.55188619100388,13504.226007612806,13776.309994930112,6.506369318463636,60.19729180007498,125035.23085324203
1796.231396,1913.34721394,0.00065,5e-05,188,S,1,0.5,0.5,0.5,0.5,-,M,PW,1053342.36044,17099713.6435,0.0616,2014-11-25T15:21:19.826,24.3890940579,245.636130332,0.0278205052868,0.0278205052868,0.0228764196228,0.0228764196228,2456987.13981,-5.59632598369,134.19725103332937,-31.270667049960196,52474.983961620055,-3835143.3949494567,3944143.0959833553,-3318818.7383220345,-120.6010500319606,True,4.44,1982018.7735395052,5130165.064254506,-3321468.866922972,14.46961651611075,13491.374633773996,13763.453837707748,6.47763188806582,16.779839687736256,124515.92731360202
