outputs/DTFrag_triangulation/38_2014-11-25_152058_DSC_0559-G_DN141125_01_2018-04-26_163331_martin_nocomment.ecsv
# %ECSV 0.9
# ---
# datatype:
# - {name: x_image, unit: pix, datatype: float64}
# - {name: y_image, unit: pix, datatype: float64}
# - {name: time_err_minus, unit: s, datatype: float64}
# - {name: time_err_plus, unit: s, datatype: float64}
# - {name: de_bruijn_sequence_element_index, datatype: object}
# - {name: dash_start_end, datatype: object}
# - {name: zero_or_one, datatype: int64}
# - {name: err_minus_x_image, unit: pix, datatype: float64}
# - {name: err_plus_x_image, unit: pix, datatype: float64}
# - {name: err_minus_y_image, unit: pix, datatype: float64}
# - {name: err_plus_y_image, unit: pix, datatype: float64}
# - {name: periodic_pulse, datatype: object}
# - {name: pick_flag, datatype: object}
# - {name: encoding_type, datatype: object}
# - {name: brightness_dash_V, unit: adu, datatype: float64}
# - {name: flux_dash_V, unit: adu / s, datatype: float64}
# - {name: aperture_exptime, unit: s, datatype: float64}
# - {name: datetime, datatype: string}
# - {name: altitude, datatype: float64}
# - {name: azimuth, datatype: float64}
# - {name: err_minus_altitude, datatype: float64}
# - {name: err_plus_altitude, datatype: float64}
# - {name: err_minus_azimuth, datatype: float64}
# - {name: err_plus_azimuth, datatype: float64}
# - {name: JD, datatype: float64, description: Julian Date}
# - {name: m_V, unit: adu / s, datatype: float64}
# - {name: longitude, unit: deg, datatype: float64}
# - {name: latitude, unit: deg, datatype: float64}
# - {name: height, unit: m, datatype: float64}
# - {name: X_geo, unit: m, datatype: float64}
# - {name: Y_geo, unit: m, datatype: float64}
# - {name: Z_geo, unit: m, datatype: float64}
# - {name: cross_track_error, unit: m, datatype: float64}
# - {name: timing, datatype: bool}
# - {name: t_rel, unit: s, datatype: float64}
# - {name: X_eci, unit: m, datatype: float64}
# - {name: Y_eci, unit: m, datatype: float64}
# - {name: Z_eci, unit: m, datatype: float64}
# - {name: pos_err, unit: m, datatype: float64}
# - {name: D_DT_geo, unit: m / s, datatype: float64}
# - {name: D_DT_eci, unit: m / s, datatype: float64}
# - {name: D_DT_err, unit: m / s, datatype: float64}
# - {name: along_track_error, unit: m, datatype: float64}
# - {name: range, unit: m, datatype: float64}
# delimiter: ','
# meta: !!omap
# - {origin: Desert Fireball Network}
# - {exposure_time: 25.0}
# - {lens_type: Fisheye}
# - {telescope: DFNSMALL38}
# - {observer: 'DFN automated software http://adsabs.harvard.edu/abs/2012M%26PSA..75.5123T'}
# - {creator: raw_to_fits 6.0}
# - {timing_correction_dictionary_version: DEBUG}
# - {isodate_mid_obs: '2014-11-25T15:21:10.500'}
# - {sidereal_time_hour: 4.670575946357566}
# - {point_picking_user_comment: nocomment}
# - {point_picking_hostname: work-desktop-debian}
# - {obs_latitude: -30.85765}
# - {original_raw_filename: 38_2014-11-25_152058_DSC_0559.NEF}
# - {cropped: false}
# - {obs_elevation: 164.4}
# - {instrument: Nikon D800E}
# - {gps_lock: Y}
# - {filter_pattern: RG/GB}
# - {location: NorthWell}
# - {aperture: 4.0}
# - {isodate_start_obs: '2014-11-25T15:20:58'}
# - {image_file: 38_2014-11-25_152058_DSC_0559-G.tiff}
# - {timing_corrected: true}
# - {NAXIS2: 4924}
# - {NAXIS1: 7378}
# - {event_codename: DN141125_01}
# - {jd_mid_obs: 2456987.139704861}
# - {lens: Samyang_8mm_F3.5}
# - {timing_de_bruijn_encoding_type: pulse_width}
[...]
# - {triangulation_dec_ecef_end_err: 0.01727283270545214}
# - {triangulation_slope_end: 25.55496913623331}
# - {triangulation_slope_end_err: 0.012221639560541866}
# - {triangulation_azimuth_end: -128.40241238151495}
# - {triangulation_azimuth_end_err: 0.01736104607751158}
# - {triangulation_file_1: 38_2014-11-25_152058_DSC_0559-G_DN141125_01_2018-04-26_163331_martin_nocomment.ecsv}
# - {triangulation_file_2: 40_2014-11-25_152058_DSC_0617-G_DN141125_01_2018-04-26_163631_martin_nocomment.ecsv}
# - {triangulation_file_3: 41_2014-11-25_152059_DSC_0674-G_DN141125_01_2018-01-01_212656_ellie_nocomment.ecsv}
# - {triangulation_file_4: 40_2014-11-25_152058_DSC_0617-G_DN141125_01_2018-04-26_163631_martin_nocomment.ecsv}
# - {triangulation_file_5: 38_2014-11-25_152058_DSC_0559-G_DN141125_01_2018-04-26_163331_martin_nocomment.ecsv}
# - {triangulation_t0: '2014-11-25T15:21:15.386'}
# - {triangulation_file_0: 36_2014-11-25_152058_DSC_0594-G_DN141125_01_2018-04-26_163106_martin_nocomment.ecsv}
# - {astropy_version: 3.0.1}
# - {numpy_version: 1.14.2}
# - {scipy_version: 1.0.1}
# schema: astropy-2.0
x_image,y_image,time_err_minus,time_err_plus,de_bruijn_sequence_element_index,dash_start_end,zero_or_one,err_minus_x_image,err_plus_x_image,err_minus_y_image,err_plus_y_image,periodic_pulse,pick_flag,encoding_type,brightness_dash_V,flux_dash_V,aperture_exptime,datetime,altitude,azimuth,err_minus_altitude,err_plus_altitude,err_minus_azimuth,err_plus_azimuth,JD,m_V,longitude,latitude,height,X_geo,Y_geo,Z_geo,cross_track_error,timing,t_rel,X_eci,Y_eci,Z_eci,pos_err,D_DT_geo,D_DT_eci,D_DT_err,along_track_error,range
[from data line 30]
1793.80479045,1919.21151069,0.00065,5e-05,189,S,0,0.5,0.5,0.5,0.5,-,M,PW,1054368.12252,45446901.8326,0.0232,2014-11-25T15:21:19.926,24.3715067928,245.810799261,0.0278830188858,0.0278830188858,0.0227352235222,0.0227352235222,2456987.13981,-6.65761459513,134.2066563430069,-31.26354488941885,51869.73246285164,-3835718.191602663,3943438.8543429123,-3317824.082359431,-134.12052018214254,True,4.54,1981103.0960950896,5130408.478738295,-3320472.865203371,14.275863738040655,13457.607401607322,13729.674980006816,6.406235940118736,-9.065684882983636,123220.68125045525
1791.58040203,1922.85141901,0.00065,5e-05,189,E,0,0.5,0.5,0.5,0.5,-,M,PW,nan,nan,nan,2014-11-25T15:21:19.946,24.3409211725,245.924823057,0.0278830188858,0.0278830188858,0.0227352235222,0.0227352235222,2456987.13981,nan,134.2085344894574,-31.262122349205715,51748.888382179,-3835832.9676773134,3943298.2249668287,-3317625.448311415,-102.88121649023795,True,4.56,1980920.2351650374,5130457.084771864,-3320273.9624157487,14.239106632759562,13450.562912467109,13722.628239377365,6.392085691803196,146.66445713848648,122962.1649448621
1790.56931639,1926.2891102,0.00065,5e-05,190,S,1,0.5,0.5,0.5,0.5,-,M,PW,1338634.82896,21731084.8856,0.0616,2014-11-25T15:21:20.026,24.3412732653,246.023869171,0.0278830188858,0.0278830188858,0.0227352235222,0.0227352235222,2456987.13982,-5.85655741019,134.21603672817102,-31.25643884807676,51266.22883857323,-3836291.421565957,3942736.483106741,-3316831.9514496136,-132.61242052116387,True,4.64,1980189.7496516372,5130651.241509285,-3319479.391973205,14.098504326268273,13421.371131503496,13693.42768685825,6.336227803258471,36.48575983077026,121929.96002144439
1787.94049371,1931.34453843,0.00065,5e-05,190,E,1,0.5,0.5,0.5,0.5,-,M,PW,nan,nan,nan,2014-11-25T15:21:20.086,24.3105971826,246.178392688,0.0278830188858,0.0278830188858,0.0227352235222,0.0227352235222,2456987.13982,nan,134.2216524406303,-31.252183525040987,50905.01227118696,-3836634.575106226,3942316.0010427847,-3316237.962800274,-113.79991571930273,True,4.7,1979642.9293061532,5130796.5684989,-3318884.599678499,13.99961618548206,13398.374575342685,13670.424788749064,6.2952780026198765,114.98795278147604,121157.79735740277
1787.1316252,1933.77114397,0.00065,5e-05,191,S,1,0.5,0.5,0.5,0.5,-,M,PW,1073204.02437,17422143.2528,0.0616,2014-11-25T15:21:20.126,24.3079756263,246.249006964,0.0278830188858,0.0278830188858,0.0227352235222,0.0227352235222,2456987.13982,-5.61660784056,134.2253907429054,-31.249350292356098,50664.58593485821,-3836862.9992713416,3942036.0929584582,-3315842.534062721,-129.05819410360596,True,4.74,1979278.900334946,5130893.309364939,-3318488.6359379217,13.936703687234846,13382.497224120336,13654.543328716245,6.26860558388989,98.17532188561646,120644.00924747989
1785.10945391,1938.01770368,0.00065,5e-05,191,E,1,0.5,0.5,0.5,0.5,-,M,PW,nan,nan,nan,2014-11-25T15:21:20.186,24.28675804,246.377218107,0.0278830188858,0.0278830188858,0.0227352235222,0.0227352235222,2456987.13982,nan,134.23098945814544,-31.245106155574575,50304.543226862406,-3837205.0877335686,3941616.8853164935,-3315250.269386762,-122.73411685854711,True,4.8,1978733.6627446734,5131038.197439263,-3317895.569933453,13.846702152390218,13357.832207127125,13629.872385873528,6.229665163680158,118.732354748289,119874.8681302381
1783.49171687,1939.23100646,0.00065,5e-05,192,S,1,0.5,0.5,0.5,0.5,-,M,PW,1002400.66648,16272738.0923,0.0616,2014-11-25T15:21:20.226,24.252497662,246.421782772,0.0278830188858,0.0278830188858,0.0227352235222,0.0227352235222,2456987.13982,-5.54250547605,134.23471614627573,-31.242280682947655,50064.92444951489,-3837432.7854939275,3941337.8488572887,-3314856.031691231,-65.18027728655025,True,4.84,1978370.7257297426,5131134.636131205,-3317500.7988481475,13.789521830617662,13340.805127219812,13612.84148266309,6.204539431216451,60.71197442983117,119363.14520743003
1781.67176271,1943.07313191,0.00065,5e-05,192,E,1,0.5,0.5,0.5,0.5,-,M,PW,nan,nan,nan,2014-11-25T15:21:20.286,24.233225671,246.537547906,0.0278830188858,0.0278830188858,0.0227352235222,0.0227352235222,2456987.13982,nan,134.24029699527884,-31.238048657099206,49706.13186675853,-3837773.758495998,3940919.98319622,-3314265.618461663,-59.99391653928304,True,4.9,1977827.1832347014,5131279.056084765,-3316909.58677551,13.707823776066464,13314.357383321956,13586.388204638353,6.168307089006554,53.404173729215586,118597.18093043294
1781.46954558,1945.0953032,0.00065,5e-05,193,S,0,0.5,0.5,0.5,0.5,-,M,PW,927040.884958,39958658.8344,0.0232,2014-11-25T15:21:20.326,24.2434523283,246.592734819,0.0278830188858,0.0278830188858,0.0227352235222,0.0227352235222,2456987.13982,-6.51788114763,134.2440112391152,-31.235231581945037,49467.373184468204,-3838000.6792097283,3940641.880396219,-3313872.6596578304,-97.12339516331407,True,4.94,1977465.4155805463,5131375.172481269,-3316516.09629915,13.655980405383321,13296.101760707397,13568.12907494249,6.1452429054948485,-1.1005947814517947,118087.648242307
1779.85180855,1948.73521152,0.00065,5e-05,193,E,0,0.5,0.5,0.5,0.5,-,M,PW,nan,nan,nan,2014-11-25T15:21:20.346,24.2277527712,246.701539103,0.0278904562001,0.0278904562001,0.0227784297713,0.0227784297713,2456987.13982,nan,134.24586641143037,-31.233824367672607,49348.12808808298,-3838114.0179393445,3940502.975234413,-3313676.3808567217,-97.3441366928547,True,4.96,1977284.7148824565,5131423.180327389,-3316319.551930883,13.630821402140558,13286.78182261917,13558.807410546053,6.134084039493082,128.53551847478894,117833.22287267448
1778.43628865,1951.56625133,0.00065,5e-05,194,S,1,0.5,0.5,0.5,0.5,-,M,PW,1335900.76425,21686700.7184,0.0616,2014-11-25T15:21:20.426,24.2111350785,246.787298888,0.0278904562001,0.0278904562001,0.0227784297713,0.0227784297713,2456987.13982,-5.85433760495,134.2532735110933,-31.22820465789501,48872.06975524541,-3838566.524754584,3939948.3726467537,-3312892.6479610056,-88.90053955395986,True,5.04,1976563.1725630504,5131614.86573617,-3315534.758611008,13.535065994421824,13248.180672902721,13520.199747575158,6.092143369458998,-17.697338390666935,116817.87149650334
1776.0096831,1956.82389668,0.00065,5e-05,194,E,1,0.5,0.5,0.5,0.5,-,M,PW,nan,nan,nan,2014-11-25T15:21:20.486,24.1854162492,246.944943286,0.0278904562001,0.0278904562001,0.0227784297713,0.0227784297713,2456987.13982,nan,134.25881434310992,-31.223999884624362,48516.02731179868,-3838905.0029868106,3939533.508639293,-3312306.355346167,-83.77822557883236,True,5.1,1976023.388328922,5131758.253782781,-3314947.672684692,13.46816543442724,13217.792537949985,13489.807056257827,6.063806581459307,45.88868687469022,116058.87952776578
1774.99859745,1959.85715362,0.00065,5e-05,195,S,0,0.5,0.5,0.5,0.5,-,M,PW,791974.689676,34136840.0722,0.0232,2014-11-25T15:21:20.526,24.1809301623,247.032970961,0.0278904562001,0.0278904562001,0.0227784297713,0.0227784297713,2456987.13982,-6.3469121834,134.26250097306476,-31.221201696401845,48279.16124861023,-3839130.2034476055,3939257.4768935232,-3311916.2426239564,-100.74769208560592,True,5.14,1975664.2133924582,5131853.659578142,-3314557.032092702,13.425792100768717,13196.820591941725,13468.832235323885,6.046567801663079,51.35759543550339,115554.13443693321
1774.18972894,1962.4859763,0.00065,5e-05,195,E,0,0.5,0.5,0.5,0.5,-,M,PW,nan,nan,nan,2014-11-25T15:21:20.546,24.178760538,247.10875751,0.0278904562001,0.0278904562001,0.0227784297713,0.0227784297713,2456987.13982,nan,134.26434205142536,-31.21980414602883,48160.880645953,-3839242.6645677723,3939119.628731039,-3311721.417247953,-118.75722205983107,True,5.16,1975484.8358223483,5131901.305167759,-3314361.9430931057,13.405244885935772,13186.115278151545,13458.125564641889,6.038489111250412,111.1998265970541,115302.14553978245
1772.57199191,1965.51923323,0.00065,5e-05,196,S,1,0.5,0.5,0.5,0.5,-,M,PW,1303166.52213,21155300.684,0.0616,2014-11-25T15:21:20.626,24.1575483373,247.201173981,0.0278904562001,0.0278904562001,0.0227784297713,0.0227784297713,2456987.13982,-5.82740189564,134.27169080191152,-31.21422460812607,47688.80505217434,-3839691.5405847435,3938569.401608161,-3310943.706883272,-103.73322187118391,True,5.24,1974768.7699685115,5132091.49375445,-3313583.180348007,13.327169210266455,13141.784802435677,13413.789961135522,6.009939627342383,-29.316959783659136,114296.83248182968
1769.53873497,1971.38352997,0.00065,5e-05,196,E,1,0.5,0.5,0.5,0.5,-,M,PW,nan,nan,nan,2014-11-25T15:21:20.686,24.1186799523,247.378978244,0.0278904562001,0.0278904562001,0.0227784297713,0.0227784297713,2456987.13982,nan,134.27718572156476,-31.210051615733075,47335.885692543954,-3840027.1646272177,3938157.9799766573,-3310362.1587307462,-79.81592953609635,True,5.3,1974233.2935342118,5132233.707107197,-3313000.845221997,13.272735699387091,13106.895066343406,13378.896800364846,5.992786717236616,65.04786961579943,113545.68679018793
1768.72986645,1973.81013552,0.00065,5e-05,197,S,0,0.5,0.5,0.5,0.5,-,M,PW,924210.030104,39836639.2286,0.0232,2014-11-25T15:21:20.726,24.1145614625,247.449293008,0.0278904562001,0.0278904562001,0.0227784297713,0.0227784297713,2456987.13982,-6.51456062098,134.28084026855407,-31.207275744866557,47101.19538363616,-3840250.3723489405,3937884.3534456715,-3309975.3651250587,-92.45160003182158,True,5.34,1973877.1280373768,5132328.294015281,-3312613.5281732534,13.237937102482201,13077.247291444028,13349.248338350124,5.983920563090035,33.221460295785484,113046.38521120764
1767.31434655,1977.45004384,0.00065,5e-05,197,E,0,0.5,0.5,0.5,0.5,-,M,PW,nan,nan,nan,2014-11-25T15:21:20.746,24.1027219946,247.556182328,0.0278904562001,0.0278904562001,0.0227784297713,0.0227784297713,2456987.13982,nan,134.28266387376806,-31.205890315948274,46984.08346556143,-3840361.7484116256,3937747.8137257546,-3309782.333036188,-100.95534828529844,True,5.36,1973699.373098415,5132375.499481275,-3312420.2348488206,13.220232885677056,13059.691914986362,13331.693313437252,5.982262277358907,147.3580300047458,112797.29395625631
1766.10104378,1981.2921693,0.00065,5e-05,198,S,0,0.5,0.5,0.5,0.5,-,M,PW,935810.176874,40336645.5549,0.0232,2014-11-25T15:21:20.826,24.0976443023,247.666983573,0.0275863908542,0.0275863908542,0.0227084800906,0.0227084800906,2456987.13982,-6.52810333688,134.28993381928854,-31.200366695686895,46517.30636535782,-3840805.746568524,3937203.4939512066,-3309012.8281004434,-123.48237919980271,True,5.44,1972990.707901655,5132563.690772277,-3311649.688411821,13.146099351578242,12987.082173292232,13259.085609216418,5.999408448060865,26.358986210543282,111804.92359364027
1764.62872223,1985.97001817,0.00065,5e-05,198,E,0,0.5,0.5,0.5,0.5,-,M,PW,nan,nan,nan,2014-11-25T15:21:20.846,24.0913010367,247.801825069,0.0272508647135,0.0272508647135,0.0227326244236,0.0227326244236,2456987.13982,nan,134.29174485261666,-31.198990442634678,46401.04023225649,-3840916.3478960157,3937067.897459315,-3308821.125342479,-150.98701957950934,True,5.46,1972814.1457496574,5132610.576925259,-3311457.7261543423,13.12676708535685,12968.318982477165,13240.323111009628,6.009753488473798,185.26367624751452,111557.84631809077
1763.53457419,1988.8662924,0.00065,5e-05,199,S,1,0.5,0.5,0.5,0.5,-,M,PW,1412936.60958,22937282.623,0.0616,2014-11-25T15:21:20.926,24.082242011,247.886565015,0.0272508647135,0.0272508647135,0.0227326244236,0.0227326244236,2456987.13983,-5.9152088041,134.29896213070194,-31.193504838993785,45937.75411886589,-3841357.0968457586,3936527.5233360496,-3308057.1184206354,-157.91512023697663,True,5.54,1972110.4108444045,5132797.449644962,-3310692.6849876526,13.04601466479385,12890.73517522014,13162.742758654138,6.075553971853641,16.483826665218945,110573.75798027248
1760.76702326,1994.98064911,0.00065,5e-05,199,E,1,0.5,0.5,0.5,0.5,-,M,PW,nan,nan,nan,2014-11-25T15:21:20.986,24.0502327235,248.068513119,0.0272508647135,0.0272508647135,0.0227326244236,0.0227326244236,2456987.13983,nan,134.3043457157036,-31.189411791869293,45592.22050263995,-3841685.8463755418,3936124.4417166105,-3307487.164323978,-150.30891827394638,True,5.6,1971585.3429879122,5132936.874313361,-3310121.9592190064,12.981939623360404,12829.808612724757,13101.819585340409,6.150291838059296,101.83405709908762,109840.27806280268
1759.54415192,1997.23330684,0.00065,5e-05,200,S,1,0.5,0.5,0.5,0.5,-,M,PW,1258123.22677,20424078.3566,0.0616,2014-11-25T15:21:21.026,24.0327557412,248.136883736,0.0272508647135,0.0272508647135,0.0227326244236,0.0227326244236,2456987.13983,-5.7892100595,134.30792042234873,-31.186693595069965,45362.819368758115,-3841904.1292097652,3935856.796393472,-3307108.70661377,-137.1997728872694,True,5.64,1971236.6510749273,5133029.463104083,-3309742.98904733,12.937624496079932,12787.84226797033,13059.855910626542,6.21189436725356,64.84231614105242,109353.53718735401
1757.80638738,2001.73862231,0.00065,5e-05,200,E,1,0.5,0.5,0.5,0.5,-,M,PW,nan,nan,nan,2014-11-25T15:21:21.086,24.016855672,248.268717595,0.0272508647135,0.0272508647135,0.0227326244236,0.0227326244236,2456987.13983,nan,134.3132600239772,-31.182632640724222,45020.19782462194,-3842230.1699639163,3935457.0104848607,-3306543.368541082,-145.74243921296662,True,5.7,1970715.714456284,5133167.786312925,-3309176.8853773675,12.86901013992183,12722.808839373298,12994.827090649065,6.321060147178294,54.96031083406757,108626.91429688374
1756.26170779,2004.69925819,0.00065,5e-05,201,S,1,0.5,0.5,0.5,0.5,-,M,PW,1104935.13818,17937258.7367,0.0616,2014-11-25T15:21:21.126,23.9952592269,248.358018196,0.0272508647135,0.0272508647135,0.0227326244236,0.0227326244236,2456987.13983,-5.64824407131,134.31680432815415,-31.17993658499364,44792.799168942474,-3842446.5802138243,3935191.6421617204,-3306168.090716019,-131.46568891029716,True,5.74,1970369.8669327118,5133259.617381136,-3308801.0992638734,12.821987604665834,12678.028300997203,12950.05007259111,6.404425012007823,53.310751805111245,108144.88814253316
1754.4595816,2009.26893531,0.00065,5e-05,201,E,1,0.5,0.5,0.5,0.5,-,M,PW,nan,nan,nan,2014-11-25T15:21:21.186,23.9775297797,248.491850933,0.0272508647135,0.0272508647135,0.0227326244236,0.0227326244236,2456987.13983,nan,134.32209666388647,-31.17590999344674,44453.27572557299,-3842769.709518002,3934795.394748097,-3305607.680762921,-137.56844989991777,True,5.8,1969853.3362084082,5133396.76785771,-3308239.930193632,12.749949685452846,12608.659222372879,12880.6869437992,6.544028639552372,44.37266556471452,107425.5575608618
1753.49415686,2011.26414644,0.00065,5e-05,202,S,0,0.5,0.5,0.5,0.5,-,M,PW,1236676.59958,53305025.8442,0.0232,2014-11-25T15:21:21.226,23.9648173799,248.551442867,0.0272508647135,0.0272508647135,0.0227326244236,0.0227326244236,2456987.13983,-6.83077428522,134.32560854787582,-31.173237633166732,44228.006950210074,-3842984.124240336,3934532.454285681,-3305235.796530503,-131.36100599915173,True,5.84,1969510.521146105,5133487.792404831,-3307867.542142076,12.701203436729832,12560.911481478062,12832.943663251794,6.645908049959642,-12.037916267162847,106948.52464058653
1751.88511562,2014.61095222,0.00065,5e-05,202,E,0,0.5,0.5,0.5,0.5,-,M,PW,nan,nan,nan,2014-11-25T15:21:21.246,23.9436370033,248.651277347,0.0272508647135,0.0272508647135,0.0227326244236,0.0227326244236,2456987.13983,nan,134.32735942769003,-31.171905160823275,44115.704681254196,-3843091.0201764167,3934401.3631627923,-3305050.3845827887,-121.70766352851763,True,5.86,1969339.5870649563,5133533.1788799595,-3307681.8789710584,12.676701169400676,12536.57821789844,12808.612748036023,6.699222270718796,81.83604608040004,106710.78457082705
