outputs/DTFrag_triangulation/38_2014-11-25_152058_DSC_0559-G_DN141125_01_2018-04-26_163331_martin_nocomment.ecsv
# %ECSV 0.9
# ---
# datatype:
# - {name: x_image, unit: pix, datatype: float64}
# - {name: y_image, unit: pix, datatype: float64}
# - {name: time_err_minus, unit: s, datatype: float64}
# - {name: time_err_plus, unit: s, datatype: float64}
# - {name: de_bruijn_sequence_element_index, datatype: object}
# - {name: dash_start_end, datatype: object}
# - {name: zero_or_one, datatype: int64}
# - {name: err_minus_x_image, unit: pix, datatype: float64}
# - {name: err_plus_x_image, unit: pix, datatype: float64}
# - {name: err_minus_y_image, unit: pix, datatype: float64}
# - {name: err_plus_y_image, unit: pix, datatype: float64}
# - {name: periodic_pulse, datatype: object}
# - {name: pick_flag, datatype: object}
# - {name: encoding_type, datatype: object}
# - {name: brightness_dash_V, unit: adu, datatype: float64}
# - {name: flux_dash_V, unit: adu / s, datatype: float64}
# - {name: aperture_exptime, unit: s, datatype: float64}
# - {name: datetime, datatype: string}
# - {name: altitude, datatype: float64}
# - {name: azimuth, datatype: float64}
# - {name: err_minus_altitude, datatype: float64}
# - {name: err_plus_altitude, datatype: float64}
# - {name: err_minus_azimuth, datatype: float64}
# - {name: err_plus_azimuth, datatype: float64}
# - {name: JD, datatype: float64, description: Julian Date}
# - {name: m_V, unit: adu / s, datatype: float64}
# - {name: longitude, unit: deg, datatype: float64}
# - {name: latitude, unit: deg, datatype: float64}
# - {name: height, unit: m, datatype: float64}
# - {name: X_geo, unit: m, datatype: float64}
# - {name: Y_geo, unit: m, datatype: float64}
# - {name: Z_geo, unit: m, datatype: float64}
# - {name: cross_track_error, unit: m, datatype: float64}
# - {name: timing, datatype: bool}
# - {name: t_rel, unit: s, datatype: float64}
# - {name: X_eci, unit: m, datatype: float64}
# - {name: Y_eci, unit: m, datatype: float64}
# - {name: Z_eci, unit: m, datatype: float64}
# - {name: pos_err, unit: m, datatype: float64}
# - {name: D_DT_geo, unit: m / s, datatype: float64}
# - {name: D_DT_eci, unit: m / s, datatype: float64}
# - {name: D_DT_err, unit: m / s, datatype: float64}
# - {name: along_track_error, unit: m, datatype: float64}
# - {name: range, unit: m, datatype: float64}
# delimiter: ','
# meta: !!omap
# - {origin: Desert Fireball Network}
# - {exposure_time: 25.0}
# - {lens_type: Fisheye}
# - {telescope: DFNSMALL38}
# - {observer: 'DFN automated software http://adsabs.harvard.edu/abs/2012M%26PSA..75.5123T'}
# - {creator: raw_to_fits 6.0}
# - {timing_correction_dictionary_version: DEBUG}
# - {isodate_mid_obs: '2014-11-25T15:21:10.500'}
# - {sidereal_time_hour: 4.670575946357566}
# - {point_picking_user_comment: nocomment}
# - {point_picking_hostname: work-desktop-debian}
# - {obs_latitude: -30.85765}
# - {original_raw_filename: 38_2014-11-25_152058_DSC_0559.NEF}
# - {cropped: false}
# - {obs_elevation: 164.4}
# - {instrument: Nikon D800E}
# - {gps_lock: Y}
# - {filter_pattern: RG/GB}
# - {location: NorthWell}
# - {aperture: 4.0}
# - {isodate_start_obs: '2014-11-25T15:20:58'}
# - {image_file: 38_2014-11-25_152058_DSC_0559-G.tiff}
# - {timing_corrected: true}
# - {NAXIS2: 4924}
# - {NAXIS1: 7378}
# - {event_codename: DN141125_01}
# - {jd_mid_obs: 2456987.139704861}
# - {lens: Samyang_8mm_F3.5}
# - {timing_de_bruijn_encoding_type: pulse_width}
[...]
# - {triangulation_dec_ecef_end_err: 0.01727283270545214}
# - {triangulation_slope_end: 25.55496913623331}
# - {triangulation_slope_end_err: 0.012221639560541866}
# - {triangulation_azimuth_end: -128.40241238151495}
# - {triangulation_azimuth_end_err: 0.01736104607751158}
# - {triangulation_file_1: 38_2014-11-25_152058_DSC_0559-G_DN141125_01_2018-04-26_163331_martin_nocomment.ecsv}
# - {triangulation_file_2: 40_2014-11-25_152058_DSC_0617-G_DN141125_01_2018-04-26_163631_martin_nocomment.ecsv}
# - {triangulation_file_3: 41_2014-11-25_152059_DSC_0674-G_DN141125_01_2018-01-01_212656_ellie_nocomment.ecsv}
# - {triangulation_file_4: 40_2014-11-25_152058_DSC_0617-G_DN141125_01_2018-04-26_163631_martin_nocomment.ecsv}
# - {triangulation_file_5: 38_2014-11-25_152058_DSC_0559-G_DN141125_01_2018-04-26_163331_martin_nocomment.ecsv}
# - {triangulation_t0: '2014-11-25T15:21:15.386'}
# - {triangulation_file_0: 36_2014-11-25_152058_DSC_0594-G_DN141125_01_2018-04-26_163106_martin_nocomment.ecsv}
# - {astropy_version: 3.0.1}
# - {numpy_version: 1.14.2}
# - {scipy_version: 1.0.1}
# schema: astropy-2.0
x_image,y_image,time_err_minus,time_err_plus,de_bruijn_sequence_element_index,dash_start_end,zero_or_one,err_minus_x_image,err_plus_x_image,err_minus_y_image,err_plus_y_image,periodic_pulse,pick_flag,encoding_type,brightness_dash_V,flux_dash_V,aperture_exptime,datetime,altitude,azimuth,err_minus_altitude,err_plus_altitude,err_minus_azimuth,err_plus_azimuth,JD,m_V,longitude,latitude,height,X_geo,Y_geo,Z_geo,cross_track_error,timing,t_rel,X_eci,Y_eci,Z_eci,pos_err,D_DT_geo,D_DT_eci,D_DT_err,along_track_error,range
[from data line 89]
1696.66282032,2153.43903028,0.00065,5e-05,218,E,1,0.5,0.5,0.5,0.5,-,M,PW,nan,nan,nan,2014-11-25T15:21:22.886,23.2321587099,252.66996253,0.0276412400821,0.0276412400821,0.0230477760295,0.0230477760295,2456987.13985,nan,134.4547163951164,-31.074710020585123,35958.31434567624,-3850861.7723724837,3924865.559037455,-3291550.8180766893,-103.05432211535167,True,7.5,1956837.8368890586,5136855.308117269,-3294163.939128547,13.52258658032461,9330.241347977208,9603.04416270393,6.672646092398748,62.53227402068572,89607.96437116513
1695.56867227,2156.39966616,0.00065,5e-05,219,S,1,0.5,0.5,0.5,0.5,-,M,PW,737569.436451,11973529.8125,0.0616,2014-11-25T15:21:22.926,23.2162118608,252.75416175,0.0276412400821,0.0276412400821,0.0230477760295,0.0230477760295,2456987.13985,-5.20940938928,134.45730268683138,-31.072730237321505,35792.83781445302,-3851019.464631085,3924671.887923479,-3291276.3445537486,-103.09146621773655,True,7.54,1956581.4714917373,5136923.586831724,-3293889.088831912,13.58636380508211,9224.232029087796,9497.075252889746,6.491038717897241,43.17658574824505,89265.31954474676
1693.50909949,2162.19221461,0.00065,5e-05,219,E,1,0.5,0.5,0.5,0.5,-,M,PW,nan,nan,nan,2014-11-25T15:21:22.986,23.1868876393,252.918400321,0.0276412400821,0.0276412400821,0.0230477760295,0.0230477760295,2456987.13985,nan,134.4611262775879,-31.06980281365069,35548.201926888905,-3851252.5877854894,3924385.5595169957,-3290870.5272149458,-106.14844142531553,True,7.6,1956202.1358429426,5137024.640573823,-3293482.713986326,13.670648895508135,9063.747143316357,9336.653663600704,6.2515215902977985,70.0754801058365,88759.13652033283
1692.22251502,2164.32039228,0.00065,5e-05,220,S,0,0.5,0.5,0.5,0.5,-,M,PW,320955.8137,13834302.3146,0.0232,2014-11-25T15:21:23.026,23.1613778561,252.98108628,0.0276412400821,0.0276412400821,0.0230477760295,0.0230477760295,2456987.13985,-5.3662470443,134.46363780395214,-31.067879606563736,35387.5159216938,-3851405.7080283337,3924197.482028254,-3290603.9433174385,-85.68563977246819,True,7.64,1955952.7485677996,5137091.092982373,-3293215.763579979,13.718355604079628,8955.879146511168,9228.829718397119,6.122987005844208,25.487943163094293,88426.91718996929
1691.42182757,2166.58900671,0.00065,5e-05,220,E,0,0.5,0.5,0.5,0.5,-,M,PW,nan,nan,nan,2014-11-25T15:21:23.046,23.149856353,253.045298546,0.0276412400821,0.0276412400821,0.0230477760295,0.0230477760295,2456987.13985,nan,134.46488223726294,-31.06692658152788,35307.89863788133,-3851481.5754089365,3924104.2909504953,-3290471.8471714086,-86.96483786701968,True,7.66,1955829.1123837358,5137124.042502617,-3293083.485716948,13.73944090381482,8901.707255212345,9174.680417976524,6.0706162334563665,48.74736024841331,88262.38559300224
1689.15321314,2172.72761047,0.00065,5e-05,221,S,0,0.5,0.5,0.5,0.5,-,M,PW,145425.835247,6268354.96753,0.0232,2014-11-25T15:21:23.126,23.1154985934,253.219371587,0.0276412400821,0.0276412400821,0.0230477760295,0.0230477760295,2456987.13985,-4.50673784444,134.46978379530512,-31.063172051349927,34994.29608658048,-3851780.3862088304,3923737.2242377168,-3289951.4849911015,-85.91820248016128,True,7.74,1955341.6611889547,5137253.984883854,-3292562.40714072,13.804085103035726,8683.665119635845,8956.732487774496,5.959092107823177,24.9993889296351,87614.84001276268
1688.36016753,2175.06454452,0.00065,5e-05,221,E,0,0.5,0.5,0.5,0.5,-,M,PW,nan,nan,nan,2014-11-25T15:21:23.146,23.104226384,253.285279693,0.0276412400821,0.0276412400821,0.0230477760295,0.0230477760295,2456987.13985,nan,134.47099013724875,-31.062247882534436,34917.11746917975,-3851853.9247079054,3923646.8828887464,-3289823.4094996424,-88.21596103759957,True,7.76,1955221.5799515028,5137286.004484809,-3292434.1551733636,13.815102985961515,8628.862260985763,8901.954162474241,5.959224519354967,51.154041337264104,87455.59991468716
1686.08391126,2180.06724539,0.00065,5e-05,222,S,1,0.5,0.5,0.5,0.5,-,M,PW,461570.153471,7493021.97194,0.0616,2014-11-25T15:21:23.226,23.0638679161,253.428766411,0.0276412400821,0.0276412400821,0.0230477760295,0.0230477760295,2456987.13985,-4.70049640482,134.47573872121697,-31.058609411862083,34613.31673498997,-3852143.3848342807,3923291.261913067,-3289319.213643982,-69.83489935623577,True,7.84,1954748.4207774128,5137412.208969581,-3291929.2639281075,13.837830971714169,8408.769950869691,8681.963970592584,6.087723513652057,-8.542219088285492,86829.27391072859
1683.54840102,2186.07240124,0.00065,5e-05,222,E,1,0.5,0.5,0.5,0.5,-,M,PW,nan,nan,nan,2014-11-25T15:21:23.286,23.0203833925,253.599919845,0.0276412400821,0.0276412400821,0.0230477760295,0.0230477760295,2456987.13985,nan,134.47921908415833,-31.05594191361859,34390.642183779004,-3852355.522788301,3923030.6102244174,-3288949.6089594034,-55.36982468004634,True,7.9,1954401.1017870998,5137504.8881862415,-3291559.148789839,13.83234294894234,8243.053974028175,8516.328891336221,6.323260255532675,39.696293186541276,86370.72708071487
1682.74771357,2188.8748073,0.00065,5e-05,223,S,1,0.5,0.5,0.5,0.5,-,M,PW,401620.515019,6519813.5555,0.0616,2014-11-25T15:21:23.326,23.0104764473,253.678111701,0.0273151280221,0.0273151280221,0.0230332185699,0.0230332185699,2456987.13985,-4.54944183101,134.4815008110141,-31.054192886100914,34244.66285707098,-3852494.594777205,3922859.7246094653,-3288707.284505412,-63.57126246405948,True,7.94,1954173.1604486017,5137565.732027085,-3291316.4893434946,13.818215237561704,8132.416423964892,8405.747354559468,6.544828671767192,18.08006121457133,86070.34745294195
1680.61254705,2194.0792757,0.00065,5e-05,223,E,1,0.5,0.5,0.5,0.5,-,M,PW,nan,nan,nan,2014-11-25T15:21:23.386,22.9738892884,253.82591161,0.0273151280221,0.0273151280221,0.0230332185699,0.0230332185699,2456987.13985,nan,134.48486540959075,-31.051613356083884,34029.40170170785,-3852699.658417986,3922607.7345363386,-3288349.9217188596,-53.028728444096835,True,8.0,1953836.660007569,5137655.583360632,-3290958.631998828,13.782166271707638,7966.421402450249,8239.839515544485,6.966325251480219,35.455146557612274,85627.76162548625
1679.67841169,2196.61478595,0.00065,5e-05,224,S,0,0.5,0.5,0.5,0.5,-,M,PW,125730.12158,5419401.79222,0.0232,2014-11-25T15:21:23.426,22.9588551196,253.897419834,0.0273151280221,0.0273151280221,0.0230332185699,0.0230332185699,2456987.13985,-4.34873226615,134.48706982561524,-31.049923010404495,33888.364881981746,-3852834.005461745,3922442.6325178873,-3288115.761548548,-51.95531937066851,True,8.04,1953615.932981479,5137714.541712525,-3290724.147428567,13.748998830825522,7855.845168844939,8129.323530822152,7.300115811455275,8.902862912546652,85338.0166861387
1678.74427634,2198.88340038,0.00065,5e-05,224,E,0,0.5,0.5,0.5,0.5,-,M,PW,nan,nan,nan,2014-11-25T15:21:23.446,22.9426114022,253.96176674,0.0273151280221,0.0273151280221,0.0230332185699,0.0230332185699,2456987.13985,nan,134.48816045029355,-31.049086633815314,33818.58676990562,-3852900.4710828103,3922360.948018791,-3287999.9048664295,-47.0663201818181,True,8.06,1953506.650386666,5137743.738435627,-3290608.1301286737,13.729932991298668,7800.614732397031,8074.123918084146,7.4810552344893555,37.04814468235973,85194.73420751479
1676.74255772,2204.62166041,0.00065,5e-05,225,S,0,0.5,0.5,0.5,0.5,-,M,PW,148345.942928,6394221.67793,0.0232,2014-11-25T15:21:23.526,22.9111743761,254.122941491,0.0272868842582,0.0272868842582,0.023025795704,0.023025795704,2456987.13986,-4.52832311091,134.49244571918098,-31.045799658247056,33544.39826627891,-3853161.612955911,3922039.9861885114,-3287544.6171861542,-48.55487450403954,True,8.14,1953076.7106053054,5137858.646590689,-3290152.210576173,13.639722347502598,7580.286746942792,7853.923438815957,8.28192778838712,12.69008935509711,84632.17952837604
1675.27463074,2207.29061856,0.00065,5e-05,225,E,0,0.5,0.5,0.5,0.5,-,M,PW,nan,nan,nan,2014-11-25T15:21:23.546,22.8815642958,254.199952096,0.0272868842582,0.0272868842582,0.023025795704,0.023025795704,2456987.13986,nan,134.49349786287425,-31.044992513656027,33477.07871174744,-3853225.727073663,3921961.18032768,-3287432.8249688586,-28.311476229191214,True,8.16,1952971.0187027392,5137886.9051945945,-3290040.263016269,13.614346293945605,7525.403548874749,7799.073230539002,8.498518009118559,62.84869026734441,84494.16736188425
1673.80670375,2212.36163906,0.00065,5e-05,226,S,1,0.5,0.5,0.5,0.5,-,M,PW,151121.981625,2453278.92249,0.0616,2014-11-25T15:21:23.626,22.8615257568,254.340976949,0.0272868842582,0.0272868842582,0.023025795704,0.023025795704,2456987.13986,-3.48822120856,134.49762996363742,-31.041822052441038,33212.68484334687,-3853477.5109073184,3921651.6777390316,-3286993.734152345,-40.781317131342206,True,8.24,1952555.3866306203,5137998.075699029,-3289600.5613475665,13.506321568660573,7306.932033543499,7580.738105062051,9.41170598255677,13.289256193453115,83952.56553007914
1671.80498514,2216.89886792,0.00065,5e-05,226,E,1,0.5,0.5,0.5,0.5,-,M,PW,nan,nan,nan,2014-11-25T15:21:23.686,22.8242757245,254.469685005,0.0272868842582,0.0272868842582,0.023025795704,0.023025795704,2456987.13986,nan,134.50064904755874,-31.039504889253937,33019.48647579201,-3853661.460042005,3921425.533278456,-3286672.848659315,-25.188528216306207,True,8.3,1952251.1106741054,5138079.508242019,-3289279.22864823,13.423762700138429,7144.450633967927,7418.363760599062,10.13218944387585,16.264383952703135,83557.26489921473
1671.00429769,2219.9681698,0.00065,5e-05,227,S,1,0.5,0.5,0.5,0.5,-,M,PW,129472.82796,2101831.62272,0.0616,2014-11-25T15:21:23.726,22.8142065897,254.554586554,0.0272096565942,0.0272096565942,0.0231675146759,0.0231675146759,2456987.13986,-3.32034869422,134.50262416909445,-31.03798879143117,32893.09511584748,-3853781.796364187,3921277.5839048657,-3286462.909213454,-35.671711026473375,True,8.34,1952051.7787983583,5138132.877664304,-3289068.996240512,13.37127745827098,7036.910894147918,7310.89763930817,10.621246925009753,13.72938606735565,83298.8555314872
1669.56656586,2224.49429137,0.00065,5e-05,227,E,1,0.5,0.5,0.5,0.5,-,M,PW,nan,nan,nan,2014-11-25T15:21:23.786,22.792019176,254.680681518,0.0272096565942,0.0272096565942,0.0231675146759,0.0231675146759,2456987.13986,nan,134.50553075019377,-31.035757316730564,32707.088660749832,-3853958.8733856487,3921059.856371875,-3286153.927236582,-41.043511283263015,True,8.4,1951758.0153699904,5138211.564949056,-3288759.5825239895,13.30129937808153,6876.935953087878,7151.036562637287,11.360760493702216,12.490536691777065,82918.86649718239
1668.72986442,2227.06875735,0.00065,5e-05,228,S,1,0.5,0.5,0.5,0.5,-,M,PW,113642.370751,1844843.68103,0.0616,2014-11-25T15:21:23.826,22.7787500234,254.752431772,0.0272096565942,0.0272096565942,0.0231675146759,0.0231675146759,2456987.13986,-3.17875282215,134.5074313756814,-31.034297888800957,32585.45150614258,-3854074.658515049,3920917.4794881158,-3285951.858631392,-43.26248082805374,True,8.44,1951565.6341198916,5138263.119434295,-3288557.231159977,13.263598199349275,6771.266772897723,7045.445545973616,11.85382357505283,-3.4569455678389707,82670.57547380535
1667.05646153,2231.70279612,0.00065,5e-05,228,E,1,0.5,0.5,0.5,0.5,-,M,PW,nan,nan,nan,2014-11-25T15:21:23.886,22.7500087636,254.882102857,0.0272096565942,0.0272096565942,0.0231675146759,0.0231675146759,2456987.13986,nan,134.51022707870717,-31.03215065106649,32406.509020653048,-3854244.960688657,3920708.0445618597,-3285654.574169356,-40.689160736172056,True,8.5,1951282.1999957485,5138339.109765076,-3288259.5301376535,13.226065619620746,6614.377310866717,6888.67683879563,12.587170218361846,6.085276819781446,82305.61626428239
1666.02667513,2234.4059854,0.00065,5e-05,229,S,0,0.5,0.5,0.5,0.5,-,M,PW,33757.5125866,1455065.1977,0.0232,2014-11-25T15:21:23.926,22.7316229581,254.957877292,0.0271331380066,0.0271331380066,0.0231368334627,0.0231368334627,2456987.13986,-2.92106002302,134.51205464571467,-31.030746823205654,32289.532550050513,-3854356.282804285,3920571.1325324536,-3285460.2251056572,-37.06655802551467,True,8.54,1951096.6349917685,5138388.884679871,-3288064.9083430106,13.217133377224425,6510.94254340728,6785.324831022032,13.068716619493397,-0.23199609333536522,82067.22008945658
1665.25433534,2236.46555818,0.00065,5e-05,229,E,0,0.5,0.5,0.5,0.5,-,M,PW,nan,nan,nan,2014-11-25T15:21:23.946,22.717885843,255.01553557,0.0268464990343,0.0268464990343,0.0229959033905,0.0229959033905,2456987.13986,nan,134.5129576241761,-31.030053134293194,32231.73343176248,-3854411.2838244904,3920503.484729574,-3285364.1922926786,-34.683665067133084,True,8.56,1951004.8605561464,5138413.508976173,-3287968.74065988,13.218393180917106,6459.591097551752,6734.0154680142205,13.306592560087878,23.908729534924774,81949.48283157639
1663.66466277,2241.18638712,0.00065,5e-05,230,S,0,0.5,0.5,0.5,0.5,-,M,PW,19365.2095721,834707.309144,0.0232,2014-11-25T15:21:24.026,22.6911723209,255.146969663,0.0268464990343,0.0268464990343,0.0229959033905,0.0229959033905,2456987.13986,-2.31768943068,134.5164983351805,-31.027332591536666,32005.077517134985,-3854626.9385549775,3920238.219421455,-3284987.585240442,-35.93179694707016,True,8.64,1950644.4057862395,5138510.272074728,-3287591.603828656,13.268410278414876,6256.775024324084,6531.3722586465055,14.23367025830664,-13.226842262801865,81488.14854244867
1662.73052741,2243.85534527,0.00065,5e-05,230,E,0,0.5,0.5,0.5,0.5,-,M,PW,nan,nan,nan,2014-11-25T15:21:24.046,22.6749551615,255.221346309,0.0268464990343,0.0268464990343,0.0229959033905,0.0229959033905,2456987.13986,nan,134.51736589593443,-31.026665870824477,31949.5367602814,-3854679.7761356845,3920173.2208037362,-3284895.295100456,-35.106827751861104,True,8.66,1950555.9356437915,5138534.033834275,-3287499.183661517,13.293579341117033,6206.74790548658,6481.38948051387,14.458437313062896,34.28613644046593,81375.19128412416
1661.66990076,2249.17810288,0.00065,5e-05,231,S,1,0.5,0.5,0.5,0.5,-,M,PW,27572.5066226,447605.62699,0.0616,2014-11-25T15:21:24.126,22.6645118417,255.36685716,0.0268464990343,0.0268464990343,0.0229959033905,0.0229959033905,2456987.13986,-1.64109273345,134.520766669872,-31.02405177067225,31731.791399067846,-3854886.882026329,3919918.4211639613,-3284533.458018099,-63.121775719523875,True,8.74,1950208.5203468187,5138627.39334169,-3287136.835962247,13.452756518360452,6009.487547003026,6284.311094218045,15.324904175269003,15.608718262214968,80932.71019976812
1660.02985487,2253.98762284,0.00065,5e-05,231,E,1,0.5,0.5,0.5,0.5,-,M,PW,nan,nan,nan,2014-11-25T15:21:24.186,22.6358896504,255.50054426,0.0268464990343,0.0268464990343,0.0229959033905,0.0229959033905,2456987.13986,nan,134.52324575355803,-31.02214575602062,31573.04720125467,-3855037.8454335597,3919732.6700653806,-3284269.6491791513,-62.70268184977532,True,8.8,1949954.640647737,5138695.669005713,-3286872.653995086,13.640077705645487,5864.665132195066,6139.62989331033,15.936788318000403,42.212012608890994,80610.47196496492
1659.40161802,2256.37492287,0.00065,5e-05,232,S,0,0.5,0.5,0.5,0.5,-,M,PW,9126.50083681,393383.656759,0.0232,2014-11-25T15:21:24.226,22.6267058746,255.566246986,0.0269198365743,0.0269198365743,0.0230319454652,0.0230319454652,2456987.13986,-1.50089467226,134.52486500440588,-31.020900582576065,31469.350525203965,-3855136.44330431,3919611.3394533633,-3284097.313912524,-69.25718584055149,True,8.84,1949788.5100420432,5138740.371157302,-3286700.07454428,13.800121604666929,5769.66162938199,6044.722774269294,16.325188751019613,28.531213544136584,80400.14172982372
