outputs/DTFrag_triangulation/40_2014-11-25_152058_DSC_0617-G_DN141125_01_2018-04-26_163631_martin_nocomment.ecsv
# %ECSV 0.9
# ---
# datatype:
# - {name: x_image, unit: pix, datatype: float64}
# - {name: y_image, unit: pix, datatype: float64}
# - {name: time_err_minus, unit: s, datatype: float64}
# - {name: time_err_plus, unit: s, datatype: float64}
# - {name: de_bruijn_sequence_element_index, datatype: object}
# - {name: dash_start_end, datatype: object}
# - {name: zero_or_one, datatype: int64}
# - {name: err_minus_x_image, unit: pix, datatype: float64}
# - {name: err_plus_x_image, unit: pix, datatype: float64}
# - {name: err_minus_y_image, unit: pix, datatype: float64}
# - {name: err_plus_y_image, unit: pix, datatype: float64}
# - {name: periodic_pulse, datatype: object}
# - {name: pick_flag, datatype: object}
# - {name: encoding_type, datatype: object}
# - {name: brightness_dash_V, unit: adu, datatype: float64}
# - {name: flux_dash_V, unit: adu / s, datatype: float64}
# - {name: aperture_exptime, unit: s, datatype: float64}
# - {name: datetime, datatype: string}
# - {name: altitude, datatype: float64}
# - {name: azimuth, datatype: float64}
# - {name: err_minus_altitude, datatype: float64}
# - {name: err_plus_altitude, datatype: float64}
# - {name: err_minus_azimuth, datatype: float64}
# - {name: err_plus_azimuth, datatype: float64}
# - {name: JD, datatype: float64, description: Julian Date}
# - {name: m_V, unit: adu / s, datatype: float64}
# - {name: longitude, unit: deg, datatype: float64}
# - {name: latitude, unit: deg, datatype: float64}
# - {name: height, unit: m, datatype: float64}
# - {name: X_geo, unit: m, datatype: float64}
# - {name: Y_geo, unit: m, datatype: float64}
# - {name: Z_geo, unit: m, datatype: float64}
# - {name: cross_track_error, unit: m, datatype: float64}
# - {name: timing, datatype: bool}
# - {name: t_rel, unit: s, datatype: float64}
# - {name: X_eci, unit: m, datatype: float64}
# - {name: Y_eci, unit: m, datatype: float64}
# - {name: Z_eci, unit: m, datatype: float64}
# - {name: pos_err, unit: m, datatype: float64}
# - {name: D_DT_geo, unit: m / s, datatype: float64}
# - {name: D_DT_eci, unit: m / s, datatype: float64}
# - {name: D_DT_err, unit: m / s, datatype: float64}
# - {name: along_track_error, unit: m, datatype: float64}
# - {name: range, unit: m, datatype: float64}
# delimiter: ','
# meta: !!omap
# - {origin: Desert Fireball Network}
# - {exposure_time: 25.0}
# - {lens_type: Fisheye}
# - {telescope: DFNSMALL40}
# - {observer: 'DFN automated software http://adsabs.harvard.edu/abs/2012M%26PSA..75.5123T'}
# - {creator: raw_to_fits 6.0}
# - {timing_correction_dictionary_version: DEBUG}
# - {isodate_mid_obs: '2014-11-25T15:21:10.500'}
# - {sidereal_time_hour: 4.725841279690901}
# - {point_picking_user_comment: nocomment}
# - {point_picking_hostname: work-desktop-debian}
# - {obs_latitude: -32.4592366667}
# - {original_raw_filename: 40_2014-11-25_152058_DSC_0617.NEF}
# - {cropped: false}
# - {obs_elevation: 284.0}
# - {instrument: Nikon D800}
# - {gps_lock: Y}
# - {filter_pattern: RG/GB}
# - {location: MountIves}
# - {aperture: 4.0}
# - {isodate_start_obs: '2014-11-25T15:20:58'}
# - {image_file: 40_2014-11-25_152058_DSC_0617-G.tiff}
# - {timing_corrected: true}
# - {NAXIS2: 4924}
# - {NAXIS1: 7378}
# - {event_codename: DN141125_01}
# - {jd_mid_obs: 2456987.139704861}
# - {lens: Samyang_8mm_F3.5}
# - {timing_de_bruijn_encoding_type: pulse_width}
[...]
# - {triangulation_dec_ecef_end_err: 0.01265314061821483}
# - {triangulation_slope_end: 26.077010635772897}
# - {triangulation_slope_end_err: 0.010948287314687862}
# - {triangulation_azimuth_end: -129.0164816591498}
# - {triangulation_azimuth_end_err: 0.012992105495440403}
# - {triangulation_file_1: 38_2014-11-25_152058_DSC_0559-G_DN141125_01_2018-04-26_163331_martin_nocomment.ecsv}
# - {triangulation_file_2: 40_2014-11-25_152058_DSC_0617-G_DN141125_01_2018-04-26_163631_martin_nocomment.ecsv}
# - {triangulation_file_3: 41_2014-11-25_152059_DSC_0674-G_DN141125_01_2018-01-01_212656_ellie_nocomment.ecsv}
# - {triangulation_file_4: 40_2014-11-25_152058_DSC_0617-G_DN141125_01_2018-04-26_163631_martin_nocomment.ecsv}
# - {triangulation_file_5: 38_2014-11-25_152058_DSC_0559-G_DN141125_01_2018-04-26_163331_martin_nocomment.ecsv}
# - {triangulation_t0: '2014-11-25T15:21:15.386'}
# - {triangulation_file_0: 36_2014-11-25_152058_DSC_0594-G_DN141125_01_2018-04-26_163106_martin_nocomment.ecsv}
# - {astropy_version: 3.0.1}
# - {numpy_version: 1.14.2}
# - {scipy_version: 1.0.1}
# schema: astropy-2.0
x_image,y_image,time_err_minus,time_err_plus,de_bruijn_sequence_element_index,dash_start_end,zero_or_one,err_minus_x_image,err_plus_x_image,err_minus_y_image,err_plus_y_image,periodic_pulse,pick_flag,encoding_type,brightness_dash_V,flux_dash_V,aperture_exptime,datetime,altitude,azimuth,err_minus_altitude,err_plus_altitude,err_minus_azimuth,err_plus_azimuth,JD,m_V,longitude,latitude,height,X_geo,Y_geo,Z_geo,cross_track_error,timing,t_rel,X_eci,Y_eci,Z_eci,pos_err,D_DT_geo,D_DT_eci,D_DT_err,along_track_error,range
[from data line 30]
1536.69649792,3367.36855588,0.00065,5e-05,169,S,0,0.5,0.5,0.5,0.5,-,M,PW,74576.6170943,3214509.35751,0.0232,2014-11-25T15:21:17.926,14.5316875753,299.942979512,0.0275369659471,0.0275369659471,0.021636005642,0.021636005642,2456987.13979,-3.77135007141,134.01554538698838,-31.407752321980233,64199.198883558005,-3824030.434604514,3957749.944508381,-3338017.582761394,-273.4632418306862,True,2.54,1999701.3099161969,5125457.545339445,-3340693.6993339267,21.572389310099503,13825.604565900823,14097.972127601439,7.480573008429393,-1.541285328624539,239116.59199236933
1536.93298774,3372.09835233,0.00065,5e-05,169,E,0,0.5,0.5,0.5,0.5,-,M,PW,nan,nan,nan,2014-11-25T15:21:17.946,14.490216807,300.050442202,0.0275369659471,0.0275369659471,0.021636005642,0.021636005642,2456987.13979,nan,134.01747656357753,-31.406300471979094,64074.282051963484,-3824148.625278519,3957605.316546184,-3337813.7087998795,-281.4378407837938,True,2.56,1999513.4128418185,5125507.641977777,-3340489.549213636,21.467126746454248,13824.03018205239,14096.394303327512,7.474940560212675,210.70221798906857,239009.49108476366
1537.48479732,3379.98134641,0.00065,5e-05,170,S,1,0.5,0.5,0.5,0.5,-,M,PW,316583.178154,5139337.3077,0.0616,2014-11-25T15:21:18.026,14.4245288381,300.230683708,0.0275369659471,0.0275369659471,0.021636005642,0.021636005642,2456987.13979,-4.28083114172,134.02519872788008,-31.40049376968286,63574.83580829334,-3824621.2137155724,3957026.996948566,-3336998.4277073215,-310.66326731282805,True,2.64,1998762.0551042245,5125707.950631423,-3339673.1638390054,21.051251825576415,13817.475331952872,14089.825730267503,7.451525043828937,-33.26643023550939,238583.97157321102
1537.72128715,3389.59859918,0.00065,5e-05,170,E,1,0.5,0.5,0.5,0.5,-,M,PW,nan,nan,nan,2014-11-25T15:21:18.086,14.3328887058,300.446071796,0.0275369659471,0.0275369659471,0.021636005642,0.021636005642,2456987.13979,nan,134.0309878814764,-31.39613955439005,63200.48971108921,-3824975.486581117,3956593.446514809,-3336387.2032374553,-295.68515268139043,True,2.7,1998198.7884835645,5125858.097823119,-3339061.111536232,20.744905282780618,13812.278701547342,14084.61885306759,7.432964749775234,148.53629793462096,238267.8496253084
1537.87894703,3393.30360639,0.00065,5e-05,171,S,0,0.5,0.5,0.5,0.5,-,M,PW,92904.5798461,4004507.75199,0.0232,2014-11-25T15:21:18.126,14.2990035577,300.529502609,0.0275369659471,0.0275369659471,0.021636005642,0.021636005642,2456987.13979,-4.00993618234,134.03484602416827,-31.393237174041033,62951.042916103834,-3825211.580652899,3956304.5112902294,-3335979.838843168,-296.4920611054424,True,2.74,1997823.4025703967,5125958.154420942,-3338653.1954193222,20.54341371087503,13808.675035781656,14081.008370810974,7.4200973651824835,1.5963661215030331,238058.5504515838
1537.87894703,3398.42755254,0.00065,5e-05,171,E,0,0.5,0.5,0.5,0.5,-,M,PW,nan,nan,nan,2014-11-25T15:21:18.146,14.246598433,300.642725209,0.0275369659471,0.0275369659471,0.021636005642,0.021636005642,2456987.13979,nan,134.03677469576175,-31.391786121665085,62826.3554574006,-3825329.600622252,3956160.0740900594,-3335776.1934576333,-272.9563085015394,True,2.76,1997635.7482696879,5126008.169972363,-3338449.27423881,20.44349616385905,13806.830143652112,14079.160078841202,7.413512351062401,250.37100698596808,237954.3369589896
1538.43075661,3407.02001608,0.00065,5e-05,172,S,1,0.5,0.5,0.5,0.5,-,M,PW,320874.971845,5209009.2832,0.0616,2014-11-25T15:21:18.226,14.1717235471,300.837327136,0.0275369659471,0.0275369659471,0.021636005642,0.021636005642,2456987.13979,-4.29545116408,134.04448645349166,-31.385982904487307,62327.85130172861,-3825801.482574568,3955582.54635196,-3334961.867503954,-291.7590803343912,True,2.84,1996885.3977022057,5126208.14486507,-3337633.8454853157,20.049531886918963,13799.153000646678,14071.469432310316,7.386192936869131,68.38132986813198,237540.4141266281
1538.66724643,3415.29715986,0.00065,5e-05,172,E,1,0.5,0.5,0.5,0.5,-,M,PW,nan,nan,nan,2014-11-25T15:21:18.286,14.0917663434,301.021601182,0.0275369659471,0.0275369659471,0.021636005642,0.021636005642,2456987.13979,nan,134.05026737939335,-31.38163162402039,61954.238719543966,-3826155.199773576,3955149.6214034,-3334351.4039548645,-275.61879602458214,True,2.9,1996322.9258543958,5126358.031457443,-3337022.5552746677,19.76018799765515,13793.069948725286,14065.37633776842,7.36457018902713,110.59909031787,237233.0393781593
1539.06139614,3421.05174554,0.00065,5e-05,173,S,1,0.5,0.5,0.5,0.5,-,M,PW,536136.035524,8703507.0702,0.0616,2014-11-25T15:21:18.326,14.0414311373,301.151614627,0.0275369659471,0.0275369659471,0.021636005642,0.021636005642,2456987.1398,-4.85279905168,134.05411982654476,-31.378731360188585,61705.29431604447,-3826390.9105373346,3954861.118869462,-3333944.5690250513,-287.8206040552355,True,2.94,1995948.089405361,5126457.909205005,-3336615.169441511,19.570276508917463,13788.852915097887,14061.152636215376,7.349676775508943,159.6098037949718,237029.595395286
1539.29788596,3428.30410009,0.00065,5e-05,173,E,1,0.5,0.5,0.5,0.5,-,M,PW,nan,nan,nan,2014-11-25T15:21:18.386,13.9712408749,301.312720266,0.0275369659471,0.0275369659471,0.021636005642,0.021636005642,2456987.1398,nan,134.05989615026186,-31.374381918216173,61332.0797039382,-3826744.320154443,3954428.543212911,-3333334.5374847045,-273.79509760244866,True,3.0,1995386.0604976353,5126607.6536143925,-3336004.3118879567,19.289983935702033,13782.27555749109,14054.565304914295,7.326515444112745,98.03744613567841,236726.64766208813
1539.69203566,3433.3492163,0.00065,5e-05,174,S,1,0.5,0.5,0.5,0.5,-,M,PW,617743.356904,10028301.2484,0.0616,2014-11-25T15:21:18.426,13.927728981,301.426772794,0.0275369659471,0.0275369659471,0.021636005642,0.021636005642,2456987.1398,-5.00663176458,134.06374524381943,-31.371482969424488,61083.408005344536,-3826979.8070432507,3954140.2934815586,-3332928.002909969,-287.73652777813635,True,3.04,1995011.5302595317,5126707.433725808,-3335597.226864192,19.10624995164002,13777.71713304709,14050.000296249375,7.310504746405208,75.48634602245264,236526.17995794513
1539.61320572,3442.2569996,0.00065,5e-05,174,E,1,0.5,0.5,0.5,0.5,-,M,PW,nan,nan,nan,2014-11-25T15:21:18.486,13.8315599458,301.620371487,0.0275369659471,0.0275369659471,0.021636005642,0.021636005642,2456987.1398,nan,134.06951660654943,-31.36713563913578,60710.61406447375,-3827332.887077621,3953708.0938241715,-3332318.4411805035,-227.1756082549481,True,3.1,1994449.9776885675,5126857.027242179,-3334986.8398131984,18.835423072289803,13770.60930307722,14042.88260122167,7.28564572780918,173.53777306366308,236227.69487357803
1540.55916501,3446.90796611,0.00065,5e-05,175,S,0,0.5,0.5,0.5,0.5,-,M,PW,226994.994286,9784266.9951,0.0232,2014-11-25T15:21:18.526,13.8050041881,301.730697052,0.0275369659471,0.0275369659471,0.021636005642,0.021636005642,2456987.1398,-4.97988407382,134.07336243525262,-31.364238193399103,60462.23089765038,-3827568.1582415896,3953420.092984723,-3331912.2330817175,-300.2530901155455,True,3.14,1994075.7767422688,5126956.703698361,-3334580.0817564153,18.658105670224504,13765.684560371115,14037.951333289704,7.268521176631176,108.35092877119072,236030.2010596166
1540.71682489,3450.92829309,0.00065,5e-05,175,E,0,0.5,0.5,0.5,0.5,-,M,PW,nan,nan,nan,2014-11-25T15:21:18.546,13.7658985964,301.81963951,0.0275369659471,0.0275369659471,0.021636005642,0.021636005642,2456987.1398,nan,134.07528480969333,-31.36278971514084,60338.08414783957,-3827685.758173305,3953276.1334204483,-3331709.180634105,-292.11854759398045,True,3.16,1993888.7279741303,5127006.525775515,-3334376.754392705,18.570436879002678,13763.164747153434,14035.428258108886,7.259764694431445,241.56786725182036,235931.9044738237
1541.1109746,3457.55000811,0.00065,5e-05,176,S,1,0.5,0.5,0.5,0.5,-,M,PW,1054933.44727,17125542.9752,0.0616,2014-11-25T15:21:18.626,13.7044409657,301.967202946,0.0274847052027,0.0274847052027,0.0219751377675,0.0219751377675,2456987.1398,-5.5876742104,134.08297041444132,-31.35699752681224,59841.804384141156,-3828155.90125287,3952700.5884304466,-3330897.328134259,-292.4247962638373,True,3.24,1993140.8894546677,5127205.703320896,-3333563.8028050526,18.22644375225669,13752.689942154058,14024.940537109,7.223634359685638,-145.9877215557846,235541.74431543716
1541.58395424,3468.90151958,0.00065,5e-05,176,E,1,0.5,0.5,0.5,0.5,-,M,PW,nan,nan,nan,2014-11-25T15:21:18.686,13.5933232304,302.217553997,0.0275531483967,0.0275531483967,0.0216810933662,0.0216810933662,2456987.1398,nan,134.08873067429215,-31.352655318379306,59469.927057294044,-3828508.2501176405,3952269.2290922515,-3330288.8306569937,-267.4384691141745,True,3.3,1992580.3996739432,5127354.966338974,-3332954.48157119,17.975593372870446,13744.40303391594,14016.644033084274,7.195284280433727,180.03366311447522,235252.29153790444
1541.97810395,3473.86780585,0.00065,5e-05,177,S,1,0.5,0.5,0.5,0.5,-,M,PW,805647.176647,13078687.9326,0.0616,2014-11-25T15:21:18.726,13.5488747275,302.328647378,0.0275531483967,0.0275531483967,0.0216810933662,0.0216810933662,2456987.1398,-5.29497377882,134.09256882154335,-31.349761499704286,59222.172764769195,-3828743.0167958033,3951981.8093769657,-3329883.3615307095,-275.2848575060554,True,3.34,1992206.933280371,5127454.415677926,-3332548.463562353,17.811820339877567,13738.664672597783,14010.899296761227,7.175814170445376,143.8665758435158,235060.84302321452
1542.52991353,3481.75079992,0.00065,5e-05,177,E,1,0.5,0.5,0.5,0.5,-,M,PW,nan,nan,nan,2014-11-25T15:21:18.786,13.4761055295,302.503953346,0.0275531483967,0.0275531483967,0.0216810933662,0.0216810933662,2456987.1398,nan,134.0983228827473,-31.345422345173034,58850.79496964291,-3829094.960603196,3951550.9185931035,-3329275.464514493,-278.1781410954023,True,3.4,1991647.035253808,5127603.497712275,-3331939.743665258,17.571415404573823,13729.724198209758,14001.949394250738,7.145712274093859,130.3642335811125,234775.959816577
1542.92406324,3486.00761672,0.00065,5e-05,178,S,0,0.5,0.5,0.5,0.5,-,M,PW,459414.456313,19802347.2549,0.0232,2014-11-25T15:21:18.826,13.4388943858,302.599405807,0.0275531483967,0.0275531483967,0.0216810933662,0.0216810933662,2456987.1398,-5.74535501568,134.10215657448794,-31.34253068056527,58603.38353020899,-3829329.436176618,3951263.834048217,-3328870.412045257,-289.19561531109434,True,3.44,1991273.9778106322,5127702.82262986,-3331534.1429293407,17.414736896184987,13723.534679566717,13995.753604554762,7.125025534667477,24.0738866910713,234587.58244986672
1543.239383,3491.28922275,0.00065,5e-05,178,E,0,0.5,0.5,0.5,0.5,-,M,PW,nan,nan,nan,2014-11-25T15:21:18.846,13.3883412719,302.715969968,0.0275531483967,0.0275531483967,0.0216810933662,0.0216810933662,2456987.1398,nan,134.10407283061446,-31.341085194757653,58479.73121698028,-3829446.635977073,3951120.337058901,-3328667.9515625075,-283.37121240476483,True,3.46,1991087.513275117,5127752.465684393,-3331331.408376739,17.337479323032728,13720.369241065553,13992.585028511778,7.114511836349243,274.21583333694235,234493.84828012224
1543.79119258,3498.69923718,0.00065,5e-05,179,S,0,0.5,0.5,0.5,0.5,-,M,PW,404399.36963,17431007.3116,0.0232,2014-11-25T15:21:18.926,13.3196364457,302.880294709,0.0275531483967,0.0275531483967,0.0216810933662,0.0216810933662,2456987.1398,-5.6068695482,134.11173320881622,-31.33530567968507,57985.48758523645,-3829915.1337167663,3950546.6998093855,-3327858.5641974537,-285.77919822927316,True,3.54,1990342.0976301439,5127950.904738896,-3330520.925481249,17.035698983900932,13707.220650303017,13979.424101746052,7.071269740568067,-46.50450471059733,234121.9958163757
1544.02768241,3504.61148274,0.00065,5e-05,179,E,0,0.5,0.5,0.5,0.5,-,M,PW,nan,nan,nan,2014-11-25T15:21:18.946,13.2596177319,303.009127133,0.027475312161,0.027475312161,0.0218025541655,0.0218025541655,2456987.1398,nan,134.1136471069304,-31.333861434476603,57862.020295018716,-3830032.180659176,3950403.3807797446,-3327656.3346704417,-264.59760360403766,True,3.56,1990155.8575605112,5128000.480373295,-3330318.422235017,16.96209943295409,13703.808491291798,13976.008854446769,7.060144157176446,262.7941403872952,234029.80608909045
1544.73715187,3512.41564687,0.00065,5e-05,180,S,0,0.5,0.5,0.5,0.5,-,M,PW,559080.969983,24098317.6717,0.0232,2014-11-25T15:21:19.026,13.1894251953,303.182811393,0.0273771860848,0.0273771860848,0.0217397931037,0.0217397931037,2456987.1398,-5.95853014828,134.1212975314397,-31.32808715027601,57368.5393396347,-3830500.0339196958,3949830.4931499464,-3326847.908404565,-277.29834310763295,True,3.64,1989411.3726140952,5128198.641192123,-3329508.901806142,16.675134343293355,13689.638784508552,13961.827015133344,7.014505929515977,-23.24970112307693,233664.1677630121
1544.97364169,3518.24906249,0.00065,5e-05,180,E,0,0.5,0.5,0.5,0.5,-,M,PW,nan,nan,nan,2014-11-25T15:21:19.046,13.1296243549,303.309438302,0.0273771860848,0.0273771860848,0.0217397931037,0.0217397931037,2456987.1398,nan,134.123208892872,-31.326644281695504,57245.26847739055,-3830616.917142534,3949687.3654759657,-3326645.9287000503,-254.27019998245555,True,3.66,1989225.3736487452,5128248.145071411,-3329306.648737909,16.605263710158372,13685.96256137488,13958.147780171272,7.002818070992347,276.67567202999777,233573.5342116255
1545.60428122,3525.18609728,0.00065,5e-05,181,S,1,0.5,0.5,0.5,0.5,-,M,PW,1205146.31645,19564063.5787,0.0616,2014-11-25T15:21:19.126,13.0664518272,303.46325573,0.0273657108694,0.0273657108694,0.0217829513914,0.0217829513914,2456987.1398,-5.73221099933,134.13084896218587,-31.320875791780423,56752.597101602456,-3831084.1040861593,3949115.2601245395,-3325838.5414999304,-262.77613362540063,True,3.74,1988481.8882327855,5128446.009722598,-3328498.1688519143,16.33329227713751,13670.700272452661,13942.873600861343,6.95494595732816,-94.8041874172058,233214.13104385821
1546.55024051,3537.48356803,0.00065,5e-05,181,E,1,0.5,0.5,0.5,0.5,-,M,PW,nan,nan,nan,2014-11-25T15:21:19.186,12.9493800551,303.73345795,0.0273908061461,0.0273908061461,0.0218426457228,0.0218426457228,2456987.13981,nan,134.1365729782545,-31.316552728585464,56383.54039963114,-3831434.1058646827,3948686.6345812166,-3325233.58288074,-255.23082613722914,True,3.8,1987924.8309141367,5128594.244390378,-3327892.3915134748,16.137300795107727,13658.646837264143,13930.811350900605,6.917897344068492,301.71470016825583,232947.87923534436
1546.86556027,3540.95208543,0.00065,5e-05,182,S,1,0.5,0.5,0.5,0.5,-,M,PW,1166474.86501,18936280.2762,0.0616,2014-11-25T15:21:19.226,12.9172787379,303.809991561,0.0273908061461,0.0273908061461,0.0218426457228,0.0218426457228,2456987.13981,-5.69680001798,134.1403861833926,-31.313672353781236,56137.72321353214,-3831667.261142281,3948401.0965536856,-3324830.56717476,-257.566181933392,True,3.84,1987553.7359855692,5128692.986496957,-3327488.8304207684,16.010449849885518,13650.31038944805,13922.469118414787,6.8926366526990615,114.49931473665377,232771.96945930473
1547.73268962,3550.25401844,0.00065,5e-05,182,E,1,0.5,0.5,0.5,0.5,-,M,PW,nan,nan,nan,2014-11-25T15:21:19.286,12.8311930591,304.015095591,0.0273908061461,0.0273908061461,0.0218426457228,0.0218426457228,2456987.13981,nan,134.14610144309057,-31.309354423752648,55769.33920379588,-3832016.7031106334,3947973.1320425277,-3324226.496788446,-263.64282645003414,True,3.9,1986997.5244745747,5128840.97399368,-3326883.9425859307,15.825906236899531,13637.338145051111,13909.488271197468,6.853969925903995,222.4654491094352,232510.46268361015
