outputs/DTFrag_triangulation/40_2014-11-25_152058_DSC_0617-G_DN141125_01_2018-04-26_163631_martin_nocomment.ecsv
# %ECSV 0.9
# ---
# datatype:
# - {name: x_image, unit: pix, datatype: float64}
# - {name: y_image, unit: pix, datatype: float64}
# - {name: time_err_minus, unit: s, datatype: float64}
# - {name: time_err_plus, unit: s, datatype: float64}
# - {name: de_bruijn_sequence_element_index, datatype: object}
# - {name: dash_start_end, datatype: object}
# - {name: zero_or_one, datatype: int64}
# - {name: err_minus_x_image, unit: pix, datatype: float64}
# - {name: err_plus_x_image, unit: pix, datatype: float64}
# - {name: err_minus_y_image, unit: pix, datatype: float64}
# - {name: err_plus_y_image, unit: pix, datatype: float64}
# - {name: periodic_pulse, datatype: object}
# - {name: pick_flag, datatype: object}
# - {name: encoding_type, datatype: object}
# - {name: brightness_dash_V, unit: adu, datatype: float64}
# - {name: flux_dash_V, unit: adu / s, datatype: float64}
# - {name: aperture_exptime, unit: s, datatype: float64}
# - {name: datetime, datatype: string}
# - {name: altitude, datatype: float64}
# - {name: azimuth, datatype: float64}
# - {name: err_minus_altitude, datatype: float64}
# - {name: err_plus_altitude, datatype: float64}
# - {name: err_minus_azimuth, datatype: float64}
# - {name: err_plus_azimuth, datatype: float64}
# - {name: JD, datatype: float64, description: Julian Date}
# - {name: m_V, unit: adu / s, datatype: float64}
# - {name: longitude, unit: deg, datatype: float64}
# - {name: latitude, unit: deg, datatype: float64}
# - {name: height, unit: m, datatype: float64}
# - {name: X_geo, unit: m, datatype: float64}
# - {name: Y_geo, unit: m, datatype: float64}
# - {name: Z_geo, unit: m, datatype: float64}
# - {name: cross_track_error, unit: m, datatype: float64}
# - {name: timing, datatype: bool}
# - {name: t_rel, unit: s, datatype: float64}
# - {name: X_eci, unit: m, datatype: float64}
# - {name: Y_eci, unit: m, datatype: float64}
# - {name: Z_eci, unit: m, datatype: float64}
# - {name: pos_err, unit: m, datatype: float64}
# - {name: D_DT_geo, unit: m / s, datatype: float64}
# - {name: D_DT_eci, unit: m / s, datatype: float64}
# - {name: D_DT_err, unit: m / s, datatype: float64}
# - {name: along_track_error, unit: m, datatype: float64}
# - {name: range, unit: m, datatype: float64}
# delimiter: ','
# meta: !!omap
# - {origin: Desert Fireball Network}
# - {exposure_time: 25.0}
# - {lens_type: Fisheye}
# - {telescope: DFNSMALL40}
# - {observer: 'DFN automated software http://adsabs.harvard.edu/abs/2012M%26PSA..75.5123T'}
# - {creator: raw_to_fits 6.0}
# - {timing_correction_dictionary_version: DEBUG}
# - {isodate_mid_obs: '2014-11-25T15:21:10.500'}
# - {sidereal_time_hour: 4.725841279690901}
# - {point_picking_user_comment: nocomment}
# - {point_picking_hostname: work-desktop-debian}
# - {obs_latitude: -32.4592366667}
# - {original_raw_filename: 40_2014-11-25_152058_DSC_0617.NEF}
# - {cropped: false}
# - {obs_elevation: 284.0}
# - {instrument: Nikon D800}
# - {gps_lock: Y}
# - {filter_pattern: RG/GB}
# - {location: MountIves}
# - {aperture: 4.0}
# - {isodate_start_obs: '2014-11-25T15:20:58'}
# - {image_file: 40_2014-11-25_152058_DSC_0617-G.tiff}
# - {timing_corrected: true}
# - {NAXIS2: 4924}
# - {NAXIS1: 7378}
# - {event_codename: DN141125_01}
# - {jd_mid_obs: 2456987.139704861}
# - {lens: Samyang_8mm_F3.5}
# - {timing_de_bruijn_encoding_type: pulse_width}
[...]
# - {triangulation_dec_ecef_end_err: 0.01265314061821483}
# - {triangulation_slope_end: 26.077010635772897}
# - {triangulation_slope_end_err: 0.010948287314687862}
# - {triangulation_azimuth_end: -129.0164816591498}
# - {triangulation_azimuth_end_err: 0.012992105495440403}
# - {triangulation_file_1: 38_2014-11-25_152058_DSC_0559-G_DN141125_01_2018-04-26_163331_martin_nocomment.ecsv}
# - {triangulation_file_2: 40_2014-11-25_152058_DSC_0617-G_DN141125_01_2018-04-26_163631_martin_nocomment.ecsv}
# - {triangulation_file_3: 41_2014-11-25_152059_DSC_0674-G_DN141125_01_2018-01-01_212656_ellie_nocomment.ecsv}
# - {triangulation_file_4: 40_2014-11-25_152058_DSC_0617-G_DN141125_01_2018-04-26_163631_martin_nocomment.ecsv}
# - {triangulation_file_5: 38_2014-11-25_152058_DSC_0559-G_DN141125_01_2018-04-26_163331_martin_nocomment.ecsv}
# - {triangulation_t0: '2014-11-25T15:21:15.386'}
# - {triangulation_file_0: 36_2014-11-25_152058_DSC_0594-G_DN141125_01_2018-04-26_163106_martin_nocomment.ecsv}
# - {astropy_version: 3.0.1}
# - {numpy_version: 1.14.2}
# - {scipy_version: 1.0.1}
# schema: astropy-2.0
x_image,y_image,time_err_minus,time_err_plus,de_bruijn_sequence_element_index,dash_start_end,zero_or_one,err_minus_x_image,err_plus_x_image,err_minus_y_image,err_plus_y_image,periodic_pulse,pick_flag,encoding_type,brightness_dash_V,flux_dash_V,aperture_exptime,datetime,altitude,azimuth,err_minus_altitude,err_plus_altitude,err_minus_azimuth,err_plus_azimuth,JD,m_V,longitude,latitude,height,X_geo,Y_geo,Z_geo,cross_track_error,timing,t_rel,X_eci,Y_eci,Z_eci,pos_err,D_DT_geo,D_DT_eci,D_DT_err,along_track_error,range
[from data line 89]
1574.14071977,3766.32688605,0.00065,5e-05,198,E,0,0.5,0.5,0.5,0.5,-,M,PW,nan,nan,nan,2014-11-25T15:21:20.846,10.7756332352,308.696519438,0.0385698642786,0.0385698642786,0.0492662157392,0.0492662157392,2456987.13982,nan,134.29174485261666,-31.198990442634678,46401.04023225649,-3840916.3478960157,3937067.897459315,-3308821.125342479,-288.85153420304675,True,5.46,1972814.1457496574,5132610.576925259,-3311457.7261543423,13.12676708535685,12968.318982477165,13240.323111009628,6.009753488473798,278.6733571000201,226750.2227448469
1575.79614853,3775.07700947,0.00065,5e-05,199,S,1,0.5,0.5,0.5,0.5,-,M,PW,945408.129102,15347534.5633,0.0616,2014-11-25T15:21:20.926,10.6976016539,308.886705568,0.0385698642786,0.0385698642786,0.0492662157392,0.0492662157392,2456987.13983,-5.46865988581,134.29896213070194,-31.193504838993785,45937.75411886589,-3841357.0968457586,3936527.5233360496,-3308057.1184206354,-317.95427802438326,True,5.54,1972110.4108444045,5132797.449644962,-3310692.6849876526,13.04601466479385,12890.73517522014,13162.742758654138,6.075553971853641,72.53573450390397,226511.29345861002
1576.66327788,3784.53660236,0.00065,5e-05,199,E,1,0.5,0.5,0.5,0.5,-,M,PW,nan,nan,nan,2014-11-25T15:21:20.986,10.5921780694,309.081096047,0.0385698642786,0.0385698642786,0.0492662157392,0.0492662157392,2456987.13983,nan,134.3043457157036,-31.189411791869293,45592.22050263995,-3841685.8463755418,3936124.4417166105,-3307487.164323978,-255.99589650633314,True,5.6,1971585.3429879122,5132936.874313361,-3310121.9592190064,12.981939623360404,12829.808612724757,13101.819585340409,6.150291838059296,180.98536533511134,226336.01079941328
1577.92455693,3789.34522875,0.00065,5e-05,200,S,1,0.5,0.5,0.5,0.5,-,M,PW,896350.638592,14551146.7304,0.0616,2014-11-25T15:21:21.026,10.5564242143,309.189229379,0.0385698642786,0.0385698642786,0.0492662157392,0.0492662157392,2456987.13983,-5.41080638571,134.30792042234873,-31.186693595069965,45362.819368758115,-3841904.1292097652,3935856.796393472,-3307108.70661377,-303.9877566780868,True,5.64,1971236.6510749273,5133029.463104083,-3309742.98904733,12.937624496079932,12787.84226797033,13059.855910626542,6.21189436725356,121.97491441548188,226221.00755897193
1579.04090616,3797.40974741,0.00065,5e-05,200,E,1,0.5,0.5,0.5,0.5,-,M,PW,nan,nan,nan,2014-11-25T15:21:21.086,10.4740353924,309.358644172,0.0385698642786,0.0385698642786,0.0492662157392,0.0492662157392,2456987.13983,nan,134.3132600239772,-31.182632640724222,45020.19782462194,-3842230.1699639163,3935457.0104848607,-3306543.368541082,-284.93836438908966,True,5.7,1970715.714456284,5133167.786312925,-3309176.8853773675,12.86901013992183,12722.808839373298,12994.827090649065,6.321060147178294,108.8003774348462,226051.29430955142
1580.04658047,3803.15645773,0.00065,5e-05,201,S,1,0.5,0.5,0.5,0.5,-,M,PW,913276.478259,14825916.8548,0.0616,2014-11-25T15:21:21.126,10.4196396713,309.481576874,0.0385698642786,0.0385698642786,0.0492662157392,0.0492662157392,2456987.13983,-5.43111723612,134.31680432815415,-31.17993658499364,44792.799168942474,-3842446.5802138243,3935191.6421617204,-3306168.090716019,-290.71443620125746,True,5.74,1970369.8669327118,5133259.617381136,-3308801.0992638734,12.821987604665834,12678.028300997203,12950.05007259111,6.404425012007823,135.91163886153956,225940.01383186335
1581.33959029,3812.20752648,0.00065,5e-05,201,E,1,0.5,0.5,0.5,0.5,-,M,PW,nan,nan,nan,2014-11-25T15:21:21.186,10.3270737607,309.671371463,0.0385698642786,0.0385698642786,0.0492662157392,0.0492662157392,2456987.13983,nan,134.32209666388647,-31.17590999344674,44453.27572557299,-3842769.709518002,3934795.394748097,-3305607.680762921,-269.3825290404379,True,5.8,1969853.3362084082,5133396.76785771,-3308239.930193632,12.749949685452846,12608.659222372879,12880.6869437992,6.544028639552372,216.27562954974542,225775.89813246595
1582.20159683,3817.16406412,0.00065,5e-05,202,S,0,0.5,0.5,0.5,0.5,-,M,PW,332661.989816,14338878.8714,0.0232,2014-11-25T15:21:21.226,10.2794865174,309.776899745,0.0385698642786,0.0385698642786,0.0492662157392,0.0492662157392,2456987.13983,-5.39485132563,134.32560854787582,-31.173237633166732,44228.006950210074,-3842984.124240336,3934532.454285681,-3305235.796530503,-271.75685672272556,True,5.84,1969510.521146105,5133487.792404831,-3307867.542142076,12.701203436729832,12560.911481478062,12832.943663251794,6.645908049959642,174.3357872234599,225668.3416246975
1582.8908432,3820.56188529,0.00065,5e-05,202,E,0,0.5,0.5,0.5,0.5,-,M,PW,nan,nan,nan,2014-11-25T15:21:21.246,10.2488982609,309.850316241,0.0385698642786,0.0385698642786,0.0492662157392,0.0492662157392,2456987.13983,nan,134.32735942769003,-31.171905160823275,44115.704681254196,-3843091.0201764167,3934401.3631627923,-3305050.3845827887,-282.3932216101418,True,5.86,1969339.5870649563,5133533.1788799595,-3307681.8789710584,12.676701169400676,12536.57821789844,12808.612748036023,6.699222270718796,237.80945425896905,225615.1218989392
1584.86159172,3829.78498836,0.00065,5e-05,203,S,1,0.5,0.5,0.5,0.5,-,M,PW,902167.1404,14645570.461,0.0616,2014-11-25T15:21:21.326,10.1675651273,310.050446369,0.0385698642786,0.0385698642786,0.0492662157392,0.0492662157392,2456987.13983,-5.41782906704,134.3343280190071,-31.166600771095112,43668.77304310173,-3843516.4541828004,3933879.612616472,-3304312.378252218,-319.4239770878352,True,5.94,1968659.1013035616,5133713.861682867,-3306942.872567043,12.578554976544424,12436.110096805092,12708.155176589747,6.92623820800356,98.78604685509656,225405.96491578664
1585.88638095,3839.40224113,0.00065,5e-05,203,E,1,0.5,0.5,0.5,0.5,-,M,PW,nan,nan,nan,2014-11-25T15:21:21.386,10.0596667713,310.246354246,0.0382377904732,0.0382377904732,0.0488155538325,0.0488155538325,2456987.13983,nan,134.33951684826494,-31.16265021128283,43336.04423852776,-3843833.2176694693,3933491.1170785404,-3303762.8287642747,-255.2366972644812,True,6.0,1968152.2658958116,5133848.437494423,-3306392.5781935216,12.50585409790765,12357.385173622197,12629.439267371852,7.108098105876198,237.42077007234846,225253.0143535718
1586.65529733,3843.81443321,0.00065,5e-05,204,S,0,0.5,0.5,0.5,0.5,-,M,PW,442348.765066,19066757.1149,0.0232,2014-11-25T15:21:21.426,10.0164259875,310.339583923,0.0382377904732,0.0382377904732,0.0488155538325,0.0488155538325,2456987.13983,-5.70425542123,134.3429574152596,-31.160030235763088,43115.44416596314,-3844043.2467688494,3933233.5166062647,-3303398.4180412786,-253.95591706362856,True,6.04,1967816.1195352776,5133937.692389157,-3306027.673455986,12.45843693222418,12303.25114645905,12575.311843374106,7.233269801421051,153.23941878252234,225152.89699447958
1587.38414982,3847.91587473,0.00065,5e-05,204,E,0,0.5,0.5,0.5,0.5,-,M,PW,nan,nan,nan,2014-11-25T15:21:21.446,9.9764017499,310.42630847,0.0382377904732,0.0382377904732,0.0488155538325,0.0488155538325,2456987.13983,nan,134.3446719635533,-31.158724475080046,43005.51860696612,-3844147.908811921,3933105.1457173927,-3303216.814124797,-253.43337474458065,True,6.06,1967648.582503848,5133982.177778371,-3305845.823312864,12.435174244361223,12275.680524497586,12547.744693303976,7.296702959643736,283.01152275643165,225103.39509854998
1589.59138816,3856.42950833,0.00065,5e-05,205,S,0,0.5,0.5,0.5,0.5,-,M,PW,351702.616314,15159595.5308,0.0232,2014-11-25T15:21:21.526,9.90788382292,310.614320276,0.0382377904732,0.0382377904732,0.0488155538325,0.0488155538325,2456987.13983,-5.45528237094,134.35149064934146,-31.15353046355642,42568.38315865413,-3844564.1285370803,3932594.618775591,-3302494.52529893,-317.976798069032,True,6.14,1966982.1118430975,5134159.1455427315,-3305122.555010983,12.346158337404596,12161.976116648713,12434.055390993975,7.553536547360521,97.62009693583894,224909.09431159028
1590.06436781,3861.31696466,0.00065,5e-05,205,E,0,0.5,0.5,0.5,0.5,-,M,PW,nan,nan,nan,2014-11-25T15:21:21.546,9.85116260345,310.712542657,0.0382377904732,0.0382377904732,0.0488155538325,0.0488155538325,2456987.13983,nan,134.3531852859843,-31.152239405651958,42459.75620741436,-3844667.5673368927,3932467.738599987,-3302315.010462536,-277.25530537979375,True,6.16,1966816.4361038364,5134203.138187938,-3304942.796691389,12.325182377764564,12132.68100919181,12404.76439821477,7.617854832501223,297.68383129196377,224861.4564230192
1591.7986265,3869.67293838,0.00065,5e-05,206,S,1,0.5,0.5,0.5,0.5,-,M,PW,838899.498454,13618498.3515,0.0616,2014-11-25T15:21:21.626,9.77370833674,310.891239789,0.0382377904732,0.0382377904732,0.0488155538325,0.0488155538325,2456987.13983,-5.33888639201,134.35992206262983,-31.147106082337636,42027.96832024574,-3845078.7574464753,3931963.3448330574,-3301601.3355630254,-295.5210173317123,True,6.24,1966157.6370808072,5134378.076277777,-3304228.153575059,12.24806886798872,12011.950153580843,12284.05126324087,7.872508123287842,104.38187791349253,224674.5506332197
1593.37522532,3879.44785103,0.00065,5e-05,206,E,1,0.5,0.5,0.5,0.5,-,M,PW,nan,nan,nan,2014-11-25T15:21:21.686,9.67271862692,311.094291571,0.0382377904732,0.0382377904732,0.0488155538325,0.0488155538325,2456987.13983,nan,134.36492938506598,-31.14328962692192,41707.07163075902,-3845384.371244838,3931588.43751201,-3301070.8316860804,-270.42941946767627,True,6.3,1965667.767633934,5134508.161864353,-3303696.929755955,12.198657118356216,11917.607188294343,12189.723098698096,8.05585608748889,277.83836843036244,224538.239200354
1594.2696885,3883.82590379,0.00065,5e-05,207,S,0,0.5,0.5,0.5,0.5,-,M,PW,438849.24854,18915915.8854,0.0232,2014-11-25T15:21:21.726,9.63128780667,311.187320943,0.0382377904732,0.0382377904732,0.0488155538325,0.0488155538325,2456987.13983,-5.69563177091,134.3682451156731,-31.14076188292931,41494.59071152429,-3845586.732537234,3931340.181072688,-3300719.506385268,-276.518825927305,True,6.34,1965343.2733686455,5134594.334778898,-3303345.127567065,12.170657548994184,11852.872362490216,12124.998841305329,8.173553907194378,204.9883694133718,224449.21256107194
1595.18831396,3888.11914452,0.00065,5e-05,207,E,0,0.5,0.5,0.5,0.5,-,M,PW,nan,nan,nan,2014-11-25T15:21:21.746,9.59139985995,311.278941047,0.0382377904732,0.0382377904732,0.0488155538325,0.0488155538325,2456987.13984,nan,134.36989621549057,-31.139503098666445,41388.79508415723,-3845687.4986206656,3931216.559923417,-3300544.5633607656,-285.6000645770866,True,6.36,1965181.6662796936,5134637.252254222,-3303169.947022908,12.158278770701184,11819.946440469814,12092.078437033877,8.230545897250362,359.0336663935938,224405.24284250298
1596.92257265,3896.08096853,0.00065,5e-05,208,S,1,0.5,0.5,0.5,0.5,-,M,PW,817470.241782,13270620.8082,0.0616,2014-11-25T15:21:21.826,9.51769472122,311.44893797,0.0382377904732,0.0382377904732,0.0488155538325,0.0488155538325,2456987.13984,-5.31079143534,134.3764537307935,-31.134502821959085,40968.65475368173,-3846087.6863251547,3930725.584533326,-3299849.7179106404,-304.4121588803918,True,6.44,1964539.6185228925,5134807.766176455,-3302474.1579907746,12.12085569499719,11684.484816940952,11956.640504816909,8.442862266918567,151.23007912854217,224233.0151182095
1598.1838517,3904.75226201,0.00065,5e-05,208,E,1,0.5,0.5,0.5,0.5,-,M,PW,nan,nan,nan,2014-11-25T15:21:21.886,9.42352881111,311.625994319,0.0379331143733,0.0379331143733,0.0483295116907,0.0483295116907,2456987.13984,nan,134.38132116242656,-31.13079036042892,40656.8369841612,-3846384.716795794,3930361.1481353305,-3299333.913549468,-262.5337203506786,True,6.5,1964062.820007121,5134934.402189685,-3301957.652894558,12.106405887547027,11578.89670774059,11851.071911349605,8.582582190072214,239.68409899780858,224107.66266180688
1599.60279064,3909.79737822,0.00065,5e-05,209,S,1,0.5,0.5,0.5,0.5,-,M,PW,635744.587685,10320529.0209,0.0616,2014-11-25T15:21:21.926,9.38302406824,311.737168174,0.0379331143733,0.0379331143733,0.0483295116907,0.0483295116907,2456987.13984,-5.03781823406,134.38454100340766,-31.12833397957582,40450.57429571965,-3846581.1957265185,3930120.0688265767,-3298992.6668043057,-302.45033786245875,True,6.54,1963747.2847573427,5135018.21192651,-3301615.9424208957,12.10421935292572,11506.585690186188,11778.77480797544,8.664884517700317,240.70797918584498,224025.91506943875
1600.78523975,3917.20739265,0.00065,5e-05,209,E,1,0.5,0.5,0.5,0.5,-,M,PW,nan,nan,nan,2014-11-25T15:21:21.986,9.30406875325,311.889142448,0.0379331143733,0.0379331143733,0.0483295116907,0.0483295116907,2456987.13984,nan,134.38933252484935,-31.124678128979262,40143.67170501161,-3846873.571323635,3929761.313835691,-3298484.844817017,-273.86647768325713,True,6.6,1963277.5775731143,5135142.979227152,-3301107.430134933,12.112477974802694,11395.221615357677,11667.432923279648,8.769450744205365,225.90556035892828,223905.97615320608
1601.96768886,3922.64665857,0.00065,5e-05,210,S,1,0.5,0.5,0.5,0.5,-,M,PW,577652.832732,9377481.05084,0.0616,2014-11-25T15:21:22.026,9.2525050851,312.004340879,0.0379331143733,0.0379331143733,0.0483295116907,0.0483295116907,2456987.13984,-4.93377882366,134.39250058181418,-31.12226053080114,39940.77057839028,-3847066.8766563796,3929524.111453549,-3298149.062464325,-281.73405141263214,True,6.64,1962966.8953009078,5135225.510694489,-3300771.1911718817,12.125974547072278,11319.04154256887,11591.268617468504,8.825292213748245,265.99381120537606,223827.8081676044
1603.30779785,3929.97784306,0.00065,5e-05,210,E,1,0.5,0.5,0.5,0.5,-,M,PW,nan,nan,nan,2014-11-25T15:21:22.086,9.17730478547,312.156202408,0.0379331143733,0.0379331143733,0.0483295116907,0.0483295116907,2456987.13984,nan,134.39721214942224,-31.11866442340979,39639.037794778335,-3847354.3512194124,3929171.340198369,-3297649.6519967373,-266.9187706771353,True,6.7,1962504.6563636265,5135348.311743502,-3300271.1013781712,12.158525486595087,11201.859278219808,11474.111471295433,8.886134363218876,254.79955605162334,223713.22700363796
1604.49024697,3933.91934009,0.00065,5e-05,211,S,0,0.5,0.5,0.5,0.5,-,M,PW,190771.732989,8222919.5254,0.0232,2014-11-25T15:21:22.126,9.14642613377,312.243415999,0.0379331143733,0.0379331143733,0.0483295116907,0.0483295116907,2456987.13984,-4.79112843557,134.4003253824113,-31.11628770221466,39439.668320172554,-3847544.29528561,3928938.2394347833,-3297319.6208651015,-302.0706044652018,True,6.74,1962199.0789849656,5135429.499764599,-3299940.6211533,12.188499600892508,11121.799853488346,11394.069833930245,8.91026874760641,169.93936210421307,223638.62151580103
1605.35737631,3938.1761569,0.00065,5e-05,211,E,0,0.5,0.5,0.5,0.5,-,M,PW,nan,nan,nan,2014-11-25T15:21:22.146,9.10431740295,312.332443948,0.0379331143733,0.0379331143733,0.0483295116907,0.0483295116907,2456987.13984,nan,134.40187362777885,-31.115105672303656,39340.529520650525,-3847638.7550119204,3928822.316177949,-3297155.4952606047,-300.50178625298923,True,6.76,1962047.0799723915,5135469.886065903,-3299776.272157229,12.205956479592505,11081.189531627864,11353.46870520293,8.917143917128827,331.296616811154,223601.84135644857
1606.77631525,3945.3496815,0.00065,5e-05,212,S,1,0.5,0.5,0.5,0.5,-,M,PW,458304.189446,7440003.07543,0.0616,2014-11-25T15:21:22.226,9.03216443967,312.481697135,0.0379331143733,0.0379331143733,0.0483295116907,0.0483295116907,2456987.13984,-4.68249612322,134.40800898537796,-31.110420731924616,38947.692619786634,-3848013.063508282,3928362.935343018,-3296505.0591395614,-293.09465267613996,True,6.84,1961444.4654214787,5135630.016296595,-3299124.9503991506,12.29195308666476,10914.902235231782,11187.220451249435,8.90810626262666,103.22932525575972,223458.21988458114
