outputs/DTFrag_triangulation/40_2014-11-25_152058_DSC_0617-G_DN141125_01_2018-04-26_163631_martin_nocomment.ecsv
# %ECSV 0.9
# ---
# datatype:
# - {name: x_image, unit: pix, datatype: float64}
# - {name: y_image, unit: pix, datatype: float64}
# - {name: time_err_minus, unit: s, datatype: float64}
# - {name: time_err_plus, unit: s, datatype: float64}
# - {name: de_bruijn_sequence_element_index, datatype: object}
# - {name: dash_start_end, datatype: object}
# - {name: zero_or_one, datatype: int64}
# - {name: err_minus_x_image, unit: pix, datatype: float64}
# - {name: err_plus_x_image, unit: pix, datatype: float64}
# - {name: err_minus_y_image, unit: pix, datatype: float64}
# - {name: err_plus_y_image, unit: pix, datatype: float64}
# - {name: periodic_pulse, datatype: object}
# - {name: pick_flag, datatype: object}
# - {name: encoding_type, datatype: object}
# - {name: brightness_dash_V, unit: adu, datatype: float64}
# - {name: flux_dash_V, unit: adu / s, datatype: float64}
# - {name: aperture_exptime, unit: s, datatype: float64}
# - {name: datetime, datatype: string}
# - {name: altitude, datatype: float64}
# - {name: azimuth, datatype: float64}
# - {name: err_minus_altitude, datatype: float64}
# - {name: err_plus_altitude, datatype: float64}
# - {name: err_minus_azimuth, datatype: float64}
# - {name: err_plus_azimuth, datatype: float64}
# - {name: JD, datatype: float64, description: Julian Date}
# - {name: m_V, unit: adu / s, datatype: float64}
# - {name: longitude, unit: deg, datatype: float64}
# - {name: latitude, unit: deg, datatype: float64}
# - {name: height, unit: m, datatype: float64}
# - {name: X_geo, unit: m, datatype: float64}
# - {name: Y_geo, unit: m, datatype: float64}
# - {name: Z_geo, unit: m, datatype: float64}
# - {name: cross_track_error, unit: m, datatype: float64}
# - {name: timing, datatype: bool}
# - {name: t_rel, unit: s, datatype: float64}
# - {name: X_eci, unit: m, datatype: float64}
# - {name: Y_eci, unit: m, datatype: float64}
# - {name: Z_eci, unit: m, datatype: float64}
# - {name: pos_err, unit: m, datatype: float64}
# - {name: D_DT_geo, unit: m / s, datatype: float64}
# - {name: D_DT_eci, unit: m / s, datatype: float64}
# - {name: D_DT_err, unit: m / s, datatype: float64}
# - {name: along_track_error, unit: m, datatype: float64}
# - {name: range, unit: m, datatype: float64}
# delimiter: ','
# meta: !!omap
# - {origin: Desert Fireball Network}
# - {exposure_time: 25.0}
# - {lens_type: Fisheye}
# - {telescope: DFNSMALL40}
# - {observer: 'DFN automated software http://adsabs.harvard.edu/abs/2012M%26PSA..75.5123T'}
# - {creator: raw_to_fits 6.0}
# - {timing_correction_dictionary_version: DEBUG}
# - {isodate_mid_obs: '2014-11-25T15:21:10.500'}
# - {sidereal_time_hour: 4.725841279690901}
# - {point_picking_user_comment: nocomment}
# - {point_picking_hostname: work-desktop-debian}
# - {obs_latitude: -32.4592366667}
# - {original_raw_filename: 40_2014-11-25_152058_DSC_0617.NEF}
# - {cropped: false}
# - {obs_elevation: 284.0}
# - {instrument: Nikon D800}
# - {gps_lock: Y}
# - {filter_pattern: RG/GB}
# - {location: MountIves}
# - {aperture: 4.0}
# - {isodate_start_obs: '2014-11-25T15:20:58'}
# - {image_file: 40_2014-11-25_152058_DSC_0617-G.tiff}
# - {timing_corrected: true}
# - {NAXIS2: 4924}
# - {NAXIS1: 7378}
# - {event_codename: DN141125_01}
# - {jd_mid_obs: 2456987.139704861}
# - {lens: Samyang_8mm_F3.5}
# - {timing_de_bruijn_encoding_type: pulse_width}
[...]
# - {triangulation_dec_ecef_end_err: 0.01265314061821483}
# - {triangulation_slope_end: 26.077010635772897}
# - {triangulation_slope_end_err: 0.010948287314687862}
# - {triangulation_azimuth_end: -129.0164816591498}
# - {triangulation_azimuth_end_err: 0.012992105495440403}
# - {triangulation_file_1: 38_2014-11-25_152058_DSC_0559-G_DN141125_01_2018-04-26_163331_martin_nocomment.ecsv}
# - {triangulation_file_2: 40_2014-11-25_152058_DSC_0617-G_DN141125_01_2018-04-26_163631_martin_nocomment.ecsv}
# - {triangulation_file_3: 41_2014-11-25_152059_DSC_0674-G_DN141125_01_2018-01-01_212656_ellie_nocomment.ecsv}
# - {triangulation_file_4: 40_2014-11-25_152058_DSC_0617-G_DN141125_01_2018-04-26_163631_martin_nocomment.ecsv}
# - {triangulation_file_5: 38_2014-11-25_152058_DSC_0559-G_DN141125_01_2018-04-26_163331_martin_nocomment.ecsv}
# - {triangulation_t0: '2014-11-25T15:21:15.386'}
# - {triangulation_file_0: 36_2014-11-25_152058_DSC_0594-G_DN141125_01_2018-04-26_163106_martin_nocomment.ecsv}
# - {astropy_version: 3.0.1}
# - {numpy_version: 1.14.2}
# - {scipy_version: 1.0.1}
# schema: astropy-2.0
x_image,y_image,time_err_minus,time_err_plus,de_bruijn_sequence_element_index,dash_start_end,zero_or_one,err_minus_x_image,err_plus_x_image,err_minus_y_image,err_plus_y_image,periodic_pulse,pick_flag,encoding_type,brightness_dash_V,flux_dash_V,aperture_exptime,datetime,altitude,azimuth,err_minus_altitude,err_plus_altitude,err_minus_azimuth,err_plus_azimuth,JD,m_V,longitude,latitude,height,X_geo,Y_geo,Z_geo,cross_track_error,timing,t_rel,X_eci,Y_eci,Z_eci,pos_err,D_DT_geo,D_DT_eci,D_DT_err,along_track_error,range
1535.67170869,3180.22627653,0.00065,5e-05,154,S,1,0.5,0.5,0.5,0.5,-,M,PW,8165.33740828,132554.178706,0.0616,2014-11-25T15:21:16.426,16.2167841815,295.650660191,0.0284359621504,0.0284359621504,0.0219034642487,0.0219034642487,2456987.13977,-0.309546893573,133.8702424810662,-31.516680642691377,73617.49569872823,-3815132.7018686295,3968632.794131707,-3353347.160548291,-280.2483065199258,True,1.04,2013839.6794855108,5121683.219506958,-3356044.056715634,30.590336661176423,13892.789793972837,14165.426086216072,7.713824144474849,-149.7701562292258,247932.08591865015
1535.04106916,3189.13405984,0.00065,5e-05,154,E,1,0.5,0.5,0.5,0.5,-,M,PW,nan,nan,nan,2014-11-25T15:21:16.486,16.1265906681,295.854679768,0.0285876637207,0.0285876637207,0.0219456179026,0.0219456179026,2456987.13977,nan,133.8760666694591,-31.512326145620804,73239.2367031616,-3815489.5396114797,3968196.5380536625,-3352733.0742640207,-228.79605913364045,True,1.1,2013272.9079843897,5121834.706497021,-3355429.137404261,30.197104006547548,13891.426453316937,14164.051718795865,7.709687221591213,40.27230003237747,247550.99272987756
1535.19872904,3194.17917604,0.00065,5e-05,155,S,1,0.5,0.5,0.5,0.5,-,M,PW,6770.51465249,109910.952151,0.0616,2014-11-25T15:21:16.526,16.0883809629,295.97394874,0.0285876637207,0.0285876637207,0.0219456179026,0.0219456179026,2456987.13977,-0.106165760921,133.8799491917846,-31.509422888010373,72987.12309324929,-3815727.4069933784,3967905.7236053655,-3352323.706062067,-257.619562974545,True,1.14,2012895.1006118169,5121935.678463831,-3355019.2139282,29.936062998057217,13890.476227524632,14163.094150832712,7.706757742145393,66.2688883096316,247298.18852366708
1534.88340928,3201.98334018,0.00065,5e-05,155,E,1,0.5,0.5,0.5,0.5,-,M,PW,nan,nan,nan,2014-11-25T15:21:16.586,16.0144738894,296.153816991,0.0284273785821,0.0284273785821,0.0219530801989,0.0219530801989,2456987.13978,nan,133.88577237883453,-31.505067630662378,72609.04274992298,-3816084.1582827647,3967469.549236625,-3351709.6902703764,-236.41812737352151,True,1.2,2012328.4522030626,5122087.106796537,-3354404.3653041003,29.546226173883433,13888.986170679727,14161.593106882465,7.702105349626858,133.52304004486948,246920.8914332825
1534.41042963,3207.8167558,0.00065,5e-05,156,S,1,0.5,0.5,0.5,0.5,-,M,PW,10159.3031294,164923.752101,0.0616,2014-11-25T15:21:16.626,15.9528037548,296.286140746,0.0284273785821,0.0284273785821,0.0219530801989,0.0219530801989,2456987.13978,-0.546771352222,133.8896540914799,-31.502163888876293,72357.0501382777,-3816321.958410849,3967178.7989404225,-3351300.3722104714,-192.15676852485677,True,1.24,2011950.7296788103,5122188.038929359,-3353994.49209937,29.287529029051104,13887.9504740118,14160.550102494532,7.698632761549965,244.59473041638415,246670.6379071356
1534.41042963,3213.88666123,0.00065,5e-05,156,E,1,0.5,0.5,0.5,0.5,-,M,PW,nan,nan,nan,2014-11-25T15:21:16.686,15.9008759484,296.427433833,0.0284273785821,0.0284273785821,0.0219530801989,0.0219530801989,2456987.13978,nan,133.89547585029595,-31.49780793912936,71979.1541662294,-3816678.594386202,3966742.735385003,-3350686.4363522585,-201.34072955634267,True,1.3,2011384.212730443,5122339.4064156,-3353379.7236113637,28.901322810439183,13886.33118425591,14158.91987309428,7.693426508528804,125.13567980345658,246297.19662940642
1534.80457934,3217.98581815,0.00065,5e-05,157,S,0,0.5,0.5,0.5,0.5,-,M,PW,4058.54482825,174937.27708,0.0232,2014-11-25T15:21:16.726,15.8756580854,296.525839394,0.0284273785821,0.0284273785821,0.0219530801989,0.0219530801989,2456987.13978,-0.610769241544,133.8993566920035,-31.494903759134115,71727.28647021986,-3816916.323522854,3966452.053806869,-3350277.174850287,-251.62499891724806,True,1.34,2011006.5807345,5122440.297228715,-3352969.907092365,28.645095976739416,13885.203677467347,14157.785074411462,7.689810444941146,45.786921479666105,246049.51547343054
1534.80457934,3223.18859424,0.00065,5e-05,157,E,0,0.5,0.5,0.5,0.5,-,M,PW,nan,nan,nan,2014-11-25T15:21:16.746,15.8306569383,296.646652817,0.0285666302022,0.0285666302022,0.021977375565,0.021977375565,2456987.13978,nan,133.90129697584814,-31.493451608343754,71601.37177558198,-3817035.177052353,3966306.7237988883,-3350072.5532699428,-257.31604835711437,True,1.36,2010817.7789118458,5122490.736281415,-3352765.0080090263,28.51737365308593,13884.625093537397,14157.202819223194,7.687945949815527,331.98696577292156,245926.0628015419
1534.56808952,3230.04679909,0.00065,5e-05,158,S,1,0.5,0.5,0.5,0.5,-,M,PW,16176.8605829,262611.373099,0.0616,2014-11-25T15:21:16.826,15.7649320147,296.803759147,0.0285666302022,0.0285666302022,0.021977375565,0.021977375565,2456987.13978,-1.05184716171,133.90905716468922,-31.487642623333485,71097.84273771897,-3817510.5155740767,3965725.4781320565,-3349254.131385334,-237.143668478215,True,1.44,2010062.6691961305,5122692.449329538,-3351945.4763213675,28.00912384937289,13882.207761888849,14154.770949863694,7.680087899706633,41.971324104995055,245434.8486608545
1534.36023346,3238.82950473,0.00065,5e-05,158,E,1,0.5,0.5,0.5,0.5,-,M,PW,nan,nan,nan,2014-11-25T15:21:16.886,15.6825545213,297.005253708,0.0281706813669,0.0281706813669,0.0219621992598,0.0219621992598,2456987.13978,nan,133.91487610280183,-31.483285515570714,70720.33481361956,-3817866.9258718966,3965289.6362167383,-3348640.3870393997,-219.451796071934,True,1.5,2009496.443198864,5122843.687791689,-3351330.899767468,27.63079914312359,13880.282050724176,14152.83431688664,7.673760684170945,195.27394994790086,245069.19025628784
1534.71940285,3242.85220195,0.00065,5e-05,159,S,1,0.5,0.5,0.5,0.5,-,M,PW,16723.5384403,271486.013641,0.0616,2014-11-25T15:21:16.926,15.6561137441,297.101052875,0.0281706813669,0.0281706813669,0.0219621992598,0.0219621992598,2456987.13978,-1.08793198708,133.91875499081848,-31.480380618744622,70468.73052493129,-3818104.5000931406,3964999.107866123,-3348231.2609184887,-262.0060379272568,True,1.54,2009119.011996527,5122944.490803637,-3350921.218917004,27.379991716366384,13878.941854739642,14151.4868783248,7.6693145049188605,103.72062979702271,244826.71974399075
1534.64756897,3250.25109148,0.00065,5e-05,159,E,1,0.5,0.5,0.5,0.5,-,M,PW,nan,nan,nan,2014-11-25T15:21:16.986,15.5884983469,297.271073639,0.0281706813669,0.0281706813669,0.0219621992598,0.0219621992598,2456987.13978,nan,133.92457251586904,-31.476023060203183,70091.42761595835,-3818460.7988046627,3964563.3783573043,-3347617.6302619413,-255.86605128047404,True,1.6,2008552.9473798599,5123095.660594757,-3350306.756302067,27.005965084157562,13876.84339046528,14149.377536172216,7.662326372759458,109.91399675714781,244464.98904345193
1534.50390121,3254.13012095,0.00065,5e-05,160,S,1,0.5,0.5,0.5,0.5,-,M,PW,39529.1685936,641707.282363,0.0616,2014-11-25T15:21:17.026,15.5501662379,297.359201739,0.0281706813669,0.0281706813669,0.0219621992598,0.0219621992598,2456987.13978,-2.02190575524,133.92845030908046,-31.473117893880612,69839.96255077934,-3818698.2883455334,3964272.9353967453,-3347208.584213801,-239.99788546700145,True,1.64,2008175.6275475656,5123196.41683693,-3349897.155686253,26.75811084909874,13875.383407435553,14147.91033385305,7.657434002236532,6.274533795858474,244225.15720202096
1534.48925957,3262.52473468,0.00065,5e-05,160,E,1,0.5,0.5,0.5,0.5,-,M,PW,nan,nan,nan,2014-11-25T15:21:17.086,15.4742393324,297.552009118,0.0275631551507,0.0275631551507,0.0220059736019,0.0220059736019,2456987.13978,nan,133.9342659601712,-31.468759978581282,69462.87266464165,-3819054.444609619,3963837.350018243,-3346595.080368002,-237.26098587306453,True,1.7,2007609.7359313946,5123347.514919081,-3349282.8201434794,26.38865220588078,13873.098009933485,14145.61411598015,7.649712405314089,109.35277713025562,243867.4146933255
1534.50390121,3267.99405958,0.00065,5e-05,161,S,0,0.5,0.5,0.5,0.5,-,M,PW,10796.6429247,465372.539856,0.0232,2014-11-25T15:21:17.126,15.4250326888,297.677587214,0.0276290684294,0.0276290684294,0.0217331606036,0.0217331606036,2456987.13978,-1.673065219,133.93814257096665,-31.465854608457345,69211.55244394981,-3819291.844145846,3963546.999009726,-3346186.123574487,-236.9380919224735,True,1.74,2007232.535606111,5123448.222264386,-3348873.308960378,26.143927024503103,13871.508427550567,14144.01729369667,7.644315602796254,163.39029543198734,243630.2438410395
1534.57573509,3271.72942129,0.00065,5e-05,161,E,0,0.5,0.5,0.5,0.5,-,M,PW,nan,nan,nan,2014-11-25T15:21:17.146,15.3928269872,297.763758467,0.0276290684294,0.0276290684294,0.0217331606036,0.0217331606036,2456987.13978,nan,133.9400806907045,-31.464401899359988,69085.91465084188,-3819410.529931237,3963401.8379427013,-3345981.6594956,-242.96362788809373,True,1.76,2007043.9541855508,5123498.568389211,-3348668.5677063097,26.022054818263324,13870.693180673468,14143.19846129815,7.641536518996819,291.02748631561036,243512.05973184726
1534.71940285,3278.40997203,0.00065,5e-05,162,S,0,0.5,0.5,0.5,0.5,-,M,PW,9412.48915291,405710.73935,0.0232,2014-11-25T15:21:17.226,15.335285812,297.917787209,0.0276290684294,0.0276290684294,0.0217331606036,0.0217331606036,2456987.13978,-1.52410459513,133.9478318820436,-31.45859093726996,68583.5149104179,-3819885.176612292,3962821.2934429636,-3345163.9033003445,-254.78133192128564,True,1.84,2006289.7576906162,5123699.901461515,-3347849.7030676957,25.53790647755202,13867.291031625868,14139.78194998923,7.6298693271109395,-38.04974934656807,243042.00899705343
1535.03390372,3285.60908727,0.00065,5e-05,162,E,0,0.5,0.5,0.5,0.5,-,M,PW,nan,nan,nan,2014-11-25T15:21:17.246,15.2768258419,298.084813837,0.0276073107345,0.0276073107345,0.0215792117827,0.0215792117827,2456987.13978,nan,133.9497691805092,-31.457138173025072,68457.95350300906,-3820003.8019864038,3962676.1941838716,-3344959.490363727,-282.9466894852526,True,1.86,2006101.2417968146,5123750.221628991,-3347645.013057643,25.41772325701996,13866.404079963013,14138.891421847758,7.6268233676930794,436.61122854581157,242925.18352458975
1534.80457934,3292.00713252,0.00065,5e-05,163,S,1,0.5,0.5,0.5,0.5,-,M,PW,55724.1243852,904612.40885,0.0616,2014-11-25T15:21:17.326,15.2116840145,298.228688116,0.0275369659471,0.0275369659471,0.021636005642,0.021636005642,2456987.13978,-2.39471968756,133.9575176566009,-31.451327068502845,67955.86598543383,-3820478.247310984,3962095.8597876644,-3344141.949656947,-250.41022304778127,True,1.94,2005347.317032341,5123951.448357158,-3346826.3642784753,24.940515852587925,13862.703760275095,14135.176762029425,7.61402028644278,77.557805118051,242460.53621252126
1535.04106916,3299.73246672,0.00065,5e-05,163,E,1,0.5,0.5,0.5,0.5,-,M,PW,nan,nan,nan,2014-11-25T15:21:17.386,15.1454233453,298.406409317,0.0275369659471,0.0275369659471,0.021636005642,0.021636005642,2456987.13978,nan,133.96332749387864,-31.44696873656171,67579.47026478095,-3820833.969819055,3961660.726315838,-3343528.9171635304,-266.1213327763883,True,2.0,2004782.0249112507,5124102.310274891,-3346212.5009665396,24.586433868727315,13859.761567128482,14132.22389217341,7.603773134143801,98.41008591634518,242114.9075068459
1535.27755898,3304.61992304,0.00065,5e-05,164,S,1,0.5,0.5,0.5,0.5,-,M,PW,54298.7308925,881472.904098,0.0616,2014-11-25T15:21:17.426,15.105391497,298.519403902,0.0275369659471,0.0275369659471,0.021636005642,0.021636005642,2456987.13979,-2.36658575283,133.96719996080793,-31.444063206041395,67328.62287477551,-3821071.0629776777,3961370.6957548168,-3343120.2910129577,-284.7121832241611,True,2.04,2004405.238781741,5124202.856379783,-3345803.321039323,24.352265610948542,13857.716951469136,14130.172144168366,7.596624379204773,83.92109523118637,241885.8555694625
1535.1198991,3312.89706682,0.00065,5e-05,164,E,1,0.5,0.5,0.5,0.5,-,M,PW,nan,nan,nan,2014-11-25T15:21:17.486,15.0231332666,298.705627688,0.0275369659471,0.0275369659471,0.021636005642,0.021636005642,2456987.13979,nan,133.97300730875867,-31.43970498242969,66952.47950105369,-3821426.6054476704,3960935.7523200423,-3342507.4500837736,-252.35804993028768,True,2.1,2003840.1769815362,5124353.63160976,-3345189.649623672,24.003934368876084,13854.520034444167,14126.96457400858,7.585396043245155,159.32930903054475,241544.35108524107
1535.35638892,3316.60207404,0.00065,5e-05,165,S,1,0.5,0.5,0.5,0.5,-,M,PW,95661.7188943,1552949.98205,0.0616,2014-11-25T15:21:17.526,14.9937866537,298.791493619,0.0275369659471,0.0275369659471,0.021636005642,0.021636005642,2456987.13979,-2.98145700567,133.9768781676162,-31.436799569874506,66701.80420391282,-3821663.5826274664,3960645.8454975723,-3342098.9580077906,-271.31068062853035,True,2.14,2003463.5500368066,5124454.118450167,-3344780.604005545,23.773701026399372,13852.299024679147,14124.73647201673,7.577571263805688,23.67467930626437,241318.0512095213
1535.43521886,3324.56389805,0.00065,5e-05,165,E,1,0.5,0.5,0.5,0.5,-,M,PW,nan,nan,nan,2014-11-25T15:21:17.586,14.9195781801,298.97200648,0.0275369659471,0.0275369659471,0.021636005642,0.021636005642,2456987.13979,nan,133.98268317694487,-31.432441594639467,66325.9250534078,-3822018.957003483,3960211.083554454,-3341486.328157244,-262.6940160814844,True,2.2,2002898.735839424,5124604.802478188,-3344167.144039871,23.431449949499513,13848.827342519447,14121.254204620867,7.565313431849811,61.782451987254674,240980.67870003072
1535.59287874,3329.37252444,0.00065,5e-05,166,S,0,0.5,0.5,0.5,0.5,-,M,PW,34384.1499899,1482075.4306,0.0232,2014-11-25T15:21:17.626,14.8772251372,299.081794582,0.0275369659471,0.0275369659471,0.021636005642,0.021636005642,2456987.13979,-2.93073910489,133.98655213099983,-31.429536397558,66075.43002906452,-3822255.798703315,3959921.321258866,-3341077.983696334,-268.67348715571916,True,2.24,2002522.280064393,5124705.226923824,-3343758.2462925627,23.205385277303186,13846.416164170778,14118.836005574922,7.556789123681598,35.16321423695401,240757.15392965375
1535.50957552,3334.22489597,0.00065,5e-05,166,E,0,0.5,0.5,0.5,0.5,-,M,PW,nan,nan,nan,2014-11-25T15:21:17.646,14.8282447057,299.190305556,0.0275369659471,0.0275369659471,0.021636005642,0.021636005642,2456987.13979,nan,133.98848641896507,-31.428083840638383,65950.21044322994,-3822374.2060714792,3959776.4555024747,-3340873.8349541714,-247.05466737903205,True,2.26,2002334.0790454538,5124755.429475835,-3343553.820949785,23.093001994120385,13845.180731463204,14117.597034435928,7.552413099961192,267.3541522403177,240645.82336770877
1536.22351827,3341.35467544,0.00065,5e-05,167,S,1,0.5,0.5,0.5,0.5,-,M,PW,135297.229651,2196383.59823,0.0616,2014-11-25T15:21:17.726,14.7766764898,299.356849767,0.0275369659471,0.0275369659471,0.021636005642,0.021636005642,2456987.13979,-3.35783381531,133.99622168175063,-31.42227394434335,65449.521990896574,-3822847.7022919985,3959197.137078009,-3340057.4036404374,-306.42148792003155,True,2.34,2001581.4603200916,5124956.173585942,-3342736.2834988097,22.65202662316852,13840.032451619138,14112.434741385528,7.532051894628684,-40.960724517855766,240203.24836687377
1536.46000809,3350.97192821,0.00065,5e-05,167,E,1,0.5,0.5,0.5,0.5,-,M,PW,nan,nan,nan,2014-11-25T15:21:17.786,14.6883270073,299.574599113,0.0275369659471,0.0275369659471,0.021636005642,0.021636005642,2456987.13979,nan,134.00202106292926,-31.417916931921212,65074.21044312582,-3823202.679623803,3958762.8063580063,-3339445.2606930924,-303.37143063376595,True,2.4,2001017.1985985711,5125106.660253996,-3342123.31124792,22.323121494839434,13835.94561166863,14108.337446061847,7.517484787012775,153.37961436587977,239874.2708600492
1536.46000809,3355.85938453,0.00065,5e-05,168,S,1,0.5,0.5,0.5,0.5,-,M,PW,127588.301743,2071238.66465,0.0616,2014-11-25T15:21:17.826,14.6401378027,299.683957236,0.0275369659471,0.0275369659471,0.021636005642,0.021636005642,2456987.13979,-3.29413869719,134.00588611908867,-31.415012486907983,64824.1032463683,-3823439.2478116667,3958473.34252034,-3339037.2562289448,-287.6314136255616,True,2.44,2000641.1247567867,5125206.949571071,-3341714.754056085,22.10619168015656,13833.108880975755,14105.49376009242,7.507372343118285,130.77177666369872,239656.36603761613
