outputs/DTFrag_triangulation/40_2014-11-25_152058_DSC_0617-G_DN141125_01_2018-04-26_163631_martin_nocomment.ecsv
# %ECSV 0.9
# ---
# datatype:
# - {name: x_image, unit: pix, datatype: float64}
# - {name: y_image, unit: pix, datatype: float64}
# - {name: time_err_minus, unit: s, datatype: float64}
# - {name: time_err_plus, unit: s, datatype: float64}
# - {name: de_bruijn_sequence_element_index, datatype: object}
# - {name: dash_start_end, datatype: object}
# - {name: zero_or_one, datatype: int64}
# - {name: err_minus_x_image, unit: pix, datatype: float64}
# - {name: err_plus_x_image, unit: pix, datatype: float64}
# - {name: err_minus_y_image, unit: pix, datatype: float64}
# - {name: err_plus_y_image, unit: pix, datatype: float64}
# - {name: periodic_pulse, datatype: object}
# - {name: pick_flag, datatype: object}
# - {name: encoding_type, datatype: object}
# - {name: brightness_dash_V, unit: adu, datatype: float64}
# - {name: flux_dash_V, unit: adu / s, datatype: float64}
# - {name: aperture_exptime, unit: s, datatype: float64}
# - {name: datetime, datatype: string}
# - {name: altitude, datatype: float64}
# - {name: azimuth, datatype: float64}
# - {name: err_minus_altitude, datatype: float64}
# - {name: err_plus_altitude, datatype: float64}
# - {name: err_minus_azimuth, datatype: float64}
# - {name: err_plus_azimuth, datatype: float64}
# - {name: JD, datatype: float64, description: Julian Date}
# - {name: m_V, unit: adu / s, datatype: float64}
# - {name: longitude, unit: deg, datatype: float64}
# - {name: latitude, unit: deg, datatype: float64}
# - {name: height, unit: m, datatype: float64}
# - {name: X_geo, unit: m, datatype: float64}
# - {name: Y_geo, unit: m, datatype: float64}
# - {name: Z_geo, unit: m, datatype: float64}
# - {name: cross_track_error, unit: m, datatype: float64}
# - {name: timing, datatype: bool}
# - {name: t_rel, unit: s, datatype: float64}
# - {name: X_eci, unit: m, datatype: float64}
# - {name: Y_eci, unit: m, datatype: float64}
# - {name: Z_eci, unit: m, datatype: float64}
# - {name: pos_err, unit: m, datatype: float64}
# - {name: D_DT_geo, unit: m / s, datatype: float64}
# - {name: D_DT_eci, unit: m / s, datatype: float64}
# - {name: D_DT_err, unit: m / s, datatype: float64}
# - {name: along_track_error, unit: m, datatype: float64}
# - {name: range, unit: m, datatype: float64}
# delimiter: ','
# meta: !!omap
# - {origin: Desert Fireball Network}
# - {exposure_time: 25.0}
# - {lens_type: Fisheye}
# - {telescope: DFNSMALL40}
# - {observer: 'DFN automated software http://adsabs.harvard.edu/abs/2012M%26PSA..75.5123T'}
# - {creator: raw_to_fits 6.0}
# - {timing_correction_dictionary_version: DEBUG}
# - {isodate_mid_obs: '2014-11-25T15:21:10.500'}
# - {sidereal_time_hour: 4.725841279690901}
# - {point_picking_user_comment: nocomment}
# - {point_picking_hostname: work-desktop-debian}
# - {obs_latitude: -32.4592366667}
# - {original_raw_filename: 40_2014-11-25_152058_DSC_0617.NEF}
# - {cropped: false}
# - {obs_elevation: 284.0}
# - {instrument: Nikon D800}
# - {gps_lock: Y}
# - {filter_pattern: RG/GB}
# - {location: MountIves}
# - {aperture: 4.0}
# - {isodate_start_obs: '2014-11-25T15:20:58'}
# - {image_file: 40_2014-11-25_152058_DSC_0617-G.tiff}
# - {timing_corrected: true}
# - {NAXIS2: 4924}
# - {NAXIS1: 7378}
# - {event_codename: DN141125_01}
# - {jd_mid_obs: 2456987.139704861}
# - {lens: Samyang_8mm_F3.5}
# - {timing_de_bruijn_encoding_type: pulse_width}
[...]
# - {triangulation_dec_ecef_end_err: 0.01265314061821483}
# - {triangulation_slope_end: 26.077010635772897}
# - {triangulation_slope_end_err: 0.010948287314687862}
# - {triangulation_azimuth_end: -129.0164816591498}
# - {triangulation_azimuth_end_err: 0.012992105495440403}
# - {triangulation_file_1: 38_2014-11-25_152058_DSC_0559-G_DN141125_01_2018-04-26_163331_martin_nocomment.ecsv}
# - {triangulation_file_2: 40_2014-11-25_152058_DSC_0617-G_DN141125_01_2018-04-26_163631_martin_nocomment.ecsv}
# - {triangulation_file_3: 41_2014-11-25_152059_DSC_0674-G_DN141125_01_2018-01-01_212656_ellie_nocomment.ecsv}
# - {triangulation_file_4: 40_2014-11-25_152058_DSC_0617-G_DN141125_01_2018-04-26_163631_martin_nocomment.ecsv}
# - {triangulation_file_5: 38_2014-11-25_152058_DSC_0559-G_DN141125_01_2018-04-26_163331_martin_nocomment.ecsv}
# - {triangulation_t0: '2014-11-25T15:21:15.386'}
# - {triangulation_file_0: 36_2014-11-25_152058_DSC_0594-G_DN141125_01_2018-04-26_163106_martin_nocomment.ecsv}
# - {astropy_version: 3.0.1}
# - {numpy_version: 1.14.2}
# - {scipy_version: 1.0.1}
# schema: astropy-2.0
x_image,y_image,time_err_minus,time_err_plus,de_bruijn_sequence_element_index,dash_start_end,zero_or_one,err_minus_x_image,err_plus_x_image,err_minus_y_image,err_plus_y_image,periodic_pulse,pick_flag,encoding_type,brightness_dash_V,flux_dash_V,aperture_exptime,datetime,altitude,azimuth,err_minus_altitude,err_plus_altitude,err_minus_azimuth,err_plus_azimuth,JD,m_V,longitude,latitude,height,X_geo,Y_geo,Z_geo,cross_track_error,timing,t_rel,X_eci,Y_eci,Z_eci,pos_err,D_DT_geo,D_DT_eci,D_DT_err,along_track_error,range
[from data line 59]
1548.83630879,3562.86680896,0.00065,5e-05,183,E,1,0.5,0.5,0.5,0.5,-,M,PW,nan,nan,nan,2014-11-25T15:21:19.386,12.711603791,304.291604867,0.0273908061461,0.0273908061461,0.0218426457228,0.0218426457228,2456987.13981,nan,134.15561398521933,-31.302165348292355,55156.3151450059,-3832598.2827279707,3947260.8270122856,-3323220.9842780456,-260.3044454583058,True,4.0,1986071.709896628,5129087.2702452745,-3325877.0694201603,15.533605997596247,13614.413954300051,13886.550052328883,6.787734278450133,124.95324037484463,232081.00010894454
1549.38811838,3566.96596588,0.00065,5e-05,184,S,0,0.5,0.5,0.5,0.5,-,M,PW,742364.164178,31998455.3525,0.0232,2014-11-25T15:21:19.426,12.6769880594,304.383259146,0.0273908061461,0.0273908061461,0.0218426457228,0.0218426457228,2456987.13981,-6.26638587135,134.159414399086,-31.2992925002508,54911.45155619775,-3832830.621718807,3946976.2520124796,-3322819.2472370365,-278.1900625836727,True,4.04,1985701.8259196724,5129185.66112409,-3325474.788754735,15.422023296457462,13604.767300616784,13876.897888456588,6.760606149363899,-4.553544890203562,231911.4498127432
1549.93992796,3572.95704137,0.00065,5e-05,184,E,0,0.5,0.5,0.5,0.5,-,M,PW,nan,nan,nan,2014-11-25T15:21:19.446,12.6201566353,304.514391933,0.0380287745749,0.0380287745749,0.04734693597,0.04734693597,2456987.13981,nan,134.16131356624663,-31.29785670200079,54789.09633363314,-3832946.7250634916,3946834.042728126,-3322618.483066798,-276.62770267979266,True,4.06,1985516.9822136506,5129234.828278919,-3325273.752921717,15.36737060346107,13599.838120104043,13871.965950757776,6.746936617116693,303.32816033093997,231827.15640894923
1551.04354713,3581.78599474,0.00065,5e-05,185,S,1,0.5,0.5,0.5,0.5,-,M,PW,1023693.53394,16618401.525,0.0616,2014-11-25T15:21:19.526,12.5426565958,304.710270731,0.0383377852767,0.0383377852767,0.0478083060892,0.0478083060892,2456987.13981,-5.55503645544,134.16890307263733,-31.29211785901499,54300.20104504945,-3833410.6836042013,3946265.7444817564,-3321816.1468548477,-302.7937583105023,True,4.14,1984778.2844487948,5129431.302648565,-3324470.331047361,15.156270685013878,13579.393209817783,13851.510259617582,6.691542181913114,102.06377272849798,231493.20483488304
1551.59535672,3591.32441757,0.00065,5e-05,185,E,1,0.5,0.5,0.5,0.5,-,M,PW,nan,nan,nan,2014-11-25T15:21:19.586,12.4432278145,304.914634953,0.0383377852767,0.0383377852767,0.0478083060892,0.0478083060892,2456987.13981,nan,134.17458722227968,-31.287818516558847,53934.099841996285,-3833758.1455220813,3945840.119644798,-3321215.1818703567,-261.97898499585045,True,4.2,1984224.9991315652,5129578.447411485,-3323868.5529281115,15.005848963349056,13563.267409739443,13835.376582487412,6.649371994465293,225.28855562182048,231246.1493458849
1552.1471663,3595.10825473,0.00065,5e-05,186,S,0,0.5,0.5,0.5,0.5,-,M,PW,520870.862941,22451330.2992,0.0232,2014-11-25T15:21:19.626,12.4113486425,304.99904648,0.0383377852767,0.0383377852767,0.0478083060892,0.0478083060892,2456987.13981,-5.88166853348,134.1783728860097,-31.284954692693262,53690.31412915921,-3833989.548738832,3945556.6541047837,-3320814.9304423733,-279.492662311952,True,4.24,1983856.5086969412,5129676.439530113,-3323467.7599317883,14.909264513234506,13552.124414892844,13824.228404679543,6.620978341236632,64.15369998700821,231083.06065112937
1552.54131601,3599.52273141,0.00065,5e-05,186,E,0,0.5,0.5,0.5,0.5,-,M,PW,nan,nan,nan,2014-11-25T15:21:19.646,12.3681855295,305.094784936,0.0383377852767,0.0383377852767,0.0478083060892,0.0478083060892,2456987.13981,nan,134.18026452027289,-31.283523527670376,53568.507892214235,-3834105.1745756147,3945415.011354688,-3320614.925815768,-273.4208846347015,True,4.26,1983672.3765149545,5129725.40346511,-3323267.484680614,14.862073207562409,13546.432041585762,13818.533440780026,6.606735292470376,220.7402482832474,231002.00463709063
1553.80259506,3608.90349436,0.00065,5e-05,187,S,1,0.5,0.5,0.5,0.5,-,M,PW,1061653.16044,17234629.2279,0.0616,2014-11-25T15:21:19.726,12.2857796607,305.302320815,0.0383377852767,0.0383377852767,0.0478083060892,0.0478083060892,2456987.13981,-5.5945681975,134.1878228056971,-31.277804049915115,53081.877505554774,-3834567.156610973,3944849.060651605,-3319815.7427315535,-302.2399358027724,True,4.34,1982936.6262831627,5129921.038556548,-3322467.220291323,14.680526768244633,13522.831046624247,13794.922400192789,6.5494569662054545,67.737106323462,230681.04616039232
1554.51206453,3618.91489684,0.00065,5e-05,187,E,1,0.5,0.5,0.5,0.5,-,M,PW,nan,nan,nan,2014-11-25T15:21:19.786,12.182258615,305.51643522,0.0384452825395,0.0384452825395,0.0482809718982,0.0482809718982,2456987.13981,nan,134.19348235559178,-31.27352013826027,52717.55001000521,-3834913.0638820664,3944425.284928931,-3319217.2677836856,-264.5614923264161,True,4.4,1982385.6619778713,5130067.525141941,-3321867.9355857386,14.55188619100388,13504.226007612806,13776.309994930112,6.506369318463636,230.9452778815244,230443.78054311298
1554.82738429,3622.77756393,0.00065,5e-05,188,S,1,0.5,0.5,0.5,0.5,-,M,PW,1089541.38647,17687360.17,0.0616,2014-11-25T15:21:19.826,12.143072058,305.59931402,0.0384452825395,0.0384452825395,0.0482809718982,0.0482809718982,2456987.13981,-5.62272088431,134.19725103332937,-31.270667049960196,52474.983961620055,-3835143.3949494567,3944143.0959833553,-3318818.7383220345,-253.716727139905,True,4.44,1982018.7735395052,5130165.064254506,-3321468.866922972,14.46961651611075,13491.374633773996,13763.453837707748,6.47763188806582,75.73854416296678,230287.23972281266
1556.08866334,3632.86779635,0.00065,5e-05,188,E,1,0.5,0.5,0.5,0.5,-,M,PW,nan,nan,nan,2014-11-25T15:21:19.886,12.0502494064,305.820067026,0.0384452825395,0.0384452825395,0.0482809718982,0.0482809718982,2456987.13981,nan,134.20289709368558,-31.26639189279574,52111.62939060568,-3835488.4536857926,3943720.3350916957,-3318221.6518746614,-267.2360289440305,True,4.5,1981469.0962980369,5130311.188823763,-3320870.972632772,14.351353473624737,13471.401494189182,13743.473648197747,6.434665544561938,244.61702671779094,230054.90378992085
1556.71930287,3636.33631374,0.00065,5e-05,189,S,0,0.5,0.5,0.5,0.5,-,M,PW,583518.203855,25151646.7179,0.0232,2014-11-25T15:21:19.926,12.0226866428,305.897935947,0.0387936881911,0.0387936881911,0.0487703102454,0.0487703102454,2456987.13981,-6.00497939622,134.2066563430069,-31.26354488941885,51869.73246285164,-3835718.191602663,3943438.8543429123,-3317824.082359431,-291.3741643092878,True,4.54,1981103.0960950896,5130408.478738295,-3320472.865203371,14.275863738040655,13457.607401607322,13729.674980006816,6.406235940118736,52.41165499610791,229901.6680944395
1557.27111245,3642.01206948,0.00065,5e-05,189,E,0,0.5,0.5,0.5,0.5,-,M,PW,nan,nan,nan,2014-11-25T15:21:19.946,11.9663031716,306.020019792,0.0387936881911,0.0387936881911,0.0487703102454,0.0487703102454,2456987.13981,nan,134.2085344894574,-31.262122349205715,51748.888382179,-3835832.9676773134,3943298.2249668287,-3317625.448311415,-280.8152876542948,True,4.56,1980920.2351650374,5130457.084771864,-3320273.9624157487,14.239106632759562,13450.562912467109,13722.628239377365,6.392085691803196,323.93597592104373,229825.54790048258
1558.1382418,3649.18559409,0.00065,5e-05,190,S,1,0.5,0.5,0.5,0.5,-,M,PW,1220594.17282,19814840.4679,0.0616,2014-11-25T15:21:20.026,11.8985724453,306.175869389,0.0387936881911,0.0387936881911,0.0487703102454,0.0487703102454,2456987.13982,-5.74603978585,134.21603672817102,-31.25643884807676,51266.22883857323,-3836291.421565957,3942736.483106741,-3316831.9514496136,-283.81216964394986,True,4.64,1980189.7496516372,5130651.241509285,-3319479.391973205,14.098504326268273,13421.371131503496,13693.42768685825,6.336227803258471,-39.27685717819974,229524.40670489534
1559.32069091,3660.61593549,0.00065,5e-05,190,E,1,0.5,0.5,0.5,0.5,-,M,PW,nan,nan,nan,2014-11-25T15:21:20.086,11.7852222547,306.421368621,0.0387936881911,0.0387936881911,0.0487703102454,0.0487703102454,2456987.13982,nan,134.2216524406303,-31.252183525040987,50905.01227118696,-3836634.575106226,3942316.0010427847,-3316237.962800274,-264.4753095706207,True,4.7,1979642.9293061532,5130796.5684989,-3318884.599678499,13.99961618548206,13398.374575342685,13670.424788749064,6.2952780026198765,250.91356254779092,229302.04568336823
1559.95133044,3665.03041218,0.00065,5e-05,191,S,1,0.5,0.5,0.5,0.5,-,M,PW,1121944.07702,18213377.8737,0.0616,2014-11-25T15:21:20.126,11.7451460213,306.517865637,0.039115681321,0.039115681321,0.0492846477518,0.0492846477518,2456987.13982,-5.65453958058,134.2253907429054,-31.249350292356098,50664.58593485821,-3836862.9992713416,3942036.0929584582,-3315842.534062721,-273.63776370050033,True,4.74,1979278.900334946,5130893.309364939,-3318488.6359379217,13.936703687234846,13382.497224120336,13654.543328716245,6.26860558388989,146.10689550325603,229155.47943975547
1560.73962985,3674.09585536,0.00065,5e-05,191,E,1,0.5,0.5,0.5,0.5,-,M,PW,nan,nan,nan,2014-11-25T15:21:20.186,11.6507840441,306.710086133,0.039115681321,0.039115681321,0.0492846477518,0.0492846477518,2456987.13982,nan,134.23098945814544,-31.245106155574575,50304.543226862406,-3837205.0877335686,3941616.8853164935,-3315250.269386762,-239.42115440227798,True,4.8,1978733.6627446734,5131038.197439263,-3317895.569933453,13.846702152390218,13357.832207127125,13629.872385873528,6.229665163680158,214.68795061857895,228938.161459015
1561.44909931,3679.29863145,0.00065,5e-05,192,S,1,0.5,0.5,0.5,0.5,-,M,PW,1127288.34535,18300135.4765,0.0616,2014-11-25T15:21:20.226,11.6021984379,306.822996591,0.039115681321,0.039115681321,0.0492846477518,0.0492846477518,2456987.13982,-5.65969909765,134.23471614627573,-31.242280682947655,50064.92444951489,-3837432.7854939275,3941337.8488572887,-3314856.031691231,-244.60126495417697,True,4.84,1978370.7257297426,5131134.636131205,-3317500.7988481475,13.789521830617662,13340.805127219812,13612.84148266309,6.204539431216451,182.6288509194968,228794.95819376715
1562.71037836,3688.83705429,0.00065,5e-05,192,E,1,0.5,0.5,0.5,0.5,-,M,PW,nan,nan,nan,2014-11-25T15:21:20.286,11.5116555105,307.029135458,0.0387978608485,0.0387978608485,0.0488179910244,0.0488179910244,2456987.13982,nan,134.24029699527884,-31.238048657099206,49706.13186675853,-3837773.758495998,3940919.98319622,-3314265.618461663,-247.79007077503047,True,4.9,1977827.1832347014,5131279.056084765,-3316909.58677551,13.707823776066464,13314.357383321956,13586.388204638353,6.168307089006554,294.83421372014675,228582.68580188675
1563.10452807,3693.09387109,0.00065,5e-05,193,S,0,0.5,0.5,0.5,0.5,-,M,PW,513335.525097,22126531.2542,0.0232,2014-11-25T15:21:20.326,11.4671851906,307.11907545,0.0387978608485,0.0387978608485,0.0488179910244,0.0488179910244,2456987.13982,-5.86584667435,134.2440112391152,-31.235231581945037,49467.373184468204,-3838000.6792097283,3940641.880396219,-3313872.6596578304,-231.5507540603186,True,4.94,1977465.4155805463,5131375.172481269,-3316516.09629915,13.655980405383321,13296.101760707397,13568.12907494249,6.1452429054948485,174.537652433554,228442.86334115796
1563.81399754,3697.42951783,0.00065,5e-05,193,E,0,0.5,0.5,0.5,0.5,-,M,PW,nan,nan,nan,2014-11-25T15:21:20.346,11.4287258783,307.21398991,0.0387978608485,0.0387978608485,0.0488179910244,0.0488179910244,2456987.13982,nan,134.24586641143037,-31.233824367672607,49348.12808808298,-3838114.0179393445,3940502.975234413,-3313676.3808567217,-245.10336493118038,True,4.96,1977284.7148824565,5131423.180327389,-3316319.551930883,13.630821402140558,13286.78182261917,13558.807410546053,6.134084039493082,318.90770160494736,228373.46082360012
1565.39059635,3705.94315143,0.00065,5e-05,194,S,1,0.5,0.5,0.5,0.5,-,M,PW,1062586.65673,17249783.3884,0.0616,2014-11-25T15:21:20.426,11.3568893344,307.402103003,0.0387978608485,0.0387978608485,0.0488179910244,0.0488179910244,2456987.13982,-5.59552245019,134.2532735110933,-31.22820465789501,48872.06975524541,-3838566.524754584,3939948.3726467537,-3312892.6479610056,-288.72087303783275,True,5.04,1976563.1725630504,5131614.86573617,-3315534.758611008,13.535065994421824,13248.180672902721,13520.199747575158,6.092143369458998,80.46009076712302,228099.2625507933
1566.41538558,3716.26987367,0.00065,5e-05,194,E,1,0.5,0.5,0.5,0.5,-,M,PW,nan,nan,nan,2014-11-25T15:21:20.486,11.2489249957,307.619748418,0.0387978608485,0.0387978608485,0.0488179910244,0.0488179910244,2456987.13982,nan,134.25881434310992,-31.223999884624362,48516.02731179868,-3838905.0029868106,3939533.508639293,-3312306.355346167,-249.4995683125673,True,5.1,1976023.388328922,5131758.253782781,-3314947.672684692,13.46816543442724,13217.792537949985,13489.807056257827,6.063806581459307,263.41131301961684,227897.182877771
1567.04602511,3719.65956112,0.00065,5e-05,195,S,0,0.5,0.5,0.5,0.5,-,M,PW,544471.876716,23468615.3757,0.0232,2014-11-25T15:21:20.526,11.219932388,307.694351703,0.0385698642786,0.0385698642786,0.0492662157392,0.0492662157392,2456987.13982,-5.92978200412,134.26250097306476,-31.221201696401845,48279.16124861023,-3839130.2034476055,3939257.4768935232,-3311916.2426239564,-265.5196716827006,True,5.14,1975664.2133924582,5131853.659578142,-3314557.032092702,13.425792100768717,13196.820591941725,13468.832235323885,6.046567801663079,64.58966487361721,227764.17187863693
1567.59783469,3724.23169768,0.00065,5e-05,195,E,0,0.5,0.5,0.5,0.5,-,M,PW,nan,nan,nan,2014-11-25T15:21:20.546,11.1739565723,307.791502566,0.0385698642786,0.0385698642786,0.0492662157392,0.0492662157392,2456987.13982,nan,134.26434205142536,-31.21980414602883,48160.880645953,-3839242.6645677723,3939119.628731039,-3311721.417247953,-256.41447175098716,True,5.16,1975484.8358223483,5131901.305167759,-3314361.9430931057,13.405244885935772,13186.115278151545,13458.125564641889,6.038489111250412,229.5509335152315,227698.1798775339
1569.41092333,3734.08544028,0.00065,5e-05,196,S,1,0.5,0.5,0.5,0.5,-,M,PW,1016017.64372,16493792.9176,0.0616,2014-11-25T15:21:20.626,11.0882995758,308.007505062,0.0385698642786,0.0385698642786,0.0492662157392,0.0492662157392,2456987.13982,-5.5468646796,134.27169080191152,-31.21422460812607,47688.80505217434,-3839691.5405847435,3938569.401608161,-3310943.706883272,-296.93836922282696,True,5.24,1974768.7699685115,5132091.49375445,-3313583.180348007,13.327169210266455,13141.784802435677,13413.789961135522,6.009939627342383,116.0527856006503,227437.6541044044
1570.43571256,3743.07205353,0.00065,5e-05,196,E,1,0.5,0.5,0.5,0.5,-,M,PW,nan,nan,nan,2014-11-25T15:21:20.686,10.9954166212,308.196850893,0.0385698642786,0.0385698642786,0.0492662157392,0.0492662157392,2456987.13982,nan,134.27718572156476,-31.210051615733075,47335.885692543954,-3840027.1646272177,3938157.9799766573,-3310362.1587307462,-268.76859490745886,True,5.3,1974233.2935342118,5132233.707107197,-3313000.845221997,13.272735699387091,13106.895066343406,13378.896800364846,5.992786717236616,176.02160371941778,227245.85996548642
1571.38167185,3747.64419009,0.00065,5e-05,197,S,0,0.5,0.5,0.5,0.5,-,M,PW,532343.606546,22945845.1098,0.0232,2014-11-25T15:21:20.726,10.9574005322,308.297832732,0.0385698642786,0.0385698642786,0.0492662157392,0.0492662157392,2456987.13982,-5.90532347971,134.28084026855407,-31.207275744866557,47101.19538363616,-3840250.3723489405,3937884.3534456715,-3309975.3651250587,-295.63497337496824,True,5.34,1973877.1280373768,5132328.294015281,-3312613.5281732534,13.237937102482201,13077.247291444028,13349.248338350124,5.983920563090035,87.78232942884458,227119.73414197518
1571.93348143,3752.13749671,0.00065,5e-05,197,E,0,0.5,0.5,0.5,0.5,-,M,PW,nan,nan,nan,2014-11-25T15:21:20.746,10.9114446439,308.392636793,0.0385698642786,0.0385698642786,0.0492662157392,0.0492662157392,2456987.13982,nan,134.28266387376806,-31.205890315948274,46984.08346556143,-3840361.7484116256,3937747.8137257546,-3309782.333036188,-283.85026269248243,True,5.36,1973699.373098415,5132375.499481275,-3312420.2348488206,13.220232885677056,13059.691914986362,13331.693313437252,5.982262277358907,245.19022477935474,227057.22069662504
