outputs/DTFrag_triangulation/DN141125_01_triangulation_all_timesteps.ecsv
# %ECSV 0.9
# ---
# datatype:
# - {name: datetime, datatype: string}
# - {name: t_rel, unit: s, datatype: float64}
# - {name: no_cams, datatype: int64}
# - {name: latitude, unit: deg, datatype: float64}
# - {name: longitude, unit: deg, datatype: float64}
# - {name: height, unit: m, datatype: float64}
# - {name: X_geo, unit: m, datatype: float64}
# - {name: Y_geo, unit: m, datatype: float64}
# - {name: Z_geo, unit: m, datatype: float64}
# - {name: X_eci, unit: m, datatype: float64}
# - {name: Y_eci, unit: m, datatype: float64}
# - {name: Z_eci, unit: m, datatype: float64}
# - {name: DX_DT_geo, unit: m / s, datatype: float64}
# - {name: DY_DT_geo, unit: m / s, datatype: float64}
# - {name: DZ_DT_geo, unit: m / s, datatype: float64}
# - {name: DX_DT_eci, unit: m / s, datatype: float64}
# - {name: DY_DT_eci, unit: m / s, datatype: float64}
# - {name: DZ_DT_eci, unit: m / s, datatype: float64}
# - {name: D_DT_geo, unit: m / s, datatype: float64}
# - {name: D_DT_eci, unit: m / s, datatype: float64}
# - {name: beta, unit: kg / m2, datatype: float64}
# - {name: sigma, unit: s2 / m2, datatype: float64}
# - {name: mass_est, unit: kg, datatype: float64}
# - {name: pos_err, unit: m, datatype: float64}
# - {name: D_DT_err, unit: m / s, datatype: float64}
# - {name: beta_err, unit: kg / m2, datatype: float64}
# - {name: sigma_err, unit: s2 / m2, datatype: float64}
# - {name: mass_err, unit: kg, datatype: float64}
# - {name: c11, datatype: float64}
# - {name: c36, datatype: float64}
# - {name: c12, datatype: float64}
# - {name: c37, datatype: float64}
# - {name: c13, datatype: float64}
# - {name: c38, datatype: float64}
# - {name: c14, datatype: float64}
# - {name: c44, datatype: float64}
# - {name: c15, datatype: float64}
# - {name: c45, datatype: float64}
# - {name: c16, datatype: float64}
# - {name: c46, datatype: float64}
# - {name: c17, datatype: float64}
# - {name: c47, datatype: float64}
# - {name: c18, datatype: float64}
# - {name: c48, datatype: float64}
# - {name: c22, datatype: float64}
# - {name: c55, datatype: float64}
# - {name: c23, datatype: float64}
# - {name: c56, datatype: float64}
# - {name: c24, datatype: float64}
# - {name: c57, datatype: float64}
# - {name: c25, datatype: float64}
# - {name: c58, datatype: float64}
# - {name: c26, datatype: float64}
# - {name: c66, datatype: float64}
# - {name: c27, datatype: float64}
# - {name: c67, datatype: float64}
# - {name: c28, datatype: float64}
# - {name: c68, datatype: float64}
# - {name: c33, datatype: float64}
# - {name: c77, datatype: float64}
# - {name: c34, datatype: float64}
# - {name: c78, datatype: float64}
# - {name: c35, datatype: float64}
# - {name: c88, datatype: float64}
# delimiter: ','
# meta: !!omap
# - {triangulation_method: LS}
# - {triangulation_frame: ECI}
# - {triangulation_t0: '2014-11-25T15:21:15.386'}
# - {triangulation_radiant_inf_time: '2014-11-25T15:21:15.386'}
# - {triangulation_ra_eci_inf: -14.990408053400841}
# - {triangulation_ra_eci_inf_err: 0.014461997208029681}
# - {triangulation_dec_eci_inf: -46.311376059660596}
# - {triangulation_dec_eci_inf_err: 0.012272670555954584}
# - {triangulation_ra_ecef_inf: 50.699608715382354}
# - {triangulation_ra_ecef_inf_err: 0.014461997208029681}
# - {triangulation_dec_ecef_inf: -47.4163028700069}
# - {triangulation_dec_ecef_inf_err: 0.012272670555954584}
[...]
# - {triangulation_azimuth_inf_err: 0.012707209646413729}
# - {triangulation_radiant_end_time: '2014-11-25T15:21:24.626'}
# - {triangulation_ra_eci_end: -15.133745674689534}
# - {triangulation_ra_eci_end_err: 0.013798606076358362}
# - {triangulation_dec_eci_end: -44.629095184238395}
# - {triangulation_dec_eci_end_err: 0.01765927412224618}
# - {triangulation_ra_ecef_end: 50.92756634194834}
# - {triangulation_ra_ecef_end_err: 0.013798606076358362}
# - {triangulation_dec_ecef_end: -47.82490514245277}
# - {triangulation_dec_ecef_end_err: 0.01765927412224618}
# - {triangulation_slope_end: 25.860544517550643}
# - {triangulation_slope_end_err: 0.012342776398595772}
# - {triangulation_azimuth_end: -128.19694509144742}
# - {triangulation_azimuth_end_err: 0.01777845646780749}
# - {triangulation_file_0: 36_2014-11-25_152058_DSC_0594-G_DN141125_01_2018-04-26_163106_martin_nocomment.ecsv}
# - {triangulation_file_1: 38_2014-11-25_152058_DSC_0559-G_DN141125_01_2018-04-26_163331_martin_nocomment.ecsv}
# - {triangulation_file_2: 40_2014-11-25_152058_DSC_0617-G_DN141125_01_2018-04-26_163631_martin_nocomment.ecsv}
# - {telescope: multiple_telescopes_0}
# - {astropy_version: 3.0.1}
# - {numpy_version: 1.14.2}
# - {scipy_version: 1.0.1}
# - {event_codename: DN141125_01}
# schema: astropy-2.0
datetime,t_rel,no_cams,latitude,longitude,height,X_geo,Y_geo,Z_geo,X_eci,Y_eci,Z_eci,DX_DT_geo,DY_DT_geo,DZ_DT_geo,DX_DT_eci,DY_DT_eci,DZ_DT_eci,D_DT_geo,D_DT_eci,beta,sigma,mass_est,pos_err,D_DT_err,beta_err,sigma_err,mass_err,c11,c36,c12,c37,c13,c38,c14,c44,c15,c45,c16,c46,c17,c47,c18,c48,c22,c55,c23,c56,c24,c57,c25,c58,c26,c66,c27,c67,c28,c68,c33,c77,c34,c78,c35,c88
[from data line 92]
2014-11-25T15:21:19.946,4.56,3,-31.262122349205715,134.2085344894574,51748.888382179,-3835832.9676773134,3943298.2249668287,-3317625.448311415,1980920.2351650374,5130457.084771864,-3320273.9624157487,-5737.1763445602,-7029.534935562795,9929.153480703011,-9140.694984262027,2429.644628694965,9942.58758971214,13450.562912467109,13722.628239377365,233.31905876713762,1.8666052604438188e-08,1.4303230965994191,14.239106632759562,6.392085691803196,1.340223573243847,7.012130144440467e-10,0.02464804300446212,45.21978191939864,-22.920040823219427,-2.152392213874741,-4.857995812595754,-38.547968259941264,-2.668451224532666e-09,0.5412448520100246,6.775729768237872,-1.445739457179576,0.8156060082963837,-3.488596662071566,-9.08109409938603,6.131914764323457,0.6427924488724192,3.079754976947388e-09,1.694279431883792e-10,31.21601404619844,5.208750230846079,-5.280930909062432,-0.9677492935113707,-2.874918766012596,0.1057478895077717,-3.5570058262224924,1.6950825836180935e-10,5.324986652799941,28.874279492271192,-2.477003857970013,-2.4282650562457593,-9.78778308849871e-10,-9.68161856307059e-10,126.3163617335003,1.7961992262785056,6.836233939078577,9.20755633382087e-10,1.2805932550442238,4.916996916257069e-19
2014-11-25T15:21:20.026,4.64,3,-31.25643884807676,134.21603672817102,51266.22883857323,-3836291.421565957,3942736.483106741,-3316831.9514496136,1980189.7496516372,5130651.241509285,-3319479.391973205,-5724.223997284206,-7014.0349600740055,9908.066221888643,-9121.265276669532,2424.227626786273,9921.471764882715,13421.371131503496,13693.42768685825,232.75198199819854,1.8666052604438188e-08,1.4199193186079921,14.098504326268273,6.336227803258471,1.3196830687870122,7.012130144439476e-10,0.024152449328982233,45.30357336074376,-21.215343189719565,-2.4806840044998504,-4.964819999117969,-38.28988260990083,-2.74225257047509e-09,0.5015041454472826,6.649756474538089,-1.2272559171474875,0.8226718537223987,-3.543134751130628,-8.793613758053414,6.085924855309545,0.48604849255299193,3.0901483237054905e-09,9.0128729421847e-11,30.677750479992614,5.187278180425396,-4.771655931437918,-1.0116945293268063,-2.6574659572762953,0.13958814491494817,-3.171913862930116,1.897160624377963e-10,5.069031420008309,28.310748119822183,-2.436477982261809,-2.2245552481940263,-9.644120663263243e-10,-8.765417267947282e-10,122.78650039706885,1.741563402043106,6.662601680203009,9.060192245595482e-10,1.053952405705938,4.916996916255679e-19
2014-11-25T15:21:20.086,4.7,3,-31.252183525040987,134.2216524406303,50905.01227118696,-3836634.575106226,3942316.0010427847,-3316237.962800274,1979642.9293061532,5130796.5684989,-3318884.599678499,-5714.040022031377,-7001.834109089257,9891.436043194495,-9105.974863682599,2419.9781332570797,9904.819105939448,13398.374575342685,13670.424788749064,232.30702715833235,1.8666052604438188e-08,1.4117914446693018,13.99961618548206,6.2952780026198765,1.3035655747751336,7.012130144438484e-10,0.02376634166273362,45.360605780608466,-19.994660211111167,-2.703686819700747,-5.029950742666307,-38.105841178800254,-2.792713451001538e-09,0.44663960930552565,6.568019350626286,-1.0584831713085814,0.8232116007872868,-3.5474272839671355,-8.587551563490155,6.039829136660337,0.36747013475968077,3.093711561700949e-09,2.8528315548954084e-11,30.314309997139905,5.17183091283104,-4.415563856888488,-1.0404654887966602,-2.489618202603664,0.16503019606651984,-2.885690927684705,2.0540675766256172e-10,4.869570650316916,27.890674866812372,-2.4035734488207696,-2.069782803078988,-9.525592290840728e-10,-8.053459551147055e-10,120.31433756306292,1.6992832077388245,6.571213403845008,8.944481404342007e-10,0.8757008844800966,4.916996916254288e-19
2014-11-25T15:21:20.126,4.74,3,-31.249350292356098,134.2253907429054,50664.58593485821,-3836862.9992713416,3942036.0929584582,-3315842.534062721,1979278.900334946,5130893.309364939,-3318488.6359379217,-5707.018003543833,-6993.414917867562,9879.945609534625,-9095.425491445903,2417.0526352803363,9893.313156047863,13382.497224120336,13654.543328716245,232.00073191548475,1.8666052604438188e-08,1.4062144919208137,13.936703687234846,6.26860558388989,1.2924705582427907,7.012130144437493e-10,0.02350196244265412,45.39440932710808,-19.20959720068642,-2.841041855392532,-5.066167618566621,-37.9854681895597,-2.823952639985436e-09,0.39828402479612157,6.520446180610337,-0.9437193940869283,0.8211302992620513,-3.532886104657694,-8.455779812670972,6.003548088624297,0.2880890414761204,3.094009558906347e-09,-1.3553252825383947e-11,30.091046048277107,5.161862076611178,-4.190924789146145,-1.057428494677525,-2.376060568646517,0.18197594893079075,-2.6959907140446466,2.1612210113327238e-10,4.733680783857786,27.613107709153994,-2.3804358378803845,-1.9658173532521648,-9.441282754374847e-10,-7.566968931985134e-10,118.74625429040017,1.6704801439244312,6.529564888804995,8.864787150020112e-10,0.7527814360891139,4.916996916252898e-19
2014-11-25T15:21:20.186,4.8,3,-31.245106155574575,134.23098945814544,50304.543226862406,-3837205.0877335686,3941616.8853164935,-3315250.269386762,1978733.6627446734,5131038.197439263,-3317895.569933453,-5696.123305720392,-6980.3428239889645,9862.082671493758,-9079.048619016463,2412.5206646618576,9875.42614125145,13357.832207127125,13629.872385873528,231.52638795349048,1.8666052604438188e-08,1.3976067627614226,13.846702152390218,6.229665163680158,1.275287932030497,7.012130144436501e-10,0.023094789160256257,45.436975190213865,-18.07368448125362,-3.0297937658157856,-5.109547380489398,-37.80554792344319,-2.8671153328007417e-09,0.3092158169702146,6.460265343081206,-0.7685653483233815,0.8140080258666083,-3.4860633067453635,-8.267223003743021,5.94076625240188,0.16875205409158892,3.0912598375585603e-09,-7.819271430111231e-11,29.784508836890733,5.147501392784813,-3.8736546399385356,-1.079216115270416,-2.203039346588835,0.2073118634070254,-2.4132157810490713,2.3257562966509547e-10,4.525201869142939,27.200961315704106,-2.3439570831634695,-1.8089425070200675,-9.306680011236035e-10,-6.819490012721859e-10,116.50967646990331,1.6263593095826219,6.494413149908908,8.741297124403556e-10,0.5627704940804897,4.916996916251507e-19
2014-11-25T15:21:20.226,4.84,3,-31.242280682947655,134.23471614627573,50064.92444951489,-3837432.7854939275,3941337.8488572887,-3314856.031691231,1978370.7257297426,5131134.636131205,-3317500.7988481475,-5688.611558153488,-6971.323316210541,9849.742697337642,-9067.750597821652,2409.4005371336884,9863.06957186646,13340.805127219812,13612.84148266309,231.19997926136088,1.8666052604438188e-08,1.3917040037941442,13.789521830617662,6.204539431216451,1.2634642287359408,7.01213014443551e-10,0.022816198747942818,45.458914435248175,-17.34435039159129,-3.1439404654662115,-5.131126548260897,-37.68440562133886,-2.8933709657109505e-09,0.23922817825386516,6.428211831046025,-0.6499409455656691,0.8064235457370413,-3.438529280392295,-8.148278437248054,5.8933387239122075,0.08915653313873977,3.0872482122091245e-09,-1.2229599331294387e-10,29.598947910053667,5.138355500593831,-3.6755788482945073,-1.0911111127834214,-2.0861707412965558,0.22410922371618702,-2.225843954269869,2.4379771331432196e-10,4.38339634726883,26.929742221879888,-2.3184661971256832,-1.7038909432663756,-9.211400404610723e-10,-6.309343000368335e-10,115.09304997177922,1.5963418572953059,6.489114465928082,8.65627106313029e-10,0.43241205979925984,4.916996916250117e-19
2014-11-25T15:21:20.286,4.9,3,-31.238048657099206,134.24029699527884,49706.13186675853,-3837773.758495998,3940919.98319622,-3314265.618461663,1977827.1832347014,5131279.056084765,-3316909.58677551,-5676.957596881547,-6957.320360596091,9830.562464786228,-9050.212905115672,2404.5668103487706,9843.863533886635,13314.357383321956,13586.388204638353,230.69466952950097,1.8666052604438188e-08,1.3825988252764876,13.707823776066464,6.168307089006554,1.2451601488685344,7.012130144434519e-10,0.022387473832202024,45.48052212231452,-16.291922175705686,-3.2973798728119728,-5.15241919474852,-37.49818177464014,-2.9288815288210897e-09,0.11937267676100172,6.393242253525455,-0.46956683518363945,0.7905014417244725,-3.3437324724110167,-7.981134031713177,5.813854301518468,-0.029999829769924165,3.0778831336958486e-09,-1.8993884021350226e-10,29.34862269791685,5.125337415228625,-3.3991230715808243,-1.1046800418943192,-1.9089859896352963,0.2490863529746297,-1.9464554302157326,2.6100269253927844e-10,4.166863970556431,26.529432675534427,-2.2784983502391523,-1.5459293427939258,-9.059964425705445e-10,-5.526672829296868e-10,113.07528785546165,1.5504237963303107,6.507699595632704,8.524559870520409e-10,0.23160907842236148,4.916996916248726e-19
2014-11-25T15:21:20.326,4.94,3,-31.235231581945037,134.2440112391152,49467.373184468204,-3838000.6792097283,3940641.880396219,-3313872.6596578304,1977465.4155805463,5131375.172481269,-3316516.09629915,-5668.922670494971,-6947.659335611184,9817.314680875279,-9038.114977706275,2401.2387653604997,9830.597979563157,13296.101760707397,13568.12907494249,230.34707854318603,1.8666052604438188e-08,1.3763586920450905,13.655980405383321,6.1452429054948485,1.232569321310142,7.012130144433527e-10,0.022094365289924128,45.486499434290835,-15.617713416137454,-3.387697349789609,-5.159205252830724,-37.369493406478014,-2.9499197691697064e-09,0.030217622363550755,6.379258577468271,-0.3479100601972135,0.7766824926149951,-3.265510876915727,-7.87787297637008,5.7553259057051465,-0.10910409054896145,3.0693623442475777e-09,-2.3601064988645886e-10,29.200315053006456,5.117162030103949,-3.228862653195404,-1.110682247920106,-1.7898316333850097,0.26554475572709996,-1.7612851850746538,2.727162324828167e-10,4.0201852346291975,26.267589759962544,-2.2507186693696695,-1.4405562698526022,-8.953215066791656e-10,-4.993421774892229e-10,111.79898634491592,1.5192271318349444,6.5372892413845785,8.433898508182019e-10,0.09440956229303488,4.9169969162473355e-19
2014-11-25T15:21:20.346,4.96,3,-31.233824367672607,134.24586641143037,49348.12808808298,-3838114.0179393445,3940502.975234413,-3313676.3808567217,1977284.7148824565,5131423.180327389,-3316319.551930883,-5664.8233736094335,-6942.7285191575165,9810.548815278802,-9031.940910877405,2399.5422288581535,9823.82302724474,13286.78182261917,13558.807410546053,230.17000177113687,1.8666052604438188e-08,1.3731869499161165,13.630821402140558,6.134084039493082,1.226155373613477,7.012130144432536e-10,0.02194561252108423,45.48674365451688,-15.289216905535799,-3.429237260731094,-5.160383533679555,-37.303404746371406,-2.9596345926840088e-09,-0.017137872876786895,6.3752738525895944,-0.286670513675799,0.7687670413240457,-3.221860775160314,-7.82895070926675,5.724413557735149,-0.14852779611924294,3.0644071215258233e-09,-2.593468138660689e-10,29.131708650298993,5.113230494695297,-3.1480105142270536,-1.1127136225661214,-1.7301403952008503,0.2737078076159239,-1.6689848497765762,2.7864787253862075e-10,3.9463631430621113,26.138482656278878,-2.2364903482398537,-1.3878793702898342,-8.898074197961275e-10,-4.723268935949619e-10,111.18083979223722,1.5034570002412053,6.557525844849475,8.387694900379719e-10,0.024750773195232393,4.916996916245945e-19
2014-11-25T15:21:20.426,5.04,3,-31.22820465789501,134.2532735110933,48872.06975524541,-3838566.524754584,3939948.3726467537,-3312892.6479610056,1976563.1725630504,5131614.86573617,-3315534.758611008,-5647.863487129297,-6922.3153588922105,9782.508842044044,-9006.384378244471,2392.5325210166866,9795.745493913306,13248.180672902721,13520.199747575158,229.4392992827116,1.8666052604438188e-08,1.3601503800143568,13.535065994421824,6.092143369458998,1.199690730314752,7.012130144431544e-10,0.021335836639651013,45.46775139966505,-14.03022856107381,-3.571174763408055,-5.150299558335536,-37.02430197905177,-2.9930270242729337e-09,-0.22292504175264152,6.380406583151695,-0.039617088485701134,0.7300370015092228,-3.019232796098485,-7.652383044796995,5.58986233983584,-0.3049119744817252,3.0398649090951633e-09,-3.5461310780174625e-10,28.894114685246485,5.098635245787083,-2.8535461773598505,-1.1139865395165387,-1.490738768382747,0.3058000524465917,-1.301726810634077,3.028520024871208e-10,3.6479467356487394,25.63516900510445,-2.1773888213232397,-1.1777395855654662,-8.665514462439628e-10,-3.6200258781934056e-10,108.83614538844249,1.4392578484031429,6.672205208990212,8.196908432779202e-10,-0.2601821320085048,4.916996916244554e-19
2014-11-25T15:21:20.486,5.1,3,-31.223999884624362,134.25881434310992,48516.02731179868,-3838905.0029868106,3939533.508639293,-3312306.355346167,1976023.388328922,5131758.253782781,-3314947.672684692,-5634.531647428669,-6906.255070032568,9760.4166713343,-8986.281246116721,2387.032089972764,9773.623769216545,13217.792537949985,13489.807056257827,228.86712709838406,1.8666052604438188e-08,1.3499999689964761,13.46816543442724,6.063806581459307,1.1789701342561776,7.012130144430553e-10,0.020862886665363078,45.43091390992754,-13.142170065313266,-3.65199072874336,-5.127216614084612,-36.79637179351096,-3.012201065310302e-09,-0.39232864336432816,6.407766808289022,0.1471940227244568,0.6931396254129218,-2.839940244638387,-7.541556953344067,5.477640692755761,-0.42033233282339705,3.0163904682501403e-09,-4.280249792909673e-10,28.754326966619406,5.088966949008183,-2.663647365311697,-1.1072700964068989,-1.3110312533816066,0.3291504705809894,-1.028279578240611,3.214911554379539e-10,3.4213577991472253,25.273016500052,-2.1308413616248525,-1.0212697886261484,-8.478223373748469e-10,-2.769428040637767e-10,107.20623929255376,1.3899705774680295,6.791672903669699,8.047359996970828e-10,-0.4798359307304987,4.916996916243164e-19
2014-11-25T15:21:20.526,5.14,3,-31.221201696401845,134.26250097306476,48279.16124861023,-3839130.2034476055,3939257.4768935232,-3311916.2426239564,1975664.2133924582,5131853.659578142,-3314557.032092702,-5625.340128563644,-6895.175860733478,9745.161467283498,-8972.414856634497,2383.2445003996945,9758.34817349017,13196.820591941725,13468.832235323885,228.4738215007831,1.8666052604438188e-08,1.3430520430871322,13.425792100768717,6.046567801663079,1.1647292730041383,7.012130144429561e-10,0.020540104150351034,45.394857522367055,-12.576284044398294,-3.693673710479966,-5.104500193570735,-36.633912087838816,-3.0221322943855493e-09,-0.5113083024070639,6.437958135314503,0.2721071831823716,0.6645903184970854,-2.708553813772219,-7.478840694108054,5.397559918317262,-0.49610325531341687,2.99828044275958e-09,-4.778614796677452e-10,28.67933058911712,5.083169393705369,-2.5519777159678614,-1.0988897824014796,-1.1916149693740332,0.34429880846875704,-0.8468644733809018,3.341380429610733e-10,3.269470959048667,25.039854651088806,-2.098799967324363,-0.917811835566076,-8.347117178446603e-10,-2.1917580153346634e-10,106.17770542157953,1.3565942793927488,6.886433480372125,7.944486314655321e-10,-0.6288264005004863,4.916996916241773e-19
