outputs/DTFrag_triangulation/DN141125_01_triangulation_all_timesteps.ecsv
# %ECSV 0.9
# ---
# datatype:
# - {name: datetime, datatype: string}
# - {name: t_rel, unit: s, datatype: float64}
# - {name: no_cams, datatype: int64}
# - {name: latitude, unit: deg, datatype: float64}
# - {name: longitude, unit: deg, datatype: float64}
# - {name: height, unit: m, datatype: float64}
# - {name: X_geo, unit: m, datatype: float64}
# - {name: Y_geo, unit: m, datatype: float64}
# - {name: Z_geo, unit: m, datatype: float64}
# - {name: X_eci, unit: m, datatype: float64}
# - {name: Y_eci, unit: m, datatype: float64}
# - {name: Z_eci, unit: m, datatype: float64}
# - {name: DX_DT_geo, unit: m / s, datatype: float64}
# - {name: DY_DT_geo, unit: m / s, datatype: float64}
# - {name: DZ_DT_geo, unit: m / s, datatype: float64}
# - {name: DX_DT_eci, unit: m / s, datatype: float64}
# - {name: DY_DT_eci, unit: m / s, datatype: float64}
# - {name: DZ_DT_eci, unit: m / s, datatype: float64}
# - {name: D_DT_geo, unit: m / s, datatype: float64}
# - {name: D_DT_eci, unit: m / s, datatype: float64}
# - {name: beta, unit: kg / m2, datatype: float64}
# - {name: sigma, unit: s2 / m2, datatype: float64}
# - {name: mass_est, unit: kg, datatype: float64}
# - {name: pos_err, unit: m, datatype: float64}
# - {name: D_DT_err, unit: m / s, datatype: float64}
# - {name: beta_err, unit: kg / m2, datatype: float64}
# - {name: sigma_err, unit: s2 / m2, datatype: float64}
# - {name: mass_err, unit: kg, datatype: float64}
# - {name: c11, datatype: float64}
# - {name: c36, datatype: float64}
# - {name: c12, datatype: float64}
# - {name: c37, datatype: float64}
# - {name: c13, datatype: float64}
# - {name: c38, datatype: float64}
# - {name: c14, datatype: float64}
# - {name: c44, datatype: float64}
# - {name: c15, datatype: float64}
# - {name: c45, datatype: float64}
# - {name: c16, datatype: float64}
# - {name: c46, datatype: float64}
# - {name: c17, datatype: float64}
# - {name: c47, datatype: float64}
# - {name: c18, datatype: float64}
# - {name: c48, datatype: float64}
# - {name: c22, datatype: float64}
# - {name: c55, datatype: float64}
# - {name: c23, datatype: float64}
# - {name: c56, datatype: float64}
# - {name: c24, datatype: float64}
# - {name: c57, datatype: float64}
# - {name: c25, datatype: float64}
# - {name: c58, datatype: float64}
# - {name: c26, datatype: float64}
# - {name: c66, datatype: float64}
# - {name: c27, datatype: float64}
# - {name: c67, datatype: float64}
# - {name: c28, datatype: float64}
# - {name: c68, datatype: float64}
# - {name: c33, datatype: float64}
# - {name: c77, datatype: float64}
# - {name: c34, datatype: float64}
# - {name: c78, datatype: float64}
# - {name: c35, datatype: float64}
# - {name: c88, datatype: float64}
# delimiter: ','
# meta: !!omap
# - {triangulation_method: LS}
# - {triangulation_frame: ECI}
# - {triangulation_t0: '2014-11-25T15:21:15.386'}
# - {triangulation_radiant_inf_time: '2014-11-25T15:21:15.386'}
# - {triangulation_ra_eci_inf: -14.990408053400841}
# - {triangulation_ra_eci_inf_err: 0.014461997208029681}
# - {triangulation_dec_eci_inf: -46.311376059660596}
# - {triangulation_dec_eci_inf_err: 0.012272670555954584}
# - {triangulation_ra_ecef_inf: 50.699608715382354}
# - {triangulation_ra_ecef_inf_err: 0.014461997208029681}
# - {triangulation_dec_ecef_inf: -47.4163028700069}
# - {triangulation_dec_ecef_inf_err: 0.012272670555954584}
[...]
# - {triangulation_azimuth_inf_err: 0.012707209646413729}
# - {triangulation_radiant_end_time: '2014-11-25T15:21:24.626'}
# - {triangulation_ra_eci_end: -15.133745674689534}
# - {triangulation_ra_eci_end_err: 0.013798606076358362}
# - {triangulation_dec_eci_end: -44.629095184238395}
# - {triangulation_dec_eci_end_err: 0.01765927412224618}
# - {triangulation_ra_ecef_end: 50.92756634194834}
# - {triangulation_ra_ecef_end_err: 0.013798606076358362}
# - {triangulation_dec_ecef_end: -47.82490514245277}
# - {triangulation_dec_ecef_end_err: 0.01765927412224618}
# - {triangulation_slope_end: 25.860544517550643}
# - {triangulation_slope_end_err: 0.012342776398595772}
# - {triangulation_azimuth_end: -128.19694509144742}
# - {triangulation_azimuth_end_err: 0.01777845646780749}
# - {triangulation_file_0: 36_2014-11-25_152058_DSC_0594-G_DN141125_01_2018-04-26_163106_martin_nocomment.ecsv}
# - {triangulation_file_1: 38_2014-11-25_152058_DSC_0559-G_DN141125_01_2018-04-26_163331_martin_nocomment.ecsv}
# - {triangulation_file_2: 40_2014-11-25_152058_DSC_0617-G_DN141125_01_2018-04-26_163631_martin_nocomment.ecsv}
# - {telescope: multiple_telescopes_0}
# - {astropy_version: 3.0.1}
# - {numpy_version: 1.14.2}
# - {scipy_version: 1.0.1}
# - {event_codename: DN141125_01}
# schema: astropy-2.0
datetime,t_rel,no_cams,latitude,longitude,height,X_geo,Y_geo,Z_geo,X_eci,Y_eci,Z_eci,DX_DT_geo,DY_DT_geo,DZ_DT_geo,DX_DT_eci,DY_DT_eci,DZ_DT_eci,D_DT_geo,D_DT_eci,beta,sigma,mass_est,pos_err,D_DT_err,beta_err,sigma_err,mass_err,c11,c36,c12,c37,c13,c38,c14,c44,c15,c45,c16,c46,c17,c47,c18,c48,c22,c55,c23,c56,c24,c57,c25,c58,c26,c66,c27,c67,c28,c68,c33,c77,c34,c78,c35,c88
[from data line 118]
2014-11-25T15:21:21.246,5.86,3,-31.171905160823275,134.32735942769003,44115.704681254196,-3843091.0201764167,3934401.3631627923,-3305050.3845827887,1969339.5870649563,5133533.1788799595,-3307681.8789710584,-5339.479189435997,-6548.101370229233,9261.648009089287,-8538.713297036034,2267.2011955204343,9274.197242845425,12536.57821789844,12808.612748036023,151.5169044617589,1.8666052604438188e-08,0.3917119052582526,12.676701169400676,6.699222270718796,0.846869789464245,7.012130144413697e-10,0.0065681577890291274,40.607685280307095,-11.127850294126421,-2.2010923455800313,-3.5183732356806714,-28.721095721962502,-2.5441484657938753e-09,-6.417839211379204,14.065696519528629,3.2087738999318436,-2.0773115224348127,5.118813372600994,-12.66629581923167,3.129799250745632,-2.4406714642080183,2.104674340291892e-09,-2.205589391877078e-09,29.55793906697353,5.422154017980836,-3.4064719142882023,1.1483127578919168,1.77679317186606,0.751608334682024,1.9974189079113966,7.732977498446082e-10,-0.7057804889699674,25.391728494985234,-1.3682088362550853,1.6862506429277093,-4.5435412277779175e-10,1.7807156648406406e-09,90.53312819100383,0.7171884403072145,14.50391616572508,5.621287067914818e-10,-4.52611340993327,4.916996916219525e-19
2014-11-25T15:21:21.326,5.94,3,-31.166600771095112,134.3343280190071,43668.77304310173,-3843516.4541828004,3933879.612616472,-3304312.378252218,1968659.1013035616,5133713.861682867,-3306942.872567043,-5296.181477788416,-6495.387522225479,9187.885340507142,-8472.881612234673,2249.726458992897,9200.337821898045,12436.110096805092,12708.155176589747,150.3398124913236,1.8666052604438188e-08,0.38265334756436836,12.578554976544424,6.92623820800356,0.8043857711837856,7.012130144412705e-10,0.0061421037377119,39.56148944416377,-11.07551606423116,-1.7890899628688899,-3.2235220305986516,-27.100758168561562,-2.3916326586727777e-09,-6.621452417757543,15.925303048849518,3.3711069778291245,-2.668570718571261,5.649488723977182,-14.326315484735254,2.803863626918438,-2.5629813488102906,1.919575229657171e-09,-2.420980905548342e-09,29.903780917301543,5.519495856261551,-3.8501709585040826,1.7078737395320833,1.9210085123455491,0.7709486838535866,2.3269511802345058,8.277208490740443e-10,-0.98115696484087,26.5279768088973,-1.2762901022552988,1.8773301204164843,-3.903033872034822e-10,2.0312022409119706e-09,88.75477493648516,0.6470364688829335,15.165594089361745,5.304993801308431e-10,-4.8580819191108064,4.916996916218135e-19
2014-11-25T15:21:21.386,6.0,3,-31.16265021128283,134.33951684826494,43336.04423852776,-3843833.2176694693,3933491.1170785404,-3303762.8287642747,1968152.2658958116,5133848.437494423,-3306392.5781935216,-5262.273595531535,-6454.091712780357,9130.068186933175,-8421.313022624614,2236.0512184705744,9142.444866204192,12357.385173622197,12629.439267371852,149.43037846001977,1.8666052604438188e-08,0.3757510418533123,12.50585409790765,7.108098105876198,0.7716538698387706,7.012130144411713e-10,0.005821100405356357,38.76540722583352,-10.942768427001894,-1.4671607497308288,-2.996533831250254,-25.831882174062372,-2.2642305391944246e-09,-6.6235798540896305,17.418371645042118,3.446889781489973,-3.138702583302187,5.899079315886617,-15.686985786929439,2.55901526699703,-2.6292491572606034,1.7695681578914147e-09,-2.5784315718367987e-09,30.198232827196886,5.5973630542660375,-4.211822916505731,2.159054394201049,1.9773509647698326,0.7786850737291936,2.58170575297119,8.674142720313129e-10,-1.134457637539592,27.509323983452628,-1.2085234675171275,1.9926234862513454,-3.3944262014708647e-10,2.214630211743803e-09,87.43274666512318,0.5954496948371504,15.539330421388904,5.059856113555672e-10,-5.0672709538418585,4.916996916216744e-19
2014-11-25T15:21:21.426,6.04,3,-31.160030235763088,134.3429574152596,43115.44416596314,-3844043.2467688494,3933233.5166062647,-3303398.4180412786,1967816.1195352776,5133937.692389157,-3306027.673455986,-5238.966520767266,-6425.699836333832,9090.302535145078,-8385.860168254867,2226.655966355208,9102.627115513204,12303.25114645905,12575.311843374106,148.8115257862258,1.8666052604438188e-08,0.37110193005508857,12.45843693222418,7.233269801421051,0.749440643547624,7.012130144410722e-10,0.005606800974847488,38.23816885564492,-10.800656703759758,-1.249243830612157,-2.843700495007929,-24.968577567070728,-2.1732390741155594e-09,-6.5474949747172095,18.452626344561253,3.473976687360625,-3.462524406967456,5.987944495647082,-16.64096053097033,2.3968086349044806,-2.6607454394276107,1.6643678690598153e-09,-2.68095504427041e-09,30.411672601480912,5.650916782897415,-4.463934063707823,2.4724424645593825,1.9898728528718472,0.7804797239809407,2.7551138979051615,8.93212103650443e-10,-1.2108184431595335,28.21664889269106,-1.164256450796324,2.0554933508220348,-3.0422672274072137e-10,2.3342430755512226e-09,86.56280933708155,0.5616612782010767,15.722043149249524,4.892672076601167e-10,-5.185626321643453,4.9169969162153535e-19
2014-11-25T15:21:21.446,6.06,3,-31.158724475080046,134.3446719635533,43005.51860696612,-3844147.908811921,3933105.1457173927,-3303216.814124797,1967648.582503848,5133982.177778371,-3305845.823312864,-5227.098935036768,-6411.241111704467,9070.04721434554,-8367.806152224788,2221.873408840098,9082.345272131883,12275.680524497586,12547.744693303976,148.49836332258656,1.8666052604438188e-08,0.36876399017493855,12.435174244361223,7.296702959643736,0.7382217639802429,7.01213014440973e-10,0.00549964855965379,37.9774443355838,-10.713520496978417,-1.1399042271673383,-2.767123863126256,-24.533400942322686,-2.1259628797158585e-09,-6.485803033954527,18.979596813696514,3.480379091063681,-3.6271121160409177,6.008600578554673,-17.130077521882168,2.3162760155112787,-2.672591109469927,1.6102423142951487e-09,-2.731376538420126e-09,30.52363320387062,5.678076927024724,-4.592705393198576,2.632449223149558,1.9878901380721268,0.7803452090168383,2.8430502345329844,9.058837004640726e-10,-1.240397005598261,28.584200340552407,-1.142456742549769,2.082614516943432,-2.8623514059488493e-10,2.393126475434831e-09,86.1324809481703,0.5449713728141014,15.793459862361333,4.807956204793865e-10,-5.238461794835148,4.916996916213963e-19
2014-11-25T15:21:21.526,6.14,3,-31.15353046355642,134.35149064934146,42568.38315865413,-3844564.1285370803,3932594.618775591,-3302494.52529893,1966982.1118430975,5134159.1455427315,-3305122.555010983,-5178.173795467674,-6351.620914477026,8986.494920971338,-8293.364313788432,2202.1661953973326,8998.683563329478,12161.976116648713,12434.055390993975,147.2211164213155,1.8666052604438188e-08,0.3593302873139698,12.346158337404596,7.553536547360521,0.6926515073064156,7.012130144408739e-10,0.005071772402878603,36.968569848700895,-10.253063848474874,-0.7050162847219744,-2.461966868260974,-22.782675031245034,-1.925283688887963e-09,-6.077271331965682,21.137847370717378,3.4572355150720693,-4.299405357397601,5.927521957991495,-19.15118721316372,1.9999831717508623,-2.6934012197975123,1.383839507543111e-09,-2.9266578798582328e-09,31.007281543251352,5.7882655282718005,-5.121025651447097,3.290415130641019,1.9219299845148388,0.7728012741683667,3.203582678761736,9.54844968478214e-10,-1.2977231506129834,30.129801473321912,-1.0580000624672967,2.16166451114675,-2.1178414832153607e-10,2.6215972843136472e-09,84.4517743003127,0.4797661105738495,15.94199472836241,4.461671050342651e-10,-5.4063266147140485,4.916996916212572e-19
2014-11-25T15:21:21.546,6.16,3,-31.152239405651958,134.3531852859843,42459.75620741436,-3844667.5673368927,3932467.738599987,-3302315.010462536,1966816.4361038364,5134203.138187938,-3304942.796691389,-5165.5730904788825,-6336.262526270906,8964.964044317137,-8274.188651414817,2197.0928926033907,8977.124526110048,12132.68100919181,12404.76439821477,146.89573432963746,1.8666052604438188e-08,0.3569530178836081,12.325182377764564,7.617854832501223,0.681097520284781,7.012130144407747e-10,0.004965150617507954,36.72830708229494,-10.105175543902062,-0.597897476989918,-2.386392301065743,-22.345869367043306,-1.872298002416966e-09,-5.932682448305601,21.68555924344587,3.4387439729770297,-4.469529477533263,5.8638902687352985,-19.668055752247604,1.9227916356480215,-2.691812800851535,1.3248339146401097e-09,-2.973636182400503e-09,31.13726194101357,5.815752877872214,-5.255429823310624,3.4578856376490426,1.8922626332807075,0.7691243862859026,3.2955122579980687,9.665912087300353e-10,-1.2982780127503393,30.530400127744155,-1.0377170400225117,2.17389413151315,-1.9256907721750212e-10,2.676676219492294e-09,84.04455162184962,0.46389383213807767,15.940645154575847,4.373252381323469e-10,-5.43633625590156,4.916996916211182e-19
2014-11-25T15:21:21.626,6.24,3,-31.147106082337636,134.35992206262983,42027.96832024574,-3845078.7574464753,3931963.3448330574,-3301601.3355630254,1966157.6370808072,5134378.076277777,-3304228.153575059,-5113.661402541082,-6272.976565483104,8876.21420207806,-8195.176842420084,2176.2012595656897,8888.258549190383,12011.950153580843,12284.05126324087,145.57050727566073,1.8666052604438188e-08,0.3473791038941432,12.24806886798872,7.872508123287842,0.634342960814275,7.012130144406757e-10,0.004541252759501733,35.836237432993364,-9.387395297898085,-0.18215389188341438,-2.090082966883127,-20.62289428512164,-1.649666384320824e-09,-5.186969546785951,23.887769055596014,3.3146360214056494,-5.1529945525926735,5.4376707281938215,-21.758761833935917,1.6243683687858286,-2.6582656934266913,1.0797093123711327e-09,-3.1532635718769257e-09,31.694301827321855,5.9241770073612,-5.795990431178647,4.1339941308367365,1.7173798858699076,0.7472757186191327,3.670996571747765,1.0113604592434402e-09,-1.2411207269892914,32.16443808827585,-0.960587521157606,2.19256804743378,-1.1343762296228381e-10,2.8877972176631564e-09,82.48465173467929,0.4023909919346208,15.785879749955324,4.0123795442231396e-10,-5.50976460196413,4.916996916209791e-19
2014-11-25T15:21:21.686,6.3,3,-31.14328962692192,134.36492938506598,41707.07163075902,-3845384.371244838,3931588.43751201,-3301070.8316860804,1965667.767633934,5134508.161864353,-3303696.929755955,-5073.115019229155,-6223.532344518478,8806.844511678908,-8133.4500974435105,2159.8930851858304,8818.798137835818,11917.607188294343,12189.723098698096,144.55234651377546,1.8666052604438188e-08,0.34014096707426383,12.198657118356216,8.05585608748889,0.5988024824545258,7.012130144405765e-10,0.004227062245215281,35.256843545854046,-8.684405514702647,0.11020222437998374,-1.8763293517017057,-19.371948597126675,-1.4719457610247324e-09,-4.43871932265542,25.513006480218497,3.16537557817417,-5.656555761713268,4.921883081411647,-23.311981032084354,1.4136098635877161,-2.6035294388682657,8.867389291630669e-10,-3.2772441003704096e-09,32.15207605929563,6.000173470982224,-6.198528621447357,4.634938587520968,1.5357788888037534,0.7231114499378208,3.9582560019378983,1.0420798269300377e-09,-1.1454365221177056,33.38363735113107,-0.9077400082375316,2.173635575105203,-5.181973538422824e-11,3.034168272557772e-09,81.39831588607314,0.3585644129937027,15.484789876352345,3.7341723474557907e-10,-5.508451508279685,4.916996916208401e-19
2014-11-25T15:21:21.726,6.34,3,-31.14076188292931,134.3682451156731,41494.59071152429,-3845586.732537234,3931340.181072688,-3300719.506385268,1965343.2733686455,5134594.334778898,-3303345.127567065,-5045.302451346698,-6189.610003856067,8759.237090984825,-8091.102689120965,2148.711073132291,8771.128484975792,11852.872362490216,12124.998841305329,143.8624348050474,1.8666052604438188e-08,0.33529395456898525,12.170657548994184,8.173553907194378,0.5749732246310163,7.012130144404773e-10,0.004020195678998429,34.92432298072388,-8.163492842300219,0.29286332379931446,-1.7397516032441904,-18.568997868346166,-1.3487259251447668e-09,-3.863104753171116,26.576478449165027,3.042632652749846,-5.987560150695814,4.498943560168779,-24.331099291461825,1.2808886034631974,-2.5536602172912666,7.54084512268656e-10,-3.3546286710513587e-09,32.476567260203716,6.048607197442163,-6.462423869693568,4.9653021521856955,1.382725558318734,0.7035216999712035,4.154340358830963,1.0611581537471674e-09,-1.0472527602315522,34.18189782720529,-0.8751090715945022,2.1460605755456887,-9.75046268528738e-12,3.1258742116991233e-09,80.7240149339615,0.3305942090425891,15.219283842800412,3.545299119574198e-10,-5.486876369112872,4.91699691620701e-19
2014-11-25T15:21:21.746,6.36,3,-31.139503098666445,134.36989621549057,41388.79508415723,-3845687.4986206656,3931216.559923417,-3300544.5633607656,1965181.6662796936,5134637.252254222,-3303169.947022908,-5031.158854479397,-6172.357487887237,8735.020176181104,-8069.5658110639915,2143.025996743768,8746.879908033903,11819.946440469814,12092.078437033877,143.51422184817073,1.8666052604438188e-08,0.33286514825619706,12.158278770701184,8.230545897250362,0.563034167526124,7.012130144403782e-10,0.003917683890140744,34.77598760549156,-7.883499716032851,0.3798553929599182,-1.6734648261314922,-18.178504848452242,-1.2857702950911478e-09,-3.5511276873345774,27.097921978384797,2.9739884997037094,-6.150201313679222,4.262336991359034,-24.831377995804733,1.2170959738496558,-2.524683785165335,6.866231706344603e-10,-3.3915281084720926e-09,32.64471874335831,6.071692634146987,-6.592368446227306,5.1278857344599515,1.298357068614093,0.6926725949983885,4.253269911028437,1.070221763091364e-09,-0.9898024715601235,34.57227115421297,-0.8596696814478962,2.1277519527162445,1.1563348573800048e-11,3.1697238726127564e-09,80.40303631723323,0.3170074738018354,15.063745248456177,3.449851918879202e-10,-5.468998244037522,4.91699691620562e-19
2014-11-25T15:21:21.826,6.44,3,-31.134502821959085,134.3764537307935,40968.65475368173,-3846087.6863251547,3930725.584533326,-3299849.7179106404,1964539.6185228925,5134807.766176455,-3302474.1579907746,-4972.988047500565,-6101.387232212818,8635.371975736227,-7980.974829565282,2119.6528857115472,8647.101512956147,11684.484816940952,11956.640504816909,142.10052473566157,1.8666052604438188e-08,0.32312499167148473,12.12085569499719,8.442862266918567,0.5152860677920449,7.01213014440279e-10,0.0035151553452768772,34.31772299359932,-6.635652518693831,0.6940613887617963,-1.423845048848414,-16.70544980270388,-1.025629767455839e-09,-2.1472861529483267,29.085523606127325,2.6523515465346446,-6.773685173809449,3.153076884705154,-26.7391236611517,0.9810283514341994,-2.38227551136106,4.098017380195909e-10,-3.5258439213361907e-09,33.357266804463904,6.154354521839511,-7.093782569185387,5.7523393865219,0.9096634518558991,0.6423823047620476,4.6543647465675955,1.10296014963818e-09,-0.7051646455378776,36.042045130190495,-0.8042655050597709,2.024815935599042,9.852421700240659e-11,3.330256548488365e-09,79.24015298088258,0.26551973166058784,14.292343934861204,3.061526368118181e-10,-5.350974499056777,4.916996916204229e-19
