outputs/DTFrag_triangulation/DN141125_01_triangulation_all_timesteps.ecsv
# %ECSV 0.9
# ---
# datatype:
# - {name: datetime, datatype: string}
# - {name: t_rel, unit: s, datatype: float64}
# - {name: no_cams, datatype: int64}
# - {name: latitude, unit: deg, datatype: float64}
# - {name: longitude, unit: deg, datatype: float64}
# - {name: height, unit: m, datatype: float64}
# - {name: X_geo, unit: m, datatype: float64}
# - {name: Y_geo, unit: m, datatype: float64}
# - {name: Z_geo, unit: m, datatype: float64}
# - {name: X_eci, unit: m, datatype: float64}
# - {name: Y_eci, unit: m, datatype: float64}
# - {name: Z_eci, unit: m, datatype: float64}
# - {name: DX_DT_geo, unit: m / s, datatype: float64}
# - {name: DY_DT_geo, unit: m / s, datatype: float64}
# - {name: DZ_DT_geo, unit: m / s, datatype: float64}
# - {name: DX_DT_eci, unit: m / s, datatype: float64}
# - {name: DY_DT_eci, unit: m / s, datatype: float64}
# - {name: DZ_DT_eci, unit: m / s, datatype: float64}
# - {name: D_DT_geo, unit: m / s, datatype: float64}
# - {name: D_DT_eci, unit: m / s, datatype: float64}
# - {name: beta, unit: kg / m2, datatype: float64}
# - {name: sigma, unit: s2 / m2, datatype: float64}
# - {name: mass_est, unit: kg, datatype: float64}
# - {name: pos_err, unit: m, datatype: float64}
# - {name: D_DT_err, unit: m / s, datatype: float64}
# - {name: beta_err, unit: kg / m2, datatype: float64}
# - {name: sigma_err, unit: s2 / m2, datatype: float64}
# - {name: mass_err, unit: kg, datatype: float64}
# - {name: c11, datatype: float64}
# - {name: c36, datatype: float64}
# - {name: c12, datatype: float64}
# - {name: c37, datatype: float64}
# - {name: c13, datatype: float64}
# - {name: c38, datatype: float64}
# - {name: c14, datatype: float64}
# - {name: c44, datatype: float64}
# - {name: c15, datatype: float64}
# - {name: c45, datatype: float64}
# - {name: c16, datatype: float64}
# - {name: c46, datatype: float64}
# - {name: c17, datatype: float64}
# - {name: c47, datatype: float64}
# - {name: c18, datatype: float64}
# - {name: c48, datatype: float64}
# - {name: c22, datatype: float64}
# - {name: c55, datatype: float64}
# - {name: c23, datatype: float64}
# - {name: c56, datatype: float64}
# - {name: c24, datatype: float64}
# - {name: c57, datatype: float64}
# - {name: c25, datatype: float64}
# - {name: c58, datatype: float64}
# - {name: c26, datatype: float64}
# - {name: c66, datatype: float64}
# - {name: c27, datatype: float64}
# - {name: c67, datatype: float64}
# - {name: c28, datatype: float64}
# - {name: c68, datatype: float64}
# - {name: c33, datatype: float64}
# - {name: c77, datatype: float64}
# - {name: c34, datatype: float64}
# - {name: c78, datatype: float64}
# - {name: c35, datatype: float64}
# - {name: c88, datatype: float64}
# delimiter: ','
# meta: !!omap
# - {triangulation_method: LS}
# - {triangulation_frame: ECI}
# - {triangulation_t0: '2014-11-25T15:21:15.386'}
# - {triangulation_radiant_inf_time: '2014-11-25T15:21:15.386'}
# - {triangulation_ra_eci_inf: -14.990408053400841}
# - {triangulation_ra_eci_inf_err: 0.014461997208029681}
# - {triangulation_dec_eci_inf: -46.311376059660596}
# - {triangulation_dec_eci_inf_err: 0.012272670555954584}
# - {triangulation_ra_ecef_inf: 50.699608715382354}
# - {triangulation_ra_ecef_inf_err: 0.014461997208029681}
# - {triangulation_dec_ecef_inf: -47.4163028700069}
# - {triangulation_dec_ecef_inf_err: 0.012272670555954584}
[...]
# - {triangulation_azimuth_inf_err: 0.012707209646413729}
# - {triangulation_radiant_end_time: '2014-11-25T15:21:24.626'}
# - {triangulation_ra_eci_end: -15.133745674689534}
# - {triangulation_ra_eci_end_err: 0.013798606076358362}
# - {triangulation_dec_eci_end: -44.629095184238395}
# - {triangulation_dec_eci_end_err: 0.01765927412224618}
# - {triangulation_ra_ecef_end: 50.92756634194834}
# - {triangulation_ra_ecef_end_err: 0.013798606076358362}
# - {triangulation_dec_ecef_end: -47.82490514245277}
# - {triangulation_dec_ecef_end_err: 0.01765927412224618}
# - {triangulation_slope_end: 25.860544517550643}
# - {triangulation_slope_end_err: 0.012342776398595772}
# - {triangulation_azimuth_end: -128.19694509144742}
# - {triangulation_azimuth_end_err: 0.01777845646780749}
# - {triangulation_file_0: 36_2014-11-25_152058_DSC_0594-G_DN141125_01_2018-04-26_163106_martin_nocomment.ecsv}
# - {triangulation_file_1: 38_2014-11-25_152058_DSC_0559-G_DN141125_01_2018-04-26_163331_martin_nocomment.ecsv}
# - {triangulation_file_2: 40_2014-11-25_152058_DSC_0617-G_DN141125_01_2018-04-26_163631_martin_nocomment.ecsv}
# - {telescope: multiple_telescopes_0}
# - {astropy_version: 3.0.1}
# - {numpy_version: 1.14.2}
# - {scipy_version: 1.0.1}
# - {event_codename: DN141125_01}
# schema: astropy-2.0
datetime,t_rel,no_cams,latitude,longitude,height,X_geo,Y_geo,Z_geo,X_eci,Y_eci,Z_eci,DX_DT_geo,DY_DT_geo,DZ_DT_geo,DX_DT_eci,DY_DT_eci,DZ_DT_eci,D_DT_geo,D_DT_eci,beta,sigma,mass_est,pos_err,D_DT_err,beta_err,sigma_err,mass_err,c11,c36,c12,c37,c13,c38,c14,c44,c15,c45,c16,c46,c17,c47,c18,c48,c22,c55,c23,c56,c24,c57,c25,c58,c26,c66,c27,c67,c28,c68,c33,c77,c34,c78,c35,c88
[from data line 14]
2014-11-25T15:21:16.046,0.66,1,-31.544246950588317,133.8333410416765,76015.48843582388,-3812871.440030714,3971396.9340836843,-3357237.134154652,2017430.7504438304,5120723.036155933,-3359939.3082839786,-5953.298979435538,-7276.384651356076,10238.145887426566,-9453.322314431754,2528.4562560780205,10252.040164807966,13899.898328594638,14172.60460749079,242.3291244572192,1.8666052604438188e-08,1.6025085077011547,33.123214209583296,7.734412887077695,1.6673782042880587,7.012130144517806e-10,0.03307882736644147,139.03687178241822,-165.7401036385027,30.699454068821492,15.58071497166226,-211.53120993123048,5.416994211092476e-09,-32.43167900528877,12.218018306369416,-3.718687944535314,-0.4429494626629593,45.4095811088716,-17.317997601781745,-4.257192165645841,3.9492709043741994,-1.3205431897093974e-09,1.5104297450306629e-09,142.00906404815086,5.905490033309509,-43.24126832151078,0.970488520888212,-4.659750182024477,-0.6332506640574932,-25.555675256516295,-1.7358907108561547e-10,6.075187506673655,41.697634368114585,-1.4274939909614357,-6.608054649326149,-6.837396920493625e-10,-2.512843416709094e-09,816.1013837433717,2.780150076134871,58.92707476973254,1.1541988490832182e-09,1.7560626528630467,4.91699691636553e-19
2014-11-25T15:21:16.126,0.74,1,-31.538445397959492,133.84111152690227,75510.32154093114,-3813347.655390489,3970814.866447724,-3356418.101780466,2016674.5340898635,5120925.285617315,-3359119.164470832,-5952.248375879566,-7275.461778893489,10237.64981838502,-9452.075093987067,2527.777283441557,10251.542258972711,13898.59988013828,14171.29141132018,242.30360304371388,1.8666052604438188e-08,1.6020022461212933,32.58426580820832,7.73082839648282,1.66643160478542,7.012130144516814e-10,0.0330530847293112,133.92570225860905,-162.39694326774054,30.025910908965017,15.044148920451198,-203.29486551550696,5.216134084087011e-09,-31.457553068249837,12.198592152316868,-3.7520984258122163,-0.4356393866318585,44.027133699281116,-17.294123677787727,-3.939551692799401,3.938540859662466,-1.1998544675377402e-09,1.5068063591031073e-09,137.95840377405145,5.901850373569751,-42.608070291830366,0.961817591032178,-4.707401580107028,-0.6308922824604565,-25.077776446924847,-1.7265835073793818e-10,6.166480153116252,41.665265169978504,-1.4765607161990781,-6.594527726522851,-6.975893697507669e-10,-2.5086800129388676e-09,789.8502722273132,2.77699429342771,57.54273697505252,1.1535274169343207e-09,1.8318139998830387,4.916996916364139e-19
2014-11-25T15:21:16.146,0.76,1,-31.536994845306907,133.84305404596827,75384.05630637713,-3813466.6988548,3970669.3584239255,-3356213.3501265836,2016485.495792543,5120975.839442899,-3358914.134967939,-5951.979234476241,-7275.223090001803,10237.514617135283,-9451.753342502783,2527.6049360693833,10251.406566483456,13898.260083657606,14170.947905898709,242.29690504628422,1.8666052604438188e-08,1.6018693973706386,32.449976993571106,7.729882543853216,1.6661832907418634,7.012130144515822e-10,0.03304633243259779,132.6722523268148,-161.56152898246637,29.856516070681607,14.910125210837073,-201.2703558179551,5.1659718752572774e-09,-31.21438241949628,12.19347399826074,-3.760318610583524,-0.43372493636920767,43.68194966807381,-17.287820693349442,-3.8602804107377957,3.9357225862753076,-1.1697282540658168e-09,1.505853728896453e-09,136.95768508585132,5.900898679491783,-42.44768675670294,0.9595423678351419,-4.719283559987242,-0.6302724788852562,-24.9583093480562,-1.72413662653804e-10,6.189261930639919,41.65671146401414,-1.4887779835753236,-6.5909756212685195,-7.010399774436831e-10,-2.5075854050898063e-09,783.3710694706281,2.776166758347385,57.19699543272706,1.1533512783607959e-09,1.8506172201136386,4.916996916362749e-19
2014-11-25T15:21:16.226,0.84,1,-31.531191994613962,133.85082351970826,74879.10314463211,-3813942.8181612734,3970087.375113633,-3355394.371921292,2015729.4081936292,5121178.019951101,-3358094.0454934374,-5950.8750595413885,-7274.234844794949,10236.926569160074,-9450.424445441246,2526.90457953459,10250.816548540446,13896.836767188284,14169.509831497242,242.2687754379476,1.8666052604438188e-08,1.6013115520978978,31.914674479278396,7.725823181026439,1.6651415340111335,7.012130144514831e-10,0.03301800287061332,127.7556020232669,-158.21976013641765,29.174929852079934,14.374599470408459,-193.31035098723734,4.965550260895295e-09,-30.242745152752587,12.171606538573986,-3.7927643476411204,-0.4257303963323149,42.30248011306136,-17.260694997108878,-3.543813520197524,3.9238405592259316,-1.049421167162256e-09,1.5018303036319053e-09,133.00260131308514,5.896951300024851,-41.797855856115525,0.9499762985780794,-4.766227531114167,-0.6276529629155696,-24.480594460238695,-1.7138018679484615e-10,6.279702203716269,41.619785985886665,-1.5374499576822194,-6.576012983763394,-7.147916489453796e-10,-2.502962612153043e-09,757.7882437819518,2.772696328288951,55.813967822147085,1.1526122216844677e-09,1.9256560378682144,4.916996916361358e-19
2014-11-25T15:21:16.246,0.86,1,-31.52974112536326,133.85276573276118,74752.89209778643,-3814061.834061555,3969941.891837343,-3355189.634956365,2015540.4031277078,5121228.556265427,-3357889.0307511524,-5950.591940386283,-7273.979070168715,10236.767327341251,-9450.081374268373,2526.7266508991092,10250.656808439464,13896.46434415474,14169.133726275018,242.26139673156194,1.8666052604438188e-08,1.6011652445777547,31.781324844613984,7.724749394607738,1.6648684147307182,7.012130144513839e-10,0.033010576324908926,126.5507282823687,-157.3846495436628,29.003549082641076,14.240858376742125,-191.3548924479967,4.915503647621711e-09,-30.000217344905366,12.165835045815896,-3.800737938799761,-0.423640220412215,41.95807194341343,-17.253513472431585,-3.464855052905854,3.920720199967117,-1.0193955602149082e-09,1.5007725332412928e-09,132.02576945227898,5.89592191555676,-41.633335145568516,0.9474677142145981,-4.777890098175215,-0.6269644078769266,-24.361184526967136,-1.7110849084114674e-10,6.302220585240731,41.60999624811995,-1.5495642023175755,-6.572084901243231,-7.182164176887841e-10,-2.5017472701639435e-09,751.4761111442306,2.7717868383679747,55.4685071526064,1.152418449679748e-09,1.9442931891994348,4.916996916359968e-19
2014-11-25T15:21:16.326,0.94,1,-31.52393704554609,133.86053376680638,74248.15852890599,-3814537.828373574,3969360.0220486945,-3354370.72053617,2014784.4528374255,5121430.665581234,-3357069.0052634655,-5949.4295480790815,-7272.919438086162,10236.079055874143,-9448.663515429957,2526.0030072029085,10249.966429557046,13894.90494888516,14167.559607330464,242.23042717396376,1.8666052604438188e-08,1.6005512667688113,31.249893209236713,7.720199338207171,1.6637228019025543,7.012130144512848e-10,0.03297942792576856,121.82812851916736,-154.04558916088638,28.31412091270379,13.706511779306656,-183.67090425957488,4.715569019461995e-09,-29.031738572085732,12.141436053371935,-3.8320421147578103,-0.414894051400229,40.58240129984429,-17.223053707030765,-3.1497049075351704,3.9075997510107863,-8.995123505896472e-10,1.496318757488036e-09,128.16620451581835,5.891627396230203,-40.967045360336975,0.9369365529346946,-4.824189178549343,-0.6240660114545339,-23.88363843281081,-1.6996452275706197e-10,6.391861028897857,41.5684143720523,-1.5977930823868063,-6.555574843022642,-7.318591785855776e-10,-2.496630106494912e-09,726.5614925537132,2.767973561570486,54.0878934461351,1.1516056102607397e-09,2.0183274591287717,4.916996916358577e-19
2014-11-25T15:21:16.346,0.96,1,-31.522485878106796,133.86247564974292,74122.00317578009,-3814656.815200754,3969214.565274604,-3354166.000797644,2014595.4832216161,5121481.183803516,-3356864.0077847755,-5949.131183076495,-7272.645166721535,10235.893700846937,-9448.29726076738,2525.8190104391456,10249.780531320095,13894.497090918017,14167.148045444736,242.22230850420073,1.8666052604438188e-08,1.6003903384518248,31.117539212834984,7.718999574764399,1.6634226265593186,7.012130144511856e-10,0.032971267387555965,120.67167967126463,-153.21128347205834,28.140800647811133,13.573085010085471,-181.78435548650612,4.665650370388652e-09,-28.790073700760317,12.135014331243472,-3.839708822977379,-0.4126079893350702,40.23903062751616,-17.215018415065753,-3.071094703250864,3.904158029700492,-8.695981361867885e-10,1.4951491889796401e-09,127.21324966021685,5.890506910551355,-40.79843320887086,0.9341776006158077,-4.835689110730941,-0.6233052121804014,-23.76427199168025,-1.696641268080087e-10,6.414176564100818,41.55743319341815,-1.609790714368679,-6.551244934249691,-7.352553393935245e-10,-2.4952863204356617e-09,720.4163173308415,2.7669748345495027,53.74314424019723,1.1513926181283456e-09,2.0366824683541296,4.916996916357187e-19
2014-11-25T15:21:16.426,1.04,2,-31.516680642691377,133.8702424810662,73617.49569872823,-3815132.7018686295,3968632.794131707,-3353347.160548291,2013839.6794855108,5121683.219506958,-3356044.056715634,-5947.905335535651,-7271.508124315321,10235.096481081098,-9446.782744993468,2525.070069661003,10248.981076977683,13892.789793972837,14165.426086216072,242.18825452098284,1.8666052604438188e-08,1.599715437725379,30.590336661176423,7.713824144474849,1.662166664767022,7.012130144510865e-10,0.03293710934445756,116.14783391027244,-149.8724689323202,27.455227048175452,13.040385708484635,-174.3826362624679,4.466338502341335e-09,-27.82380577554975,12.107120273602757,-3.872533468438419,-0.4043177737848781,38.866221114234015,-17.17990526820629,-2.7576487790666406,3.8895883481718996,-7.50258258442721e-10,1.4901758813361336e-09,123.44277744673924,5.886549797575041,-40.1286447207193,0.9239917588735292,-4.873824344682619,-0.6200303427360545,-23.288226525376512,-1.6838656928374278e-10,6.494456547410784,41.50941286070534,-1.6577182958801018,-6.532942252979807,-7.487582196059263e-10,-2.4895730816154674e-09,696.1780856871027,2.762798021462725,52.362631288518614,1.1505013951883623e-09,2.113041223057613,4.916996916355796e-19
2014-11-25T15:21:16.486,1.1,2,-31.512326145620804,133.8760666694591,73239.2367031616,-3815489.5396114797,3968196.5380536625,-3352733.0742640207,2013272.9079843897,5121834.706497021,-3355429.137404261,-5946.950539509716,-7270.6118962130795,10234.43749520136,-9445.592668002502,2524.494183536201,10248.320318969023,13891.426453316937,14164.051718795865,242.16098544415658,1.8666052604438188e-08,1.5991751408589165,30.197104006547548,7.709687221591213,1.6611600612665103,7.012130144509873e-10,0.032909750554071096,112.85221579512012,-147.37214081047586,26.928752766957622,12.641461795607485,-168.9705163563239,4.317101665167566e-09,-27.102165208960724,12.085126094230391,-3.894435388203117,-0.3967170313734546,37.840183652391815,-17.15212866311653,-2.523260323989366,3.8779815481568667,-6.609674351769503e-10,1.4862182718473299e-09,120.6696820144388,5.882856219120009,-39.60857810209148,0.9147305374898178,-4.907414387847576,-0.6174569083833237,-22.930353684246253,-1.6737012083108649e-10,6.560290407544385,41.47129474141643,-1.693248246353026,-6.518355636139031,-7.588306642897054e-10,-2.4850260620193583e-09,678.343192572691,2.7594527491469565,51.33060752363566,1.1497870097275227e-09,2.167259082778628,4.916996916354406e-19
2014-11-25T15:21:16.526,1.14,2,-31.509422888010373,133.8799491917846,72987.12309324929,-3815727.4069933784,3967905.7236053655,-3352323.706062067,2012895.1006118169,5121935.678463831,-3355019.2139282,-5946.2962699945865,-7269.992814158326,10233.967704608105,-9444.772273339036,2524.10319222054,10247.849320961937,13890.476227524632,14163.094150832712,242.14194475611566,1.8666052604438188e-08,1.598797949618078,29.936062998057217,7.706757742145393,1.6604577205837745,7.012130144508881e-10,0.03289066338883193,110.70318431012699,-145.70580287183412,26.575931707848312,12.375939646784847,-165.43096715381805,4.217766271810908e-09,-26.622021065494458,12.06960400051538,-3.9087011371175184,-0.39143729404019517,37.157322139386835,-17.132432151218584,-2.367442481542421,3.8698576517082284,-6.015758688951754e-10,1.4834437537998954e-09,118.84480917094481,5.880302790250345,-39.25787873966442,0.9082642707853381,-4.929423486594864,-0.6156527430378133,-22.691876867699694,-1.6665752987819265e-10,6.603718738544491,41.44420810535223,-1.7167993653300042,-6.508152031170354,-7.655107753116316e-10,-2.4818384016318595e-09,666.6198743425786,2.757119841846264,50.64304465862783,1.149288507352622e-09,2.203182707125722,4.916996916353015e-19
2014-11-25T15:21:16.586,1.2,2,-31.505067630662378,133.88577237883453,72609.04274992298,-3816084.1582827647,3967469.549236625,-3351709.6902703764,2012328.4522030626,5122087.106796537,-3354404.3653041003,-5945.28714747376,-7269.030263214567,10233.215360573959,-9443.49940040034,2523.505643380445,10247.095084333238,13888.986170679727,14161.593106882465,242.1120358654066,1.8666052604438188e-08,1.5982055817776217,29.546226173883433,7.702105349626858,1.6593554081453272,7.01213014450789e-10,0.03286070929069826,107.55153960308525,-143.20750445358684,26.043999097210975,11.978334594717028,-160.22427763416292,4.0690086155539065e-09,-25.90341337583669,12.045026138932554,-3.9295475555037407,-0.38318549434918187,36.13499780944665,-17.10112188434987,-2.1344136749504243,3.8570770720927614,-5.127021411147383e-10,1.479072218642444e-09,116.14327041985767,5.876327266077653,-38.72590410459266,0.8981141958392165,-4.961880117709049,-0.6128106944948221,-22.33431594548167,-1.6553478653902949e-10,6.668187841372003,41.40107341174045,-1.7519111960446203,-6.492106955038346,-7.754760683882383e-10,-2.4768159601656685e-09,649.2846710953316,2.7534603705411453,49.61270494735752,1.14850604556534e-09,2.2566496529245317,4.916996916351625e-19
2014-11-25T15:21:16.626,1.24,2,-31.502163888876293,133.8896540914799,72357.0501382777,-3816321.958410849,3967178.7989404225,-3351300.3722104714,2011950.7296788103,5122188.038929359,-3353994.49209937,-5944.596246120667,-7268.366436334704,10232.682599708438,-9442.623167953523,2523.100044628364,10246.56103666404,13887.9504740118,14160.550102494532,242.09121566090354,1.8666052604438188e-08,1.5977933085228484,29.287529029051104,7.698632761549965,1.6585902285271426,7.012130144506899e-10,0.03283990740623174,105.49844911776569,-141.5375744336041,25.68766325865998,11.713904941023044,-156.82182519053688,3.970006599849549e-09,-25.423932440933868,12.026929827140986,-3.9434850941681323,-0.37758876426071425,35.45312394899262,-17.077558244663454,-1.9796003923750072,3.8480895935301866,-4.5360074046680377e-10,1.4759885780233651e-09,114.36604276933284,5.873704758239893,-38.36735781351014,0.8910438501931728,-4.981733564219657,-0.6107956221129728,-22.096414711493313,-1.647426647880124e-10,6.709112438698474,41.36831181182957,-1.7752168026033086,-6.480855860741055,-7.820817175104606e-10,-2.473273787046088e-09,637.8948647404126,2.750921546165719,48.921826756876,1.1479626043093244e-09,2.2932577117844644,4.916996916350234e-19
