outputs/DTFrag_triangulation/DN141125_01_triangulation_all_timesteps.ecsv
# %ECSV 0.9
# ---
# datatype:
# - {name: datetime, datatype: string}
# - {name: t_rel, unit: s, datatype: float64}
# - {name: no_cams, datatype: int64}
# - {name: latitude, unit: deg, datatype: float64}
# - {name: longitude, unit: deg, datatype: float64}
# - {name: height, unit: m, datatype: float64}
# - {name: X_geo, unit: m, datatype: float64}
# - {name: Y_geo, unit: m, datatype: float64}
# - {name: Z_geo, unit: m, datatype: float64}
# - {name: X_eci, unit: m, datatype: float64}
# - {name: Y_eci, unit: m, datatype: float64}
# - {name: Z_eci, unit: m, datatype: float64}
# - {name: DX_DT_geo, unit: m / s, datatype: float64}
# - {name: DY_DT_geo, unit: m / s, datatype: float64}
# - {name: DZ_DT_geo, unit: m / s, datatype: float64}
# - {name: DX_DT_eci, unit: m / s, datatype: float64}
# - {name: DY_DT_eci, unit: m / s, datatype: float64}
# - {name: DZ_DT_eci, unit: m / s, datatype: float64}
# - {name: D_DT_geo, unit: m / s, datatype: float64}
# - {name: D_DT_eci, unit: m / s, datatype: float64}
# - {name: beta, unit: kg / m2, datatype: float64}
# - {name: sigma, unit: s2 / m2, datatype: float64}
# - {name: mass_est, unit: kg, datatype: float64}
# - {name: pos_err, unit: m, datatype: float64}
# - {name: D_DT_err, unit: m / s, datatype: float64}
# - {name: beta_err, unit: kg / m2, datatype: float64}
# - {name: sigma_err, unit: s2 / m2, datatype: float64}
# - {name: mass_err, unit: kg, datatype: float64}
# - {name: c11, datatype: float64}
# - {name: c36, datatype: float64}
# - {name: c12, datatype: float64}
# - {name: c37, datatype: float64}
# - {name: c13, datatype: float64}
# - {name: c38, datatype: float64}
# - {name: c14, datatype: float64}
# - {name: c44, datatype: float64}
# - {name: c15, datatype: float64}
# - {name: c45, datatype: float64}
# - {name: c16, datatype: float64}
# - {name: c46, datatype: float64}
# - {name: c17, datatype: float64}
# - {name: c47, datatype: float64}
# - {name: c18, datatype: float64}
# - {name: c48, datatype: float64}
# - {name: c22, datatype: float64}
# - {name: c55, datatype: float64}
# - {name: c23, datatype: float64}
# - {name: c56, datatype: float64}
# - {name: c24, datatype: float64}
# - {name: c57, datatype: float64}
# - {name: c25, datatype: float64}
# - {name: c58, datatype: float64}
# - {name: c26, datatype: float64}
# - {name: c66, datatype: float64}
# - {name: c27, datatype: float64}
# - {name: c67, datatype: float64}
# - {name: c28, datatype: float64}
# - {name: c68, datatype: float64}
# - {name: c33, datatype: float64}
# - {name: c77, datatype: float64}
# - {name: c34, datatype: float64}
# - {name: c78, datatype: float64}
# - {name: c35, datatype: float64}
# - {name: c88, datatype: float64}
# delimiter: ','
# meta: !!omap
# - {triangulation_method: LS}
# - {triangulation_frame: ECI}
# - {triangulation_t0: '2014-11-25T15:21:15.386'}
# - {triangulation_radiant_inf_time: '2014-11-25T15:21:15.386'}
# - {triangulation_ra_eci_inf: -14.990408053400841}
# - {triangulation_ra_eci_inf_err: 0.014461997208029681}
# - {triangulation_dec_eci_inf: -46.311376059660596}
# - {triangulation_dec_eci_inf_err: 0.012272670555954584}
# - {triangulation_ra_ecef_inf: 50.699608715382354}
# - {triangulation_ra_ecef_inf_err: 0.014461997208029681}
# - {triangulation_dec_ecef_inf: -47.4163028700069}
# - {triangulation_dec_ecef_inf_err: 0.012272670555954584}
[...]
# - {triangulation_azimuth_inf_err: 0.012707209646413729}
# - {triangulation_radiant_end_time: '2014-11-25T15:21:24.626'}
# - {triangulation_ra_eci_end: -15.133745674689534}
# - {triangulation_ra_eci_end_err: 0.013798606076358362}
# - {triangulation_dec_eci_end: -44.629095184238395}
# - {triangulation_dec_eci_end_err: 0.01765927412224618}
# - {triangulation_ra_ecef_end: 50.92756634194834}
# - {triangulation_ra_ecef_end_err: 0.013798606076358362}
# - {triangulation_dec_ecef_end: -47.82490514245277}
# - {triangulation_dec_ecef_end_err: 0.01765927412224618}
# - {triangulation_slope_end: 25.860544517550643}
# - {triangulation_slope_end_err: 0.012342776398595772}
# - {triangulation_azimuth_end: -128.19694509144742}
# - {triangulation_azimuth_end_err: 0.01777845646780749}
# - {triangulation_file_0: 36_2014-11-25_152058_DSC_0594-G_DN141125_01_2018-04-26_163106_martin_nocomment.ecsv}
# - {triangulation_file_1: 38_2014-11-25_152058_DSC_0559-G_DN141125_01_2018-04-26_163331_martin_nocomment.ecsv}
# - {triangulation_file_2: 40_2014-11-25_152058_DSC_0617-G_DN141125_01_2018-04-26_163631_martin_nocomment.ecsv}
# - {telescope: multiple_telescopes_0}
# - {astropy_version: 3.0.1}
# - {numpy_version: 1.14.2}
# - {scipy_version: 1.0.1}
# - {event_codename: DN141125_01}
# schema: astropy-2.0
datetime,t_rel,no_cams,latitude,longitude,height,X_geo,Y_geo,Z_geo,X_eci,Y_eci,Z_eci,DX_DT_geo,DY_DT_geo,DZ_DT_geo,DX_DT_eci,DY_DT_eci,DZ_DT_eci,D_DT_geo,D_DT_eci,beta,sigma,mass_est,pos_err,D_DT_err,beta_err,sigma_err,mass_err,c11,c36,c12,c37,c13,c38,c14,c44,c15,c45,c16,c46,c17,c47,c18,c48,c22,c55,c23,c56,c24,c57,c25,c58,c26,c66,c27,c67,c28,c68,c33,c77,c34,c78,c35,c88
2014-11-25T15:21:15.386,0.0,1,-31.592065289419736,133.76920413331374,80189.2219887091,-3808939.7095450643,3976201.483835051,-3363995.1258670106,2023672.8631294786,5119052.531086185,-3366706.4743985836,-5960.687402573274,-7282.4354517096,10240.043582308572,-9461.661255482508,2533.5468568312313,10253.950236881794,13907.629308659743,14180.457991535619,242.4773649081041,1.8666052604438188e-08,1.6054512237468919,37.66472661548389,7.753791936540844,1.672899000890693,7.012130144531687e-10,0.03322897066127535,187.1803306270512,-193.3648379350238,36.00118199986477,20.02798147497351,-287.9549705463734,7.084181068446381e-09,-40.526079539879134,12.324668783861469,-3.419713900380857,-0.48613891420615135,56.88272960899998,-17.445832865215277,-6.903232694481958,4.0107970014169405,-2.325006052189802e-09,1.5310507588106202e-09,178.34537736541114,5.9274414389075325,-47.94779925801274,1.0206217623534546,-4.260355152468612,-0.6466694079611901,-29.499680067671182,-1.788862973721905e-10,5.314023327291818,41.8691791723968,-1.0133343015224348,-6.685845799391902,-5.672240762124492e-10,-2.5365425363065163e-09,1053.1059230266783,2.798591067181079,70.39082176595906,1.158113169915735e-09,1.1102200058006215,4.916996916384997e-19
2014-11-25T15:21:15.426,0.04,1,-31.589169633775377,133.7730925233346,79935.97284318834,-3809178.131552974,3975910.1901595043,-3363585.5245962306,2023294.4051738547,5119153.867212749,-3366296.3168888143,-5960.291674627514,-7282.132380606485,10240.017836783547,-9461.235301943458,2533.2591504327033,10253.923877225541,13907.28205484295,14180.103322681687,242.47091804535282,1.8666052604438188e-08,1.6053231724314712,37.38524704323896,7.753009763546062,1.6726579137253528,7.012130144530695e-10,0.03322241525004594,183.9579557880774,-191.68891041040155,35.69311285212323,19.757745608768005,-282.89191852568325,6.9827396356891105e-09,-40.033336708464496,12.32029967178684,-3.4387705048830925,-0.4842366984172793,56.18488798484432,-17.440732373225103,-6.741909775943351,4.008160100272101,-2.263781646393098e-09,1.5301735921340567e-09,175.9949639641543,5.9264555596894475,-47.68910410849545,1.0184578471654717,-4.284550232533229,-0.6460987863426679,-29.260671287974194,-1.7866095387601912e-10,5.360163384849316,41.86240516216428,-1.0388108272229346,-6.6825014406426515,-5.743749956197003e-10,-2.5355341096352267e-09,1037.7037767317759,2.79778449634805,69.69427094640899,1.1579422979260799e-09,1.1502598414352663,4.916996916383607e-19
2014-11-25T15:21:15.446,0.06,1,-31.5877216828715,133.77503666452432,79809.36204985947,-3809297.336573029,3975764.5478927023,-3363380.724402958,2023105.1826349576,5119204.5309474375,-3366091.2385851606,-5960.091813572,-7281.978302087513,10240.001458934974,-9461.019186396617,2533.1144744858398,10253.907168846512,13907.103663138192,14179.921199130004,242.46759439145677,1.8666052604438188e-08,1.6052571587562239,37.245690397934524,7.752607616303849,1.6725336221461884,7.012130144529704e-10,0.03321903585032531,182.36154768112462,-190.85112633655336,35.538429501310844,19.622647347630846,-280.38130457784416,6.932034309708064e-09,-39.78708015169584,12.31805177519488,-3.448253246440486,-0.4832551523322169,55.83609699838527,-17.438111314715478,-6.6612819500931755,4.006800752283529,-2.233182818975788e-09,1.5297212876121654e-09,174.82692800096487,5.9259465286759525,-47.55846403170674,1.0173419967521256,-4.296684385505073,-0.645804710398684,-29.141156217749547,-1.7854476201748218e-10,5.383274350678143,41.85892654850162,-1.0515335795649232,-6.6807772833820405,-5.77947017753416e-10,-2.5350141242683157e-09,1030.0529775367022,2.797368717209449,69.34616835538438,1.1578542070027882e-09,1.1702163204710156,4.916996916382216e-19
2014-11-25T15:21:15.526,0.14,1,-31.581929065406392,133.78281269221557,79303.01164834268,-3809774.104664163,3975182.0214211037,-3362561.527687206,2022348.336379581,5119407.156773548,-3365270.929473766,-5959.27778554281,-7281.344544014929,10239.911327920854,-9460.13282809085,2532.530031615146,10253.815713703047,13906.356607595026,14179.159290195534,242.45360052440523,1.8666052604438188e-08,1.6049792355286343,36.68871352115681,7.750885978885407,1.6720108601174322,7.012130144528712e-10,0.03320481988631132,176.07434748342752,-187.500188982698,34.915366725671866,19.082431674479952,-270.4781228763528,6.729322139018974e-09,-38.802539443324555,12.30845667769689,-3.4859467711284515,-0.47912925434625653,54.4414798832873,-17.426859142416966,-6.339022825002335,4.0010555843675455,-2.1108825326996553e-09,1.5278066615456247e-09,170.20260009636328,5.923815986436372,-47.0272910054971,1.0126323495345007,-4.345223114796841,-0.6445595761811252,-28.663089501661982,-1.780528968140089e-10,5.475718884390067,41.84396079354912,-1.1023232563738656,-6.673495700960508,-5.922107069306258e-10,-2.532813218529098e-09,999.7847522577235,2.795620316350635,67.95402961559799,1.1574836778924965e-09,1.2498419493797337,4.916996916380826e-19
2014-11-25T15:21:15.586,0.2,1,-31.577583758081907,133.78864443804227,78923.34693210386,-3810131.646182913,3974745.1520494362,-3361947.1357425367,2021780.74899833,5119559.095256358,-3364655.7033147705,-5958.651465102053,-7280.849809691982,10239.816544101108,-9459.44386209926,2532.0853577399157,10253.719905418806,13905.759385617937,14178.550925178148,242.44233227222924,1.8666052604438188e-08,1.6047554673081692,36.27233149476772,7.749479347637595,1.6715902437245005,7.01213014452772e-10,0.033193381175328135,171.4622358958264,-184.9874929120725,34.44355860706792,18.677463550737315,-263.1969045342586,6.577408259528703e-09,-38.06476605227397,12.300637885053934,-3.513934472561611,-0.47581828352811634,53.39623100912213,-17.417643043874126,-6.097607318486157,3.9964148163018702,-2.0192619277187765e-09,1.5262577678373622e-09,166.78455142448675,5.922112755948816,-46.619905596505866,1.0088383462043429,-4.381645957266891,-0.643552096114587,-28.304527560488765,-1.776549906654488e-10,5.545070746433085,41.83167951845886,-1.1403025610840518,-6.667617567362814,-6.028815870874583e-10,-2.531032867211077e-09,977.4352447460049,2.7942139429149346,66.91047632905548,1.1571855292727727e-09,1.3092797931010933,4.916996916379435e-19
2014-11-25T15:21:15.626,0.24,1,-31.57468648983588,133.79253206995102,78670.28439257969,-3810369.986166615,3974453.922556566,-3361537.544575175,2021402.3806483669,5119660.37268448,-3364245.5560416766,-5958.225855197996,-7280.5103106201,10239.73962388141,-9458.972340701454,2531.785708562467,10253.6422943477,13905.342616760025,14178.126706891579,242.43443005639278,1.8666052604438188e-08,1.6045985552216309,35.9954096603931,7.748480801269212,1.6712953797406567,7.012130144526729e-10,0.03318536254594663,168.4366722510026,-183.31255812566295,34.12686843303306,18.407587960032608,-258.41237955372003,6.476192766650491e-09,-37.57322258822814,12.295102051277487,-3.532455049096702,-0.4735005182753255,52.699748724590634,-17.411088435687567,-5.936806924865987,3.993155251003404,-1.958234092349579e-09,1.5251689895719438e-09,164.52976037086512,5.9209241135002655,-46.34401668710212,1.006173473216622,-4.405938231194419,-0.6428437183195574,-28.065480287572036,-1.7737529403946468e-10,5.591314225760514,41.822928562859815,-1.1655648279058513,-6.663490622585154,-6.09981999704239e-10,-2.529781429931745e-09,962.7030839976533,2.793228246342466,66.21499270742018,1.1569765042334816e-09,1.3487798100891626,4.9169969163780445e-19
2014-11-25T15:21:15.686,0.3,1,-31.570340001618774,133.79836304075377,78290.76210693504,-3810727.4521746044,3974017.1153466227,-3360923.1642141966,2020834.8640194677,5119812.266213608,-3363630.3415516834,-5957.574887829945,-7279.985447571702,10239.602572967764,-9458.245756703782,2531.3311770607766,10253.504154198155,13904.687968929247,14177.460906746448,242.42196014788783,1.8666052604438188e-08,1.6043509645474867,35.58105514802239,7.746884016811891,1.6708304451703648,7.012130144525737e-10,0.03317271795016962,163.97201840294366,-180.80046553105774,33.6486235261407,18.002949197406277,-251.3399423187018,6.3244673114128485e-09,-36.8364032246447,12.286272255979513,-3.560016121458806,-0.46985034810658693,51.65559606884217,-17.40058549738075,-5.695840546554232,3.98799739448511,-1.8667774311915946e-09,1.5234439323362699e-09,161.18343449587164,5.919058790139881,-45.92375451008771,1.0019617706040254,-4.44235859245006,-0.641721201922668,-27.706909494482645,-1.7693213939474057e-10,5.660653978299797,41.808880923816155,-1.2033672831722857,-6.656963957648719,-6.206107548103949e-10,-2.52779877541097e-09,940.8560325477955,2.7916743765081997,65.17210793944106,1.1566468978646973e-09,1.407835000972156,4.916996916376654e-19
2014-11-25T15:21:15.726,0.34,1,-31.567441956446828,133.80225025457165,78037.79536921633,-3810965.748747152,3973725.9208169067,-3360513.5821942487,2020456.5441233353,5119913.513335738,-3363220.203504803,-5957.13203124596,-7279.624773477611,10239.496072762646,-9457.747921275302,2531.024632983553,10253.39692442364,13904.230964150704,14176.996505781364,242.41321731701356,1.8666052604438188e-08,1.60417739038017,35.305523851938,7.74576367867528,1.67050453147534,7.012130144524746e-10,0.03316385504362861,161.0447021324749,-179.12634529508193,33.32766557343163,17.733302414737494,-246.6945742316547,6.223384181864464e-09,-36.34566052116727,12.2800800113505,-3.578206988921513,-0.4672917841082715,50.96003847094247,-17.39321655172679,-5.535355915932009,3.984381234567953,-1.8058647757236005e-09,1.522233873441351e-09,158.97645351467932,5.917751467777384,-45.63929901351391,0.9990082188233446,-4.466712085213672,-0.6409342218240989,-27.467839670966715,-1.7662130358511553e-10,5.706958074277461,41.79902348675732,-1.2285029728202623,-6.652388273138715,-6.276815606350863e-10,-2.526408016915711e-09,926.4588588126088,2.790585389679645,64.47742967237086,1.1564158455962647e-09,1.4469829744250038,4.916996916375263e-19
2014-11-25T15:21:15.786,0.4,1,-31.56309431849486,133.80808074473217,77658.41820609164,-3811323.160016667,3973289.156511768,-3359899.2177831354,2019889.102160442,5120065.360885678,-3362605.0050887084,-5956.453879308741,-7279.066790841463,10239.312487651594,-9456.979949986353,2530.559257881744,10253.212188508538,13903.51309495701,14176.267495877571,242.39942519117847,1.8666052604438188e-08,1.6039035964275112,34.893312852358044,7.743971545877987,1.6699907824701767,7.012130144523754e-10,0.03314988333687915,156.72728828897118,-176.6154915820664,32.84304140376249,17.32903912977995,-239.8307285355392,6.071868098115486e-09,-35.61010523132537,12.270202236061603,-3.6052499182409274,-0.46326523663310326,49.917348783602556,-17.381404493689857,-5.294895396397388,3.978660660146253,-1.7145903065031497e-09,1.5203171248347288e-09,155.70184589526838,5.9157017571315915,-45.206212539782264,0.9943423246741567,-4.50318974496819,-0.639687399190795,-27.10924488179079,-1.7612893125596238e-10,5.7763483455106845,41.78319131017472,-1.2661062137569385,-6.645154002471609,-6.382635225291216e-10,-2.5242051573133044e-09,905.1141476282953,2.7888692135353534,63.43576708107248,1.156051604588079e-09,1.5054980272153613,4.916996916373873e-19
2014-11-25T15:21:15.826,0.44,1,-31.56019551822297,133.8119675107066,77405.54919326995,-3811561.4113831595,3972997.9991730694,-3359489.6479889615,2019510.833441175,5120166.57698834,-3362194.8793335166,-5955.9920656416425,-7278.6829683322885,10239.173466057982,-9456.453193001733,2530.245136883105,10253.0723901527,13903.011922152069,14175.758917316027,242.3897583660371,1.8666052604438188e-08,1.6037117143227826,34.61924987501693,7.7426897698039,1.6696309990810982,7.012130144522762e-10,0.03314009811973127,153.89804306459322,-174.94155782680662,32.51784848959254,17.059683697532083,-235.32430908282493,5.970932147881518e-09,-35.120048288231764,12.263166198313648,-3.623132299841312,-0.46045536051073327,49.22259034519623,-17.37293056671701,-5.1347769914375165,3.9746375057656906,-1.6538056894475841e-09,1.5189672291753043e-09,153.54267821979928,5.9142793309631445,-44.913231376404276,0.9910677106254812,-4.527397308119007,-0.6388086523601407,-26.87020772089703,-1.7578216269927743e-10,5.822477875527277,41.77179934214919,-1.2911076609281702,-6.6400702699262135,-6.453014688817915e-10,-2.5226538644826874e-09,891.0517406244676,2.787667673092546,62.74133874154401,1.1557964947162744e-09,1.5444290572027441,4.916996916372482e-19
2014-11-25T15:21:15.886,0.5,1,-31.555846765588782,133.817797136588,77026.32018384198,-3811918.7417073655,3972561.303659372,-3358875.3044424388,2018943.4705107587,5120318.377415178,-3361579.7019085856,-5955.284098318592,-7278.0885257360005,10238.938683383167,-9455.639726891848,2529.7678440124846,10252.836411030223,13902.22452135688,14174.96040420297,242.3745127768667,1.8666052604438188e-08,1.6034091273776174,34.2093039703617,7.7406433859308095,1.6690640323566615,7.012130144521772e-10,0.03312467725666479,149.72760479499735,-172.4310939496982,32.02689094590458,16.65589186009002,-228.66875957553856,5.819648575897638e-09,-34.38562327363241,12.25196183647162,-3.6496780953194206,-0.45603273617844525,48.18122253178163,-17.359379270614347,-4.894900918888513,3.968277083277694,-1.5627335533401592e-09,1.5168303865749248e-09,150.33979527352201,5.912048163369405,-44.46737258269244,0.9858954284410921,-4.563644203882731,-0.6374175911150594,-26.511666176644276,-1.7523323762786671e-10,5.89159036902704,41.75355002831335,-1.3284982542731207,-6.632037341178986,-6.558314716597296e-10,-2.5201983231563037e-09,870.2090780680855,2.7857747441066785,61.700143723855234,1.1553944519538927e-09,1.6025852225043613,4.916996916371092e-19
2014-11-25T15:21:15.926,0.54,1,-31.55294723465214,133.82168342224307,76773.55099957874,-3812156.945889381,3972270.1859252276,-3358465.7502953745,2018565.256003153,5120419.561703389,-3361169.591863355,-5954.8014921816675,-7277.679235519492,10238.763955375645,-9455.081216494222,2529.4454055972233,10252.660839780043,13901.67483436079,14174.40330899181,242.36383150419059,1.8666052604438188e-08,1.6031971534142835,33.93679594799036,7.739206535199787,1.6686668596987726,7.01213014452078e-10,0.033113876062232095,146.99628216210323,-170.7581608865455,31.69751234644559,16.386858280586086,-224.30117932555436,5.718876393614038e-09,-33.896590192197735,12.244100261524123,-3.66715823850587,-0.4529384641464956,47.48766157647311,-17.349862609097904,-4.735191794529988,3.963819612296232,-1.502091451206286e-09,1.515331832728324e-09,148.22843279823465,5.910488010026617,-44.16590649431045,0.982273608145878,-4.58783002086721,-0.6364424923722813,-26.27262931820117,-1.7484830183391724e-10,5.937680626914789,41.740729522928355,-1.3533452252549827,-6.626408164331932,-6.628327891471593e-10,-2.518476253542429e-09,856.4814042551974,2.7844490886569635,61.00667440795384,1.1551128072803338e-09,1.6411070154449539,4.916996916369701e-19
2014-11-25T15:21:15.946,0.56,1,-31.55149736204679,133.8236264897653,76647.18161190701,-3812276.040715015,3972124.6332522733,-3358260.97592324,2018376.15720235,5120470.148991189,-3360964.5395592516,-5954.556817646797,-7277.470550615976,10238.670891758054,-9454.796905335232,2529.2828621941567,10252.567356680707,13901.392237448752,14174.117034983186,242.35832935294786,1.8666052604438188e-08,1.603087968398086,33.80078398485256,7.738451383065046,1.6684624759692206,7.012130144519789e-10,0.033108316864011327,145.6452973557833,-169.92150669924462,31.532201805370704,16.252404393175734,-222.1382086226871,5.668516224836142e-09,-33.652133907793896,12.239985552100105,-3.6758623749951926,-0.4513526381764811,47.14095724214289,-17.34484628834656,-4.655406534022396,3.961516552997855,-1.4717929505615089e-09,1.51455668582018e-09,147.17992065313328,5.909693108720708,-44.01390669057086,0.980406275621457,-4.599830345700413,-0.6359375796892338,-26.153134368583643,-1.746491795375179e-10,5.96061854635114,41.7339511472405,-1.365747039710785,-6.623501987314507,-6.663276854239161e-10,-2.5175855438257457e-09,849.6677799817483,2.783767033717342,60.65978281859947,1.1549678566542221e-09,1.6603852848904863,4.916996916368311e-19
