outputs/MOP_triangulation/36_2014-11-25_152058_DSC_0594-G_DN141125_01_2018-04-26_163106_martin_nocomment.ecsv
# %ECSV 0.9
# ---
# datatype:
# - {name: x_image, unit: pix, datatype: float64}
# - {name: y_image, unit: pix, datatype: float64}
# - {name: time_err_minus, unit: s, datatype: float64}
# - {name: time_err_plus, unit: s, datatype: float64}
# - {name: de_bruijn_sequence_element_index, datatype: object}
# - {name: dash_start_end, datatype: object}
# - {name: zero_or_one, datatype: int64}
# - {name: err_minus_x_image, unit: pix, datatype: float64}
# - {name: err_plus_x_image, unit: pix, datatype: float64}
# - {name: err_minus_y_image, unit: pix, datatype: float64}
# - {name: err_plus_y_image, unit: pix, datatype: float64}
# - {name: periodic_pulse, datatype: object}
# - {name: pick_flag, datatype: object}
# - {name: encoding_type, datatype: object}
# - {name: brightness_dash_V, unit: adu, datatype: float64}
# - {name: flux_dash_V, unit: adu / s, datatype: float64}
# - {name: aperture_exptime, unit: s, datatype: float64}
# - {name: datetime, datatype: string}
# - {name: altitude, datatype: float64}
# - {name: azimuth, datatype: float64}
# - {name: err_minus_altitude, datatype: float64}
# - {name: err_plus_altitude, datatype: float64}
# - {name: err_minus_azimuth, datatype: float64}
# - {name: err_plus_azimuth, datatype: float64}
# - {name: JD, datatype: float64, description: Julian Date}
# - {name: m_V, unit: adu / s, datatype: float64}
# - {name: longitude, unit: deg, datatype: float64}
# - {name: latitude, unit: deg, datatype: float64}
# - {name: height, unit: m, datatype: float64}
# - {name: X_geo, unit: m, datatype: float64}
# - {name: Y_geo, unit: m, datatype: float64}
# - {name: Z_geo, unit: m, datatype: float64}
# - {name: cross_track_error, unit: m, datatype: float64}
# delimiter: ','
# meta: !!omap
# - {origin: Desert Fireball Network}
# - {exposure_time: 25.0}
# - {lens_type: Fisheye}
# - {telescope: DFNSMALL36}
# - {observer: 'DFN automated software http://adsabs.harvard.edu/abs/2012M%26PSA..75.5123T'}
# - {creator: raw_to_fits 6.0}
# - {timing_correction_dictionary_version: DEBUG}
# - {isodate_mid_obs: '2014-11-25T15:21:10.500'}
# - {sidereal_time_hour: 4.598023724157567}
# - {point_picking_user_comment: nocomment}
# - {point_picking_hostname: work-desktop-debian}
# - {obs_latitude: -30.6607733333}
# - {original_raw_filename: 36_2014-11-25_152058_DSC_0594.NEF}
# - {cropped: false}
# - {obs_elevation: 149.1}
# - {instrument: Nikon D800E}
# - {gps_lock: Y}
# - {filter_pattern: RG/GB}
# - {location: Mulgathing}
# - {aperture: 4.0}
# - {isodate_start_obs: '2014-11-25T15:20:58'}
# - {image_file: 36_2014-11-25_152058_DSC_0594-G.tiff}
# - {timing_corrected: true}
# - {NAXIS2: 4924}
# - {NAXIS1: 7378}
# - {event_codename: DN141125_01}
# - {jd_mid_obs: 2456987.139704861}
# - {lens: Samyang_8mm_F3.5}
# - {timing_de_bruijn_encoding_type: pulse_width}
# - {jd_start_obs: 2456987.1395601854}
# - {focal: 8.0}
# - {dfn_camera_codename: DFNSMALL36}
# - {point_picking_write_time: '2018-04-26T16:31:06'}
# - {tracking: 'NO'}
# - {point_picking_software: point_picker.py 1.5}
# - {obs_longitude: 134.186036667}
# - {sidereal_time_hms: 4h35m52.8854s}
# - {location_info: 'YES'}
# - {processing_filter: GREEN_INTERPOL}
# - {iso: '6400'}
# - {point_picking_user: martin}
# - {shutter_inversion: 'False'}
# - {camera_filter: RG/GB}
[...]
# - {triangulation_ra_eci_end: -14.755093314192026}
# - {triangulation_ra_eci_end_err: 0.3964575417149794}
# - {triangulation_dec_eci_end: -46.34995417298652}
# - {triangulation_dec_eci_end_err: 0.3520494428861188}
# - {triangulation_ra_ecef_end: 50.942410077118545}
# - {triangulation_ra_ecef_end_err: 0.3964575417149794}
# - {triangulation_dec_ecef_end: -47.444576306833106}
# - {triangulation_dec_ecef_end_err: 0.3520494428861188}
# - {triangulation_slope_end: 27.242759588860256}
# - {triangulation_slope_end_err: 0.265195939862048}
# - {triangulation_azimuth_end: -130.99771919590574}
# - {triangulation_azimuth_end_err: 0.39846071977281733}
# - {triangulation_file_1: 36_2014-11-25_152058_DSC_0594-G_DN141125_01_2018-04-26_163106_martin_nocomment.ecsv}
# - {triangulation_file_2: 38_2014-11-25_152058_DSC_0559-G_DN141125_01_2018-04-26_163331_martin_nocomment.ecsv}
# - {triangulation_file_3: 40_2014-11-25_152058_DSC_0617-G_DN141125_01_2018-04-26_163631_martin_nocomment.ecsv}
# - {triangulation_file_4: 40_2014-11-25_152058_DSC_0617-G_DN141125_01_2018-04-26_163631_martin_nocomment.ecsv}
# - {triangulation_file_5: 41_2014-11-25_152059_DSC_0674-G_DN141125_01_2018-01-01_212656_ellie_nocomment.ecsv}
# schema: astropy-2.0
x_image,y_image,time_err_minus,time_err_plus,de_bruijn_sequence_element_index,dash_start_end,zero_or_one,err_minus_x_image,err_plus_x_image,err_minus_y_image,err_plus_y_image,periodic_pulse,pick_flag,encoding_type,brightness_dash_V,flux_dash_V,aperture_exptime,datetime,altitude,azimuth,err_minus_altitude,err_plus_altitude,err_minus_azimuth,err_plus_azimuth,JD,m_V,longitude,latitude,height,X_geo,Y_geo,Z_geo,cross_track_error
[from data line 44]
3409.80282154,794.923592395,0.00065,5e-05,165,E,1,0.5,0.5,0.5,0.5,-,M,PW,nan,nan,nan,2014-11-25T15:21:17.586,36.4675436072,192.666267646,0.0310789877666,0.0310789877666,0.0301533512214,0.0301533512214,2456987.13979,nan,133.98320480432565,-31.433951227629002,66508.39119925442,-3822101.87601373,3960224.845843453,-3341725.7979076235,93.66574902684948
3415.38266462,794.445464532,0.00065,5e-05,166,S,0,0.5,0.5,0.5,0.5,-,M,PW,212830.007787,9173707.23221,0.0232,2014-11-25T15:21:17.626,36.4904309818,192.478320439,0.0310104301511,0.0310104301511,0.0301076313439,0.0301076313439,2456987.13979,-4.86217114359,133.98707132958756,-31.431058374852167,66257.18823574456,-3822337.64096472,3959934.2979900786,-3341318.255204829,90.52230800743644
3418.16981775,794.211791287,0.00065,5e-05,166,E,0,0.5,0.5,0.5,0.5,-,M,PW,nan,nan,nan,2014-11-25T15:21:17.646,36.5018083916,192.384414671,0.0310104301511,0.0310104301511,0.0301076313439,0.0301076313439,2456987.13979,nan,133.98899031829276,-31.42962251773241,66132.52966528141,-3822454.651632863,3959790.0984459636,-3341115.990857432,88.85337059545061
3429.61382572,793.229990357,0.00065,5e-05,167,S,1,0.5,0.5,0.5,0.5,-,M,PW,628233.454987,10198595.0485,0.0616,2014-11-25T15:21:17.726,36.5464426767,191.998237955,0.0309677929845,0.0309677929845,0.0300628877281,0.0300628877281,2456987.13979,-4.97715982293,133.9967876326046,-31.42378753176871,65626.11793917329,-3822930.0843911916,3959204.193005921,-3340294.158984149,84.60230877047113
3438.29039759,792.527531299,0.00065,5e-05,167,E,1,0.5,0.5,0.5,0.5,-,M,PW,nan,nan,nan,2014-11-25T15:21:17.786,36.5799664742,191.705295029,0.0317739190156,0.0317739190156,0.0299399067559,0.0299399067559,2456987.13979,nan,134.00260997275728,-31.419429696681547,65248.08583827939,-3823285.084967319,3958766.7036551605,-3339680.5058788783,80.43807470941555
3444.34169777,792.033560752,0.00065,5e-05,168,S,1,0.5,0.5,0.5,0.5,-,M,PW,777901.951214,12628278.4288,0.0616,2014-11-25T15:21:17.826,36.6024431541,191.500731003,0.0317660022419,0.0317660022419,0.0298772123002,0.0298772123002,2456987.13979,-5.20916932517,134.00662718014004,-31.416422553309893,64987.312525454035,-3823530.0176036195,3958464.857891404,-3339257.115938255,78.47934184980193
3453.24108821,791.260841353,0.00065,5e-05,168,E,1,0.5,0.5,0.5,0.5,-,M,PW,nan,nan,nan,2014-11-25T15:21:17.886,36.6329721894,191.199246455,0.0316815090438,0.0316815090438,0.0298431855886,0.0298431855886,2456987.13979,nan,134.01247310536957,-31.41204592228145,64607.91045759105,-3823886.441298084,3958025.614743159,-3338641.0028341976,79.21228535193809
3459.17460284,790.744876301,0.00065,5e-05,169,S,0,0.5,0.5,0.5,0.5,-,M,PW,355257.341637,15312816.4499,0.0232,2014-11-25T15:21:17.926,36.6525236456,190.998031179,0.0316728940183,0.0316728940183,0.029898018118,0.029898018118,2456987.13979,-5.41844664549,134.01632910292238,-31.409158706177784,64357.707624204806,-3824121.535068754,3957735.894027153,-3338234.6203320194,80.41202379827857
3462.18949454,790.457892795,0.00065,5e-05,169,E,0,0.5,0.5,0.5,0.5,-,M,PW,nan,nan,nan,2014-11-25T15:21:17.946,36.6614927289,190.895568031,0.0316728940183,0.0316728940183,0.029898018118,0.029898018118,2456987.13979,nan,134.01827678081867,-31.407700250980884,64231.345131071066,-3824240.2802961036,3957589.5568775465,-3338029.35762993,82.58925133790522
3474.28537308,789.446190395,0.00065,5e-05,170,S,1,0.5,0.5,0.5,0.5,-,M,PW,1212767.33044,19687781.3383,0.0616,2014-11-25T15:21:18.026,36.699935476,190.485010952,0.0315967140453,0.0315967140453,0.0299593928009,0.0299593928009,2456987.13979,-5.69130089661,134.0260013591654,-31.401915210207257,63730.2904587351,-3824711.219569372,3957009.1890393947,-3337215.2931836485,84.99563780884228
3483.35609451,788.719954429,0.00065,5e-05,170,E,1,0.5,0.5,0.5,0.5,-,M,PW,nan,nan,nan,2014-11-25T15:21:18.086,36.7280055607,190.176931956,0.0315264757187,0.0315264757187,0.0298965734341,0.0298965734341,2456987.13979,nan,134.03170640898725,-31.397641860916554,63360.33981603079,-3825059.0256889164,3956580.5658661877,-3336614.0763979782,86.45850096251182
3489.43297478,788.295131375,0.00065,5e-05,171,S,0,0.5,0.5,0.5,0.5,-,M,PW,474760.283349,20463805.3168,0.0232,2014-11-25T15:21:18.126,36.7478015844,189.970720571,0.0315251353348,0.0315251353348,0.0295232958041,0.0295232958041,2456987.13979,-5.7332749422,134.0354857856243,-31.394810575073816,63115.31192694846,-3825289.429276668,3956296.625155111,-3336215.8013342265,84.78367145360065
3492.48619729,788.079915836,0.00065,5e-05,171,E,0,0.5,0.5,0.5,0.5,-,M,PW,nan,nan,nan,2014-11-25T15:21:18.146,36.7574481503,189.867041699,0.0315251353348,0.0315251353348,0.0295232958041,0.0295232958041,2456987.13979,nan,134.0373726838879,-31.393396916143132,62992.99384873784,-3825404.459601184,3956154.866111959,-3336016.9602038558,84.25081803179485
3505.06794665,787.212897681,0.00065,5e-05,172,S,1,0.5,0.5,0.5,0.5,-,M,PW,1373668.328,22299810.5195,0.0616,2014-11-25T15:21:18.226,36.7960321746,189.439504041,0.0315502941845,0.0315502941845,0.0294223958163,0.0294223958163,2456987.13979,-5.82656188571,134.04506396711201,-31.38763389668817,62494.51003833857,-3825873.331143633,3955577.0464674565,-3335206.4700318803,82.47233756039643
3514.67353246,786.558491727,0.00065,5e-05,172,E,1,0.5,0.5,0.5,0.5,-,M,PW,nan,nan,nan,2014-11-25T15:21:18.286,36.823811401,189.112710195,0.0315502941845,0.0315502941845,0.0294223958163,0.0294223958163,2456987.13979,nan,134.0508468625506,-31.38330004384178,62119.82092111578,-3826225.8546283906,3955142.6097908826,-3334597.098820537,82.3008734091263
3521.15221778,786.199209458,0.00065,5e-05,173,S,1,0.5,0.5,0.5,0.5,-,M,PW,1730604.08593,28094222.1742,0.0616,2014-11-25T15:21:18.326,36.8440346625,188.892542264,0.0315502941845,0.0315502941845,0.0294223958163,0.0294223958163,2456987.1398,-6.07735148495,134.05470234810187,-31.38041027328834,61870.06586010038,-3826460.8790344126,3954852.9745572587,-3334190.836221916,78.60501342201795
3531.31065417,785.599953358,0.00065,5e-05,173,E,1,0.5,0.5,0.5,0.5,-,M,PW,nan,nan,nan,2014-11-25T15:21:18.386,36.8731811739,188.546786665,0.0316549951728,0.0316549951728,0.0295233830465,0.0295233830465,2456987.1398,nan,134.06068147960897,-31.375928199812616,61482.825212086485,-3826825.350040506,3954403.814204996,-3333560.8125551655,75.98687877391772
3537.68953687,785.24411777,0.00065,5e-05,174,S,1,0.5,0.5,0.5,0.5,-,M,PW,1815344.38069,29469876.3099,0.0616,2014-11-25T15:21:18.426,36.8911450863,188.329576086,0.0317057432692,0.0317057432692,0.0295744554274,0.0295744554274,2456987.1398,-6.12925473612,134.06439417787402,-31.37314473151279,61242.42135882029,-3827051.661042753,3954124.9170422843,-3333169.611924449,74.05167327060852
3547.68947679,784.659568182,0.00065,5e-05,174,E,1,0.5,0.5,0.5,0.5,-,M,PW,nan,nan,nan,2014-11-25T15:21:18.486,36.9170542581,187.988627196,0.0315788888364,0.0315788888364,0.0294694503655,0.0294694503655,2456987.1398,nan,134.07015234018846,-31.368827205030456,60869.646455721726,-3827402.648225464,3953692.3736465396,-3332562.8963609696,73.61537020749634
3554.44728276,784.286868495,0.00065,5e-05,175,S,0,0.5,0.5,0.5,0.5,-,M,PW,1207732.28111,52057425.9099,0.0232,2014-11-25T15:21:18.526,36.9342088487,187.758130796,0.0315199516248,0.0315199516248,0.0294352576747,0.0294352576747,2456987.1398,-6.74701567773,134.07400036401037,-31.365941551966426,60620.58288048906,-3827637.198707535,3953403.3224589583,-3332157.452986101,72.97627432462845
3557.8614283,784.098390311,0.00065,5e-05,175,E,0,0.5,0.5,0.5,0.5,-,M,PW,nan,nan,nan,2014-11-25T15:21:18.546,36.9425590977,187.641620573,0.0315199516248,0.0315199516248,0.0294352576747,0.0294352576747,2456987.1398,nan,134.07593155911005,-31.36449322787364,60495.601797554766,-3827754.9103586795,3953258.259049772,-3331953.976921247,72.91257078144409
3571.76279963,783.344154146,0.00065,5e-05,176,S,1,0.5,0.5,0.5,0.5,-,M,PW,2476557.75658,40203859.6847,0.0616,2014-11-25T15:21:18.626,36.9747900891,187.166898417,0.0311280239769,0.0311280239769,0.0294947510217,0.0294947510217,2456987.1398,-6.46647832498,134.08370673176444,-31.358661389601803,59992.521969187204,-3828228.818844727,3952674.232065527,-3331134.779901204,73.68052056476459
3582.42303743,782.777042177,0.00065,5e-05,176,E,1,0.5,0.5,0.5,0.5,-,M,PW,nan,nan,nan,2014-11-25T15:21:18.686,36.9974888485,186.802511187,0.0311731311461,0.0311731311461,0.029568843012,0.029568843012,2456987.1398,nan,134.08957534179794,-31.354258790459994,59612.91534129471,-3828586.509220619,3952233.4279067577,-3330516.4772148086,75.52334572028052
3589.45447664,782.422070966,0.00065,5e-05,177,S,1,0.5,0.5,0.5,0.5,-,M,PW,2401770.9898,38989788.7954,0.0616,2014-11-25T15:21:18.726,37.0119079535,186.562066176,0.0312346056411,0.0312346056411,0.0296304499505,0.0296304499505,2456987.1398,-6.43318616014,134.09340246357326,-31.35138733604113,59365.41283657654,-3828819.7666319064,3951945.97025095,-3330113.269038853,76.62641182791364
3600.34461163,781.969277121,0.00065,5e-05,177,E,1,0.5,0.5,0.5,0.5,-,M,PW,nan,nan,nan,2014-11-25T15:21:18.786,37.0353596866,186.189778731,0.0316030211796,0.0316030211796,0.0295259597687,0.0295259597687,2456987.1398,nan,134.09926145599795,-31.346990823920727,58986.58742252171,-3829176.85630369,3951505.906377319,-3329496.004728072,74.78625712507313
3607.3306374,781.657597937,0.00065,5e-05,178,S,0,0.5,0.5,0.5,0.5,-,M,PW,1460463.38995,62951008.1876,0.0232,2014-11-25T15:21:18.826,37.0486520653,185.950701516,0.0316030211796,0.0316030211796,0.0295259597687,0.0295259597687,2456987.1398,-6.95331567829,134.10297858837149,-31.34420118225334,58746.29832508517,-3829403.4008795195,3951226.7213673135,-3329104.400342647,75.54381036900328
3610.93541913,781.536966014,0.00065,5e-05,178,E,0,0.5,0.5,0.5,0.5,-,M,PW,nan,nan,nan,2014-11-25T15:21:18.846,37.0563600001,185.827433899,0.0317078827784,0.0317078827784,0.0294930169321,0.0294930169321,2456987.1398,nan,134.1048833895209,-31.342771556515814,58623.17998257501,-3829519.489639931,3951083.6579475948,-3328903.729602643,74.1841148561203
3625.3079633,781.113043604,0.00065,5e-05,179,S,0,0.5,0.5,0.5,0.5,-,M,PW,1605216.18292,69190352.7121,0.0232,2014-11-25T15:21:18.926,37.0864635202,185.335784396,0.0317078827784,0.0317078827784,0.0294930169321,0.0294930169321,2456987.1398,-7.05592281479,134.11239382258825,-31.337133988201682,58137.83622437367,-3829977.206546879,3950519.584856116,-3328112.52130561,67.7538907748769
3628.46882389,781.087010084,0.00065,5e-05,179,E,0,0.5,0.5,0.5,0.5,-,M,PW,nan,nan,nan,2014-11-25T15:21:18.946,37.0945821967,185.227799115,0.0317078827784,0.0317078827784,0.0294930169321,0.0294930169321,2456987.1398,nan,134.11402704165937,-31.335907894001966,58032.31427552176,-3830076.739780434,3950396.9238446834,-3327940.4684077958,63.40470304155137
3643.11817139,780.674053348,0.00065,5e-05,180,S,0,0.5,0.5,0.5,0.5,-,M,PW,1737850.89833,74907366.3071,0.0232,2014-11-25T15:21:19.026,37.1211763405,184.726033055,0.0315348593234,0.0315348593234,0.0293328325276,0.0293328325276,2456987.1398,-7.14212027309,134.12151950406698,-31.330282455013347,57548.32361933727,-3830533.344044425,3949834.221932515,-3327151.183422587,59.56670704175529
3646.86753795,780.600443099,0.00065,5e-05,180,E,0,0.5,0.5,0.5,0.5,-,M,PW,nan,nan,nan,2014-11-25T15:21:19.046,37.1283154395,184.597619748,0.0316026102091,0.0316026102091,0.0293155903812,0.0293155903812,2456987.1398,nan,134.12341568222965,-31.32885860270263,57425.86112691521,-3830648.898319231,3949691.8171927426,-3326951.4365930595,57.48786714028171
3662.50957762,780.076584414,0.00065,5e-05,181,S,1,0.5,0.5,0.5,0.5,-,M,PW,3043359.86956,49405192.6877,0.0616,2014-11-25T15:21:19.126,37.1489127467,184.06097179,0.0315669924938,0.0315669924938,0.0292114754416,0.0292114754416,2456987.1398,-6.69024044712,134.13123808886633,-31.322983952104508,56920.76648388806,-3831125.5909715025,3949104.359106816,-3326127.4268702664,61.45576341808249
3674.54730569,779.71484787,0.00065,5e-05,181,E,1,0.5,0.5,0.5,0.5,-,M,PW,nan,nan,nan,2014-11-25T15:21:19.186,37.1629847396,183.647805886,0.0315055999449,0.0315055999449,0.0291641694754,0.0291641694754,2456987.13981,nan,134.13716004489837,-31.318535736723327,56538.498431395754,-3831486.4609913253,3948659.6364745223,-3325503.62785935,64.67039678909295
3682.79121482,779.463256189,0.00065,5e-05,182,S,1,0.5,0.5,0.5,0.5,-,M,PW,3069827.99037,49834869.9735,0.0616,2014-11-25T15:21:19.226,37.1709943338,183.364723963,0.0314400066901,0.0314400066901,0.0291095463792,0.0291095463792,2456987.13981,-6.69964227715,134.1411679018869,-31.315524881337712,56279.84310713747,-3831730.6852827705,3948358.6636483087,-3325081.4623618657,68.13300093392046
3694.87604986,779.239687109,0.00065,5e-05,182,E,1,0.5,0.5,0.5,0.5,-,M,PW,nan,nan,nan,2014-11-25T15:21:19.286,37.1848412349,182.949876175,0.0313856495461,0.0313856495461,0.0290412179492,0.0290412179492,2456987.13981,nan,134.146973548421,-31.311162891499478,55905.24355464964,-3832084.4531328967,3947922.6934626834,-3324469.940143669,67.83691842140148
3703.22582847,779.144467656,0.00065,5e-05,183,S,1,0.5,0.5,0.5,0.5,-,M,PW,2870702.71283,46602316.7668,0.0616,2014-11-25T15:21:19.326,37.1946318089,182.663222753,0.0313215247048,0.0313215247048,0.0289873017035,0.0289873017035,2456987.13981,-6.62682772238,134.1509379803342,-31.308183887091975,55649.49954329252,-3832326.0214141314,3947624.9938035035,-3324052.365818772,65.93523179809362
3715.15871009,779.09691426,0.00065,5e-05,183,E,1,0.5,0.5,0.5,0.5,-,M,PW,nan,nan,nan,2014-11-25T15:21:19.386,37.2090750373,182.253509561,0.0315065762333,0.0315065762333,0.0289501283927,0.0289501283927,2456987.13981,nan,134.15653884305436,-31.303974682327805,55288.26506471015,-3832667.2970149764,3947204.4185957876,-3323462.4376713415,60.6420125150999
3723.72091803,779.072831928,0.00065,5e-05,184,S,0,0.5,0.5,0.5,0.5,-,M,PW,1824688.42668,78650363.2189,0.0232,2014-11-25T15:21:19.426,37.2181505687,181.959407319,0.0314557856979,0.0314557856979,0.0290315996396,0.0290315996396,2456987.13981,-7.195060785,134.16051185169326,-31.300988477301377,55032.07432080825,-3832909.3782829577,3946906.0867510457,-3323043.976598841,57.54509953006186
3727.63030864,779.156626756,0.00065,5e-05,184,E,0,0.5,0.5,0.5,0.5,-,M,PW,nan,nan,nan,2014-11-25T15:21:19.446,37.2246814648,181.825200723,0.0314071638249,0.0314071638249,0.0289822318884,0.0289822318884,2456987.13981,nan,134.16231316981572,-31.29963446162132,54915.93484917391,-3833019.1339336317,3946770.828017442,-3322854.2532564406,52.018435117015464
3743.99376102,779.345865451,0.00065,5e-05,185,S,1,0.5,0.5,0.5,0.5,-,M,PW,2956759.93618,47999349.6133,0.0616,2014-11-25T15:21:19.526,37.2441977753,181.262969992,0.0315519962535,0.0315519962535,0.028928510898,0.028928510898,2456987.13981,-6.65889733542,134.16977027144904,-31.294028417564846,54435.23709351517,-3833473.4919465077,3946210.8943006173,-3322068.851135274,38.73990317803621
3756.29816412,779.552214247,0.00065,5e-05,185,E,1,0.5,0.5,0.5,0.5,-,M,PW,nan,nan,nan,2014-11-25T15:21:19.586,37.2575908856,180.839984936,0.0317350528278,0.0317350528278,0.0288360776261,0.0288360776261,2456987.13981,nan,134.17529115900183,-31.28987725378975,54079.45146847767,-3833809.8682141737,3945796.356846741,-3321487.3919628854,28.18710109990608
3764.88642652,779.693712968,0.00065,5e-05,186,S,0,0.5,0.5,0.5,0.5,-,M,PW,1880894.83014,81073053.0233,0.0232,2014-11-25T15:21:19.626,37.2652375996,180.544626882,0.0317350528278,0.0317350528278,0.0288360776261,0.0288360776261,2456987.13981,-7.22800027313,134.17910175131368,-31.287011710123267,53833.93317695463,-3834042.0352405426,3945510.242940273,-3321086.0686235633,22.148068669451455
3769.10946879,779.737025937,0.00065,5e-05,186,E,0,0.5,0.5,0.5,0.5,-,M,PW,nan,nan,nan,2014-11-25T15:21:19.646,37.2677229303,180.399354847,0.03161738871,0.03161738871,0.0291534705643,0.0291534705643,2456987.13981,nan,134.18096271123386,-31.28561217395834,53714.04542588779,-3834155.4161595865,3945370.5165623548,-3320890.0786513533,20.740026442167764
