outputs/MOP_triangulation/38_2014-11-25_152058_DSC_0559-G_DN141125_01_2018-04-26_163331_martin_nocomment.ecsv
# %ECSV 0.9
# ---
# datatype:
# - {name: x_image, unit: pix, datatype: float64}
# - {name: y_image, unit: pix, datatype: float64}
# - {name: time_err_minus, unit: s, datatype: float64}
# - {name: time_err_plus, unit: s, datatype: float64}
# - {name: de_bruijn_sequence_element_index, datatype: object}
# - {name: dash_start_end, datatype: object}
# - {name: zero_or_one, datatype: int64}
# - {name: err_minus_x_image, unit: pix, datatype: float64}
# - {name: err_plus_x_image, unit: pix, datatype: float64}
# - {name: err_minus_y_image, unit: pix, datatype: float64}
# - {name: err_plus_y_image, unit: pix, datatype: float64}
# - {name: periodic_pulse, datatype: object}
# - {name: pick_flag, datatype: object}
# - {name: encoding_type, datatype: object}
# - {name: brightness_dash_V, unit: adu, datatype: float64}
# - {name: flux_dash_V, unit: adu / s, datatype: float64}
# - {name: aperture_exptime, unit: s, datatype: float64}
# - {name: datetime, datatype: string}
# - {name: altitude, datatype: float64}
# - {name: azimuth, datatype: float64}
# - {name: err_minus_altitude, datatype: float64}
# - {name: err_plus_altitude, datatype: float64}
# - {name: err_minus_azimuth, datatype: float64}
# - {name: err_plus_azimuth, datatype: float64}
# - {name: JD, datatype: float64, description: Julian Date}
# - {name: m_V, unit: adu / s, datatype: float64}
# - {name: longitude, unit: deg, datatype: float64}
# - {name: latitude, unit: deg, datatype: float64}
# - {name: height, unit: m, datatype: float64}
# - {name: X_geo, unit: m, datatype: float64}
# - {name: Y_geo, unit: m, datatype: float64}
# - {name: Z_geo, unit: m, datatype: float64}
# - {name: cross_track_error, unit: m, datatype: float64}
# delimiter: ','
# meta: !!omap
# - {origin: Desert Fireball Network}
# - {exposure_time: 25.0}
# - {lens_type: Fisheye}
# - {telescope: DFNSMALL38}
# - {observer: 'DFN automated software http://adsabs.harvard.edu/abs/2012M%26PSA..75.5123T'}
# - {creator: raw_to_fits 6.0}
# - {timing_correction_dictionary_version: DEBUG}
# - {isodate_mid_obs: '2014-11-25T15:21:10.500'}
# - {sidereal_time_hour: 4.670575946357566}
# - {point_picking_user_comment: nocomment}
# - {point_picking_hostname: work-desktop-debian}
# - {obs_latitude: -30.85765}
# - {original_raw_filename: 38_2014-11-25_152058_DSC_0559.NEF}
# - {cropped: false}
# - {obs_elevation: 164.4}
# - {instrument: Nikon D800E}
# - {gps_lock: Y}
# - {filter_pattern: RG/GB}
# - {location: NorthWell}
# - {aperture: 4.0}
# - {isodate_start_obs: '2014-11-25T15:20:58'}
# - {image_file: 38_2014-11-25_152058_DSC_0559-G.tiff}
# - {timing_corrected: true}
# - {NAXIS2: 4924}
# - {NAXIS1: 7378}
# - {event_codename: DN141125_01}
# - {jd_mid_obs: 2456987.139704861}
# - {lens: Samyang_8mm_F3.5}
# - {timing_de_bruijn_encoding_type: pulse_width}
# - {jd_start_obs: 2456987.1395601854}
# - {focal: 8.0}
# - {dfn_camera_codename: DFNSMALL38}
# - {point_picking_write_time: '2018-04-26T16:33:31'}
# - {tracking: 'NO'}
# - {point_picking_software: point_picker.py 1.5}
# - {obs_longitude: 135.27432}
# - {sidereal_time_hms: 4h40m14.0734s}
# - {location_info: 'YES'}
# - {processing_filter: GREEN_INTERPOL}
# - {iso: '6400'}
# - {point_picking_user: martin}
# - {shutter_inversion: 'False'}
# - {camera_filter: RG/GB}
[...]
# - {triangulation_ra_eci_end: -14.712968884156677}
# - {triangulation_ra_eci_end_err: 0.3964575417149794}
# - {triangulation_dec_eci_end: -46.42995057646098}
# - {triangulation_dec_eci_end_err: 0.3520494428861188}
# - {triangulation_ra_ecef_end: 50.942410077118545}
# - {triangulation_ra_ecef_end_err: 0.3964575417149794}
# - {triangulation_dec_ecef_end: -47.444576306833106}
# - {triangulation_dec_ecef_end_err: 0.3520494428861188}
# - {triangulation_slope_end: 26.928666419061887}
# - {triangulation_slope_end_err: 0.26519558612893784}
# - {triangulation_azimuth_end: -131.14283483489174}
# - {triangulation_azimuth_end_err: 0.397345478811367}
# - {triangulation_file_1: 36_2014-11-25_152058_DSC_0594-G_DN141125_01_2018-04-26_163106_martin_nocomment.ecsv}
# - {triangulation_file_2: 38_2014-11-25_152058_DSC_0559-G_DN141125_01_2018-04-26_163331_martin_nocomment.ecsv}
# - {triangulation_file_3: 40_2014-11-25_152058_DSC_0617-G_DN141125_01_2018-04-26_163631_martin_nocomment.ecsv}
# - {triangulation_file_4: 40_2014-11-25_152058_DSC_0617-G_DN141125_01_2018-04-26_163631_martin_nocomment.ecsv}
# - {triangulation_file_5: 41_2014-11-25_152059_DSC_0674-G_DN141125_01_2018-01-01_212656_ellie_nocomment.ecsv}
# schema: astropy-2.0
x_image,y_image,time_err_minus,time_err_plus,de_bruijn_sequence_element_index,dash_start_end,zero_or_one,err_minus_x_image,err_plus_x_image,err_minus_y_image,err_plus_y_image,periodic_pulse,pick_flag,encoding_type,brightness_dash_V,flux_dash_V,aperture_exptime,datetime,altitude,azimuth,err_minus_altitude,err_plus_altitude,err_minus_azimuth,err_plus_azimuth,JD,m_V,longitude,latitude,height,X_geo,Y_geo,Z_geo,cross_track_error
1835.66373616,1830.43819104,0.00065,5e-05,172,E,1,0.5,0.5,0.5,0.5,-,M,PW,nan,nan,nan,2014-11-25T15:21:18.286,24.7163171375,243.109979504,0.027799569442,0.027799569442,0.023019944143,0.023019944143,2456987.13979,nan,134.04829960790263,-31.385209104831265,62284.852751488994,-3826070.575847536,3955333.9695170107,-3334865.51333156,0.9360945551798059
1834.65265052,1831.44927669,0.00065,5e-05,173,S,1,0.5,0.5,0.5,0.5,-,M,PW,520054.183256,8442438.03987,0.0616,2014-11-25T15:21:18.326,24.6988761772,243.145826834,0.027799569442,0.027799569442,0.023019944143,0.023019944143,2456987.1398,-4.83002359454,134.0509497797162,-31.3832229090154,62113.153493946724,-3826232.1283484795,3955134.878294336,-3334586.254083731,-31.648459092541945
1832.63047923,1834.2803165,0.00065,5e-05,173,E,1,0.5,0.5,0.5,0.5,-,M,PW,nan,nan,nan,2014-11-25T15:21:18.386,24.6714923181,243.238683133,0.027799569442,0.027799569442,0.023019944143,0.023019944143,2456987.1398,nan,134.0575742813974,-31.378257504751126,61684.051543053494,-3826635.9451406617,3954637.229675945,-3333888.217389859,-70.87728984296558
1832.83269635,1835.6958364,0.00065,5e-05,174,S,1,0.5,0.5,0.5,0.5,-,M,PW,609904.214179,9901042.43798,0.0616,2014-11-25T15:21:18.426,24.6900969074,243.27399269,0.0277167215644,0.0277167215644,0.022996338018,0.022996338018,2456987.1398,-5.00305619458,134.05976977022246,-31.37661168081284,61541.86593252751,-3826769.7753991317,3954472.30230166,-3333656.8787408196,-13.530596320311844
1831.21495932,1838.72909333,0.00065,5e-05,174,E,1,0.5,0.5,0.5,0.5,-,M,PW,nan,nan,nan,2014-11-25T15:21:18.486,24.6751708747,243.368407013,0.0277167215644,0.0277167215644,0.022996338018,0.022996338018,2456987.1398,nan,134.066259036988,-31.37174651399751,61121.682968465684,-3827165.333942854,3953984.830837899,-3332973.1172345164,-21.091929689987992
1830.40609081,1840.14461324,0.00065,5e-05,175,S,0,0.5,0.5,0.5,0.5,-,M,PW,824284.351673,35529497.9169,0.0232,2014-11-25T15:21:18.526,24.6667130369,243.412939912,0.0277167215644,0.0277167215644,0.022996338018,0.022996338018,2456987.1398,-6.39032656541,134.06930656879038,-31.369461413969276,60924.39462279294,-3827351.094997966,3953755.905904074,-3332652.0111406855,-28.06252917243597
1828.58613664,1843.17787017,0.00065,5e-05,175,E,0,0.5,0.5,0.5,0.5,-,M,PW,nan,nan,nan,2014-11-25T15:21:18.546,24.6461589544,243.509106578,0.0277167215644,0.0277167215644,0.022996338018,0.022996338018,2456987.1398,nan,134.0758510112512,-31.36455363723562,60500.81440154991,-3827750.0007643146,3953264.3094491106,-3331962.4636337487,-48.45915016178188
1822.7218399,1855.10868078,0.00065,5e-05,177,E,1,0.5,0.5,0.5,0.5,-,M,PW,nan,nan,nan,2014-11-25T15:21:18.786,24.5983691642,243.875248915,0.0276407945831,0.0276407945831,0.0229579449714,0.0229579449714,2456987.1398,nan,134.0997342103281,-31.346636045450314,58956.024696181375,-3829205.669013616,3951470.3986778758,-3329446.1991499793,-49.65016265034565
1822.51962277,1856.52420069,0.00065,5e-05,178,S,0,0.5,0.5,0.5,0.5,-,M,PW,707132.065355,30479830.4032,0.0232,2014-11-25T15:21:18.826,24.6057470101,243.914288681,0.0275599777647,0.0275599777647,0.0229405079731,0.0229405079731,2456987.1398,-6.223885255,134.10209252798583,-31.34486617971858,58803.57301006531,-3829349.39930945,3951293.270870099,-3329197.7473211903,-19.937377730681575
1821.10410287,1859.55745762,0.00065,5e-05,178,E,0,0.5,0.5,0.5,0.5,-,M,PW,nan,nan,nan,2014-11-25T15:21:18.846,24.5951754943,244.006619629,0.0275599777647,0.0275599777647,0.0229405079731,0.0229405079731,2456987.1398,nan,134.10789905932015,-31.340508034169414,58428.28054890109,-3829703.2787793637,3950857.1631284473,-3328586.0321573084,-16.497949583535515
1820.29523435,1861.57962891,0.00065,5e-05,179,S,0,0.5,0.5,0.5,0.5,-,M,PW,634406.381646,27345102.6572,0.0232,2014-11-25T15:21:18.926,24.5916540816,244.066973293,0.0275599777647,0.0275599777647,0.0229405079731,0.0229405079731,2456987.1398,-6.10605278488,134.11162566789477,-31.337710640836885,58187.46912597558,-3829930.392677474,3950577.2765070875,-3328193.443642817,-6.203533459719899
1818.67749732,1864.20845159,0.00065,5e-05,179,E,0,0.5,0.5,0.5,0.5,-,M,PW,nan,nan,nan,2014-11-25T15:21:18.946,24.5718136376,244.150363528,0.0275599777647,0.0275599777647,0.0229405079731,0.0229405079731,2456987.1398,nan,134.11687268144826,-31.333771481733596,57848.47593088935,-3830250.15991962,3950183.2073912374,-3327640.694790274,-27.14647792187308
1817.86862881,1866.43284001,0.00065,5e-05,180,S,0,0.5,0.5,0.5,0.5,-,M,PW,711984.031364,30688966.8691,0.0232,2014-11-25T15:21:19.026,24.5699358817,244.216012657,0.0275599777647,0.0275599777647,0.0229405079731,0.0229405079731,2456987.1398,-6.23130956045,134.12083356752575,-31.33079751155044,57592.626526019776,-3830491.5424203,3949885.736681022,-3327223.4416051777,-11.295058216818306
1816.4531089,1869.26387982,0.00065,5e-05,180,E,0,0.5,0.5,0.5,0.5,-,M,PW,nan,nan,nan,2014-11-25T15:21:19.046,24.5570870435,244.302901027,0.0275599777647,0.0275599777647,0.0229405079731,0.0229405079731,2456987.1398,nan,134.12612544234165,-31.326823702483406,57250.87186502296,-3830814.031195951,3949488.313649696,-3326665.9883166454,-14.490514580559939
1815.64424039,1871.89270249,0.00065,5e-05,181,S,1,0.5,0.5,0.5,0.5,-,M,PW,1044809.40248,16961191.5987,0.0616,2014-11-25T15:21:19.126,24.5585947406,244.379192767,0.0275599777647,0.0275599777647,0.0229405079731,0.0229405079731,2456987.1398,-5.58749478985,134.1306052082399,-31.323459292547764,56961.62535985317,-3831087.024193407,3949151.8873528093,-3326194.0933061265,12.407995606238366
1813.6220691,1876.74591359,0.00065,5e-05,181,E,1,0.5,0.5,0.5,0.5,-,M,PW,nan,nan,nan,2014-11-25T15:21:19.186,24.5469132924,244.52457196,0.0275599777647,0.0275599777647,0.0229405079731,0.0229405079731,2456987.13981,nan,134.13916333536798,-31.317030828247344,56409.20631870301,-3831608.5347676566,3948509.1973464093,-3325292.6114358413,29.860331954528128
1813.6220691,1878.56586775,0.00065,5e-05,182,S,1,0.5,0.5,0.5,0.5,-,M,PW,1125035.89422,18263569.7114,0.0616,2014-11-25T15:21:19.226,24.5627952681,244.572607231,0.0275599777647,0.0275599777647,0.0229405079731,0.0229405079731,2456987.13981,-5.66781805623,134.1417793504607,-31.315065509724263,56240.38596881919,-3831767.9443863323,3948312.7469312013,-3325017.0563689247,80.75827940334834
1809.57772652,1882.00355895,0.00065,5e-05,182,E,1,0.5,0.5,0.5,0.5,-,M,PW,nan,nan,nan,2014-11-25T15:21:19.286,24.4840538847,244.697699001,0.0275599777647,0.0275599777647,0.0229405079731,0.0229405079731,2456987.13981,nan,134.14961100906166,-31.309181051693802,55735.097056891624,-3832245.1643282217,3947724.6390333925,-3324192.1351746214,-60.29906618785879
1809.57772652,1883.62129598,0.00065,5e-05,183,S,1,0.5,0.5,0.5,0.5,-,M,PW,876923.190959,14235766.087,0.0616,2014-11-25T15:21:19.326,24.4980368317,244.740391448,0.0275599777647,0.0275599777647,0.0229405079731,0.0229405079731,2456987.13981,-5.39730599795,134.15188093348183,-31.307475275120265,55588.676474476226,-3832383.478636838,3947554.18568445,-3323953.0454077497,-15.514495330318285
1807.75777236,1887.46342143,0.00065,5e-05,183,E,1,0.5,0.5,0.5,0.5,-,M,PW,nan,nan,nan,2014-11-25T15:21:19.386,24.4822005973,244.857147711,0.0275599777647,0.0275599777647,0.0229405079731,0.0229405079731,2456987.13981,nan,134.15852865262588,-31.302479134734853,55159.9510313188,-3832788.539542061,3947055.0038679657,-3323252.858143196,-15.452004512997476
1807.75777236,1888.6767242,0.00065,5e-05,184,S,0,0.5,0.5,0.5,0.5,-,M,PW,937983.356476,40430317.0895,0.0232,2014-11-25T15:21:19.426,24.49260023,244.889192365,0.0275599777647,0.0275599777647,0.0229405079731,0.0229405079731,2456987.13981,-6.53062175825,134.1602036268869,-31.301220157410206,55051.947938293706,-3832890.597834428,3946929.231069075,-3323076.440435054,17.64250238434448
1806.14003532,1892.51884965,0.00065,5e-05,184,E,0,0.5,0.5,0.5,0.5,-,M,PW,nan,nan,nan,2014-11-25T15:21:19.446,24.4818966003,245.004214256,0.0275762406903,0.0275762406903,0.0228950861258,0.0228950861258,2456987.13981,nan,134.16659608355195,-31.296414819923996,54639.83172268589,-3833280.0917534344,3946449.233420592,-3322403.162223819,28.631725670047736
1804.52229829,1894.54102094,0.00065,5e-05,185,S,1,0.5,0.5,0.5,0.5,-,M,PW,1028781.76191,16701002.6284,0.0616,2014-11-25T15:21:19.526,24.4555513659,245.071088016,0.0275762406903,0.0275762406903,0.0228950861258,0.0228950861258,2456987.13981,-5.57071025054,134.1704521396362,-31.29351575263526,54391.290459406446,-3833515.0371823874,3946159.695515335,-3321997.0361447604,-9.552435052606508
1802.500127,1899.7986663,0.00065,5e-05,185,E,1,0.5,0.5,0.5,0.5,-,M,PW,nan,nan,nan,2014-11-25T15:21:19.586,24.4455009935,245.226755957,0.0275762406903,0.0275762406903,0.0228950861258,0.0228950861258,2456987.13981,nan,134.17885934778258,-31.28719400479371,53849.55014078819,-3834027.2664889516,3945528.4433939615,-3321111.597850512,15.5864617361128
1801.48904136,1901.01196907,0.00065,5e-05,186,S,0,0.5,0.5,0.5,0.5,-,M,PW,873694.667642,37659252.9156,0.0232,2014-11-25T15:21:19.626,24.4284593943,245.267133797,0.0275762406903,0.0275762406903,0.0228950861258,0.0228950861258,2456987.13981,-6.45353314017,134.18114244635296,-31.285477000394177,53702.466948291054,-3834166.3666624464,3945357.0215747165,-3320871.149639583,-9.524080202976284
1800.27573858,1903.84300888,0.00065,5e-05,186,E,0,0.5,0.5,0.5,0.5,-,M,PW,nan,nan,nan,2014-11-25T15:21:19.646,24.4194585825,245.351919123,0.0275762406903,0.0275762406903,0.0228950861258,0.0228950861258,2456987.13981,nan,134.18566706274072,-31.282073956172148,53411.02246692203,-3834442.0297757206,3945017.304727576,-3320394.6390735595,-3.415848077060228
1798.86021868,1907.07848294,0.00065,5e-05,187,S,1,0.5,0.5,0.5,0.5,-,M,PW,1056189.896,17145939.8701,0.0616,2014-11-25T15:21:19.726,24.408238021,245.449018728,0.0278205052868,0.0278205052868,0.0228764196228,0.0228764196228,2456987.13981,-5.59925713046,134.19080290119842,-31.278210707716713,53080.27681305682,-3834754.9254594734,3944631.7038617013,-3319853.7683796156,1.659427827168498
1796.83804739,1911.52725978,0.00065,5e-05,187,E,1,0.5,0.5,0.5,0.5,-,M,PW,nan,nan,nan,2014-11-25T15:21:19.786,24.3904935631,245.583079609,0.0278205052868,0.0278205052868,0.0228764196228,0.0228764196228,2456987.13981,nan,134.19782007925684,-31.272931441782333,52628.493249583,-3835182.429092213,3944104.864472382,-3319114.78667258,3.958436867326758
1796.231396,1913.34721394,0.00065,5e-05,188,S,1,0.5,0.5,0.5,0.5,-,M,PW,1053342.36044,17099713.6435,0.0616,2014-11-25T15:21:19.826,24.3890940579,245.636130332,0.0278205052868,0.0278205052868,0.0228764196228,0.0228764196228,2456987.13981,-5.59632598369,134.20051937187336,-31.27090040973475,52454.74275827848,-3835346.8732949854,3943902.2096251925,-3318830.528836224,16.98092925454531
1794.20922471,1917.79599078,0.00065,5e-05,188,E,1,0.5,0.5,0.5,0.5,-,M,PW,nan,nan,nan,2014-11-25T15:21:19.886,24.3709077845,245.770089854,0.0278830188858,0.0278830188858,0.0227352235222,0.0227352235222,2456987.13981,nan,134.20738840333746,-31.26573128243924,52012.68287401617,-3835765.334821273,3943386.513387595,-3318107.1772917174,18.533080953153767
1793.80479045,1919.21151069,0.00065,5e-05,189,S,0,0.5,0.5,0.5,0.5,-,M,PW,1054368.12252,45446901.8326,0.0232,2014-11-25T15:21:19.926,24.3715067928,245.810799261,0.0278830188858,0.0278830188858,0.0227352235222,0.0227352235222,2456987.13981,-6.65761459513,134.20940386805015,-31.26421441404063,51883.001748001225,-3835888.114720664,3943235.204059996,-3317894.9402656597,32.04926192951175
1791.58040203,1922.85141901,0.00065,5e-05,189,E,0,0.5,0.5,0.5,0.5,-,M,PW,nan,nan,nan,2014-11-25T15:21:19.946,24.3409211725,245.924823057,0.0278830188858,0.0278830188858,0.0227352235222,0.0227352235222,2456987.13981,nan,134.21527052823916,-31.259798619415275,51505.58779893255,-3836245.4994206172,3942794.7766047516,-3317277.165969926,1.6933942596206253
1790.56931639,1926.2891102,0.00065,5e-05,190,S,1,0.5,0.5,0.5,0.5,-,M,PW,1338634.82896,21731084.8856,0.0616,2014-11-25T15:21:20.026,24.3412732653,246.023869171,0.0278830188858,0.0278830188858,0.0227352235222,0.0227352235222,2456987.13982,-5.85655741019,134.22008214654366,-31.256176436575196,51196.11879921258,-3836538.6067261333,3942433.5621915464,-3316770.501416957,32.21707103560539
1787.94049371,1931.34453843,0.00065,5e-05,190,E,1,0.5,0.5,0.5,0.5,-,M,PW,nan,nan,nan,2014-11-25T15:21:20.086,24.3105971826,246.178392688,0.0278830188858,0.0278830188858,0.0227352235222,0.0227352235222,2456987.13982,nan,134.22774206909534,-31.250409102240692,50703.5892027815,-3837005.211000111,3941858.5366433873,-3315963.9304395737,14.56316444196817
1787.1316252,1933.77114397,0.00065,5e-05,191,S,1,0.5,0.5,0.5,0.5,-,M,PW,1073204.02437,17422143.2528,0.0616,2014-11-25T15:21:20.126,24.3079756263,246.249006964,0.0278830188858,0.0278830188858,0.0227352235222,0.0227352235222,2456987.13982,-5.61660784056,134.23110609997948,-31.247875876095247,50487.335490313555,-3837210.126338859,3941606.006691217,-3315609.714299104,30.29467383841487
1785.10945391,1938.01770368,0.00065,5e-05,191,E,1,0.5,0.5,0.5,0.5,-,M,PW,nan,nan,nan,2014-11-25T15:21:20.186,24.28675804,246.377218107,0.0278830188858,0.0278830188858,0.0227352235222,0.0227352235222,2456987.13982,nan,134.23728199453564,-31.243224637908423,50090.40620634369,-3837586.3151364196,3941142.40577371,-3314959.435287421,24.908073252179754
1783.49171687,1939.23100646,0.00065,5e-05,192,S,1,0.5,0.5,0.5,0.5,-,M,PW,1002400.66648,16272738.0923,0.0616,2014-11-25T15:21:20.226,24.252497662,246.421782772,0.0278830188858,0.0278830188858,0.0227352235222,0.0227352235222,2456987.13982,-5.54250547605,134.23962830455946,-31.241457367596336,49939.63515790027,-3837729.232101911,3940966.28028364,-3314712.389379422,-31.975209430105004
1781.67176271,1943.07313191,0.00065,5e-05,192,E,1,0.5,0.5,0.5,0.5,-,M,PW,nan,nan,nan,2014-11-25T15:21:20.286,24.233225671,246.537547906,0.0278830188858,0.0278830188858,0.0227352235222,0.0227352235222,2456987.13982,nan,134.24510462768467,-31.237332105804732,49587.79328292799,-3838062.797112149,3940555.207317626,-3314135.7897395706,-36.355176810820375
1781.46954558,1945.0953032,0.00065,5e-05,193,S,0,0.5,0.5,0.5,0.5,-,M,PW,927040.884958,39958658.8344,0.0232,2014-11-25T15:21:20.326,24.2434523283,246.592734819,0.0278830188858,0.0278830188858,0.0227352235222,0.0227352235222,2456987.13982,-6.51788114763,134.2475336951983,-31.23550212148228,49431.757878185024,-3838210.7501788507,3940372.8755259416,-3313880.038439654,1.0365513628682963
1779.85180855,1948.73521152,0.00065,5e-05,193,E,0,0.5,0.5,0.5,0.5,-,M,PW,nan,nan,nan,2014-11-25T15:21:20.346,24.2277527712,246.701539103,0.0278904562001,0.0278904562001,0.0227784297713,0.0227784297713,2456987.13982,nan,134.25257062623982,-31.231707079361904,49108.25449519511,-3838517.5419798163,3939994.7968555144,-3313349.7189021823,1.8801832296845893
1778.43628865,1951.56625133,0.00065,5e-05,194,S,1,0.5,0.5,0.5,0.5,-,M,PW,1335900.76425,21686700.7184,0.0616,2014-11-25T15:21:20.426,24.2111350785,246.787298888,0.0278904562001,0.0278904562001,0.0227784297713,0.0227784297713,2456987.13982,-5.85433760495,134.2565336940138,-31.228720777541284,48853.77134925986,-3838758.921956565,3939697.3292556973,-3312932.4700799473,-5.866644625387261
1776.0096831,1956.82389668,0.00065,5e-05,194,E,1,0.5,0.5,0.5,0.5,-,M,PW,nan,nan,nan,2014-11-25T15:21:20.486,24.1854162492,246.944943286,0.0278904562001,0.0278904562001,0.0227784297713,0.0227784297713,2456987.13982,nan,134.2636873394881,-31.223329479406903,48394.520933778826,-3839194.6216746583,3939160.38931922,-3312179.3206403325,-10.044925549776725
1774.99859745,1959.85715362,0.00065,5e-05,195,S,0,0.5,0.5,0.5,0.5,-,M,PW,791974.689676,34136840.0722,0.0232,2014-11-25T15:21:20.526,24.1809301623,247.032970961,0.0278904562001,0.0278904562001,0.0227784297713,0.0227784297713,2456987.13982,-6.3469121834,134.267553059052,-31.220415681333694,48146.40879885104,-3839430.0617720555,3938870.2418031883,-3311772.3394786427,7.364927292538414
