outputs/MOP_triangulation/38_2014-11-25_152058_DSC_0559-G_DN141125_01_2018-04-26_163331_martin_nocomment.ecsv
# %ECSV 0.9
# ---
# datatype:
# - {name: x_image, unit: pix, datatype: float64}
# - {name: y_image, unit: pix, datatype: float64}
# - {name: time_err_minus, unit: s, datatype: float64}
# - {name: time_err_plus, unit: s, datatype: float64}
# - {name: de_bruijn_sequence_element_index, datatype: object}
# - {name: dash_start_end, datatype: object}
# - {name: zero_or_one, datatype: int64}
# - {name: err_minus_x_image, unit: pix, datatype: float64}
# - {name: err_plus_x_image, unit: pix, datatype: float64}
# - {name: err_minus_y_image, unit: pix, datatype: float64}
# - {name: err_plus_y_image, unit: pix, datatype: float64}
# - {name: periodic_pulse, datatype: object}
# - {name: pick_flag, datatype: object}
# - {name: encoding_type, datatype: object}
# - {name: brightness_dash_V, unit: adu, datatype: float64}
# - {name: flux_dash_V, unit: adu / s, datatype: float64}
# - {name: aperture_exptime, unit: s, datatype: float64}
# - {name: datetime, datatype: string}
# - {name: altitude, datatype: float64}
# - {name: azimuth, datatype: float64}
# - {name: err_minus_altitude, datatype: float64}
# - {name: err_plus_altitude, datatype: float64}
# - {name: err_minus_azimuth, datatype: float64}
# - {name: err_plus_azimuth, datatype: float64}
# - {name: JD, datatype: float64, description: Julian Date}
# - {name: m_V, unit: adu / s, datatype: float64}
# - {name: longitude, unit: deg, datatype: float64}
# - {name: latitude, unit: deg, datatype: float64}
# - {name: height, unit: m, datatype: float64}
# - {name: X_geo, unit: m, datatype: float64}
# - {name: Y_geo, unit: m, datatype: float64}
# - {name: Z_geo, unit: m, datatype: float64}
# - {name: cross_track_error, unit: m, datatype: float64}
# delimiter: ','
# meta: !!omap
# - {origin: Desert Fireball Network}
# - {exposure_time: 25.0}
# - {lens_type: Fisheye}
# - {telescope: DFNSMALL38}
# - {observer: 'DFN automated software http://adsabs.harvard.edu/abs/2012M%26PSA..75.5123T'}
# - {creator: raw_to_fits 6.0}
# - {timing_correction_dictionary_version: DEBUG}
# - {isodate_mid_obs: '2014-11-25T15:21:10.500'}
# - {sidereal_time_hour: 4.670575946357566}
# - {point_picking_user_comment: nocomment}
# - {point_picking_hostname: work-desktop-debian}
# - {obs_latitude: -30.85765}
# - {original_raw_filename: 38_2014-11-25_152058_DSC_0559.NEF}
# - {cropped: false}
# - {obs_elevation: 164.4}
# - {instrument: Nikon D800E}
# - {gps_lock: Y}
# - {filter_pattern: RG/GB}
# - {location: NorthWell}
# - {aperture: 4.0}
# - {isodate_start_obs: '2014-11-25T15:20:58'}
# - {image_file: 38_2014-11-25_152058_DSC_0559-G.tiff}
# - {timing_corrected: true}
# - {NAXIS2: 4924}
# - {NAXIS1: 7378}
# - {event_codename: DN141125_01}
# - {jd_mid_obs: 2456987.139704861}
# - {lens: Samyang_8mm_F3.5}
# - {timing_de_bruijn_encoding_type: pulse_width}
# - {jd_start_obs: 2456987.1395601854}
# - {focal: 8.0}
# - {dfn_camera_codename: DFNSMALL38}
# - {point_picking_write_time: '2018-04-26T16:33:31'}
# - {tracking: 'NO'}
# - {point_picking_software: point_picker.py 1.5}
# - {obs_longitude: 135.27432}
# - {sidereal_time_hms: 4h40m14.0734s}
# - {location_info: 'YES'}
# - {processing_filter: GREEN_INTERPOL}
# - {iso: '6400'}
# - {point_picking_user: martin}
# - {shutter_inversion: 'False'}
# - {camera_filter: RG/GB}
[...]
# - {triangulation_ra_eci_end: -14.712968884156677}
# - {triangulation_ra_eci_end_err: 0.3964575417149794}
# - {triangulation_dec_eci_end: -46.42995057646098}
# - {triangulation_dec_eci_end_err: 0.3520494428861188}
# - {triangulation_ra_ecef_end: 50.942410077118545}
# - {triangulation_ra_ecef_end_err: 0.3964575417149794}
# - {triangulation_dec_ecef_end: -47.444576306833106}
# - {triangulation_dec_ecef_end_err: 0.3520494428861188}
# - {triangulation_slope_end: 26.928666419061887}
# - {triangulation_slope_end_err: 0.26519558612893784}
# - {triangulation_azimuth_end: -131.14283483489174}
# - {triangulation_azimuth_end_err: 0.397345478811367}
# - {triangulation_file_1: 36_2014-11-25_152058_DSC_0594-G_DN141125_01_2018-04-26_163106_martin_nocomment.ecsv}
# - {triangulation_file_2: 38_2014-11-25_152058_DSC_0559-G_DN141125_01_2018-04-26_163331_martin_nocomment.ecsv}
# - {triangulation_file_3: 40_2014-11-25_152058_DSC_0617-G_DN141125_01_2018-04-26_163631_martin_nocomment.ecsv}
# - {triangulation_file_4: 40_2014-11-25_152058_DSC_0617-G_DN141125_01_2018-04-26_163631_martin_nocomment.ecsv}
# - {triangulation_file_5: 41_2014-11-25_152059_DSC_0674-G_DN141125_01_2018-01-01_212656_ellie_nocomment.ecsv}
# schema: astropy-2.0
x_image,y_image,time_err_minus,time_err_plus,de_bruijn_sequence_element_index,dash_start_end,zero_or_one,err_minus_x_image,err_plus_x_image,err_minus_y_image,err_plus_y_image,periodic_pulse,pick_flag,encoding_type,brightness_dash_V,flux_dash_V,aperture_exptime,datetime,altitude,azimuth,err_minus_altitude,err_plus_altitude,err_minus_azimuth,err_plus_azimuth,JD,m_V,longitude,latitude,height,X_geo,Y_geo,Z_geo,cross_track_error
[from data line 44]
1772.57199191,1965.51923323,0.00065,5e-05,196,S,1,0.5,0.5,0.5,0.5,-,M,PW,1303166.52213,21155300.684,0.0616,2014-11-25T15:21:20.626,24.1575483373,247.201173981,0.0278904562001,0.0278904562001,0.0227784297713,0.0227784297713,2456987.13982,-5.82740189564,134.27495722191878,-31.214833940458437,47671.30693181177,-3839880.9989592265,3938314.5237832307,-3310992.850588207,11.389360866738098
1769.53873497,1971.38352997,0.00065,5e-05,196,E,1,0.5,0.5,0.5,0.5,-,M,PW,nan,nan,nan,2014-11-25T15:21:20.686,24.1186799523,247.378978244,0.0278904562001,0.0278904562001,0.0227784297713,0.0227784297713,2456987.13982,nan,134.28275401313476,-31.20895503146445,47171.17743937319,-3840355.833741695,3937729.355266135,-3310172.052374495,-11.547062230184164
1768.72986645,1973.81013552,0.00065,5e-05,197,S,0,0.5,0.5,0.5,0.5,-,M,PW,924210.030104,39836639.2286,0.0232,2014-11-25T15:21:20.726,24.1145614625,247.449293008,0.0278904562001,0.0278904562001,0.0227784297713,0.0227784297713,2456987.13982,-6.51456062098,134.2857120558541,-31.20672430197465,46981.47673646522,-3840535.978462958,3937507.3516907953,-3309860.654661267,1.4202538732875645
1767.31434655,1977.45004384,0.00065,5e-05,197,E,0,0.5,0.5,0.5,0.5,-,M,PW,nan,nan,nan,2014-11-25T15:21:20.746,24.1027219946,247.556182328,0.0278904562001,0.0278904562001,0.0227784297713,0.0227784297713,2456987.13982,nan,134.29021105670137,-31.20333116592048,46693.00066699851,-3840809.963330985,3937169.7030499424,-3309387.045105767,10.327071643854028
1766.10104378,1981.2921693,0.00065,5e-05,198,S,0,0.5,0.5,0.5,0.5,-,M,PW,935810.176874,40336645.5549,0.0232,2014-11-25T15:21:20.826,24.0976443023,247.666983573,0.0275863908542,0.0275863908542,0.0227084800906,0.0227084800906,2456987.13982,-6.52810333688,134.29476985641475,-31.199892518782313,46400.74816501753,-3841087.5847743675,3936827.5728304717,-3308907.149375231,33.40082531482606
1764.62872223,1985.97001817,0.00065,5e-05,198,E,0,0.5,0.5,0.5,0.5,-,M,PW,nan,nan,nan,2014-11-25T15:21:20.846,24.0913010367,247.801825069,0.0272508647135,0.0272508647135,0.0227326244236,0.0227326244236,2456987.13982,nan,134.30025192140369,-31.195756916093096,46049.384733306346,-3841421.4243391217,3936416.1615138035,-3308330.075141132,61.034444546278536
1763.53457419,1988.8662924,0.00065,5e-05,199,S,1,0.5,0.5,0.5,0.5,-,M,PW,1412936.60958,22937282.623,0.0616,2014-11-25T15:21:20.926,24.082242011,247.886565015,0.0272508647135,0.0272508647135,0.0227326244236,0.0227326244236,2456987.13983,-5.9152088041,134.3036969280407,-31.193157739210488,45828.626120580826,-3841631.2100038277,3936157.6295552016,-3307967.440167431,68.71480077296552
1760.76702326,1994.98064911,0.00065,5e-05,199,E,1,0.5,0.5,0.5,0.5,-,M,PW,nan,nan,nan,2014-11-25T15:21:20.986,24.0502327235,248.068513119,0.0272508647135,0.0272508647135,0.0227326244236,0.0227326244236,2456987.13983,nan,134.31108733094894,-31.18758105619118,45355.15578545064,-3842081.242944765,3935603.0258942745,-3307189.5143547663,61.71677222760875
1759.54415192,1997.23330684,0.00065,5e-05,200,S,1,0.5,0.5,0.5,0.5,-,M,PW,1258123.22677,20424078.3566,0.0616,2014-11-25T15:21:21.026,24.0327557412,248.136883736,0.0272508647135,0.0272508647135,0.0227326244236,0.0227326244236,2456987.13983,-5.7892100595,134.31386958173363,-31.185481331349855,45176.948986389405,-3842250.6624835753,3935394.2396301823,-3306896.6561650177,49.03802170601561
1757.80638738,2001.73862231,0.00065,5e-05,200,E,1,0.5,0.5,0.5,0.5,-,M,PW,nan,nan,nan,2014-11-25T15:21:21.086,24.016855672,248.268717595,0.0272508647135,0.0272508647135,0.0227326244236,0.0227326244236,2456987.13983,nan,134.31905436261135,-31.18156804028732,44844.91489036447,-3842566.3741360847,3935005.1684703813,-3306350.917794545,58.081439663090265
1756.26170779,2004.69925819,0.00065,5e-05,201,S,1,0.5,0.5,0.5,0.5,-,M,PW,1104935.13818,17937258.7367,0.0616,2014-11-25T15:21:21.126,23.9952592269,248.358018196,0.0272508647135,0.0272508647135,0.0227326244236,0.0227326244236,2456987.13983,-5.64824407131,134.3226059206422,-31.178887139800405,44617.516102954614,-3842782.6317615253,3934738.6607109206,-3305977.0954057546,44.238884399283464
1754.4595816,2009.26893531,0.00065,5e-05,201,E,1,0.5,0.5,0.5,0.5,-,M,PW,nan,nan,nan,2014-11-25T15:21:21.186,23.9775297797,248.491850933,0.0272508647135,0.0272508647135,0.0227326244236,0.0227326244236,2456987.13983,nan,134.32776749878872,-31.174990464822805,44287.09415035046,-3843096.919441911,3934351.3444007784,-3305433.8185099238,50.80585187425201
1753.49415686,2011.26414644,0.00065,5e-05,202,S,0,0.5,0.5,0.5,0.5,-,M,PW,1236676.59958,53305025.8442,0.0232,2014-11-25T15:21:21.226,23.9648173799,248.551442867,0.0272508647135,0.0272508647135,0.0227326244236,0.0227326244236,2456987.13983,-6.83077428522,134.33007848162293,-31.173245642595205,44139.179209187765,-3843237.632694231,3934177.934683892,-3305190.581934984,44.94877594525451
1751.88511562,2014.61095222,0.00065,5e-05,202,E,0,0.5,0.5,0.5,0.5,-,M,PW,nan,nan,nan,2014-11-25T15:21:21.246,23.9436370033,248.651277347,0.0272508647135,0.0272508647135,0.0227326244236,0.0227326244236,2456987.13983,nan,134.3339197798961,-31.170345176960986,43893.349231408996,-3843471.5222920305,3933889.697945216,-3304786.2809630083,35.52739758832329
1749.76118119,2020.40350068,0.00065,5e-05,203,S,1,0.5,0.5,0.5,0.5,-,M,PW,1288639.48841,20919472.2144,0.0616,2014-11-25T15:21:21.326,23.9246144009,248.819604822,0.0273165058553,0.0273165058553,0.0225925582897,0.0225925582897,2456987.13983,-5.81523069797,134.340197648559,-31.165604287205028,43491.676106634186,-3843853.7623661733,3933418.639662169,-3304125.541729807,50.2971515134923
1747.50852345,2025.48807099,0.00065,5e-05,203,E,1,0.5,0.5,0.5,0.5,-,M,PW,nan,nan,nan,2014-11-25T15:21:21.386,23.8968943973,248.96976358,0.0273165058553,0.0273165058553,0.0225925582897,0.0225925582897,2456987.13983,nan,134.34578838243797,-31.161381643892195,43134.06052166384,-3844194.1567595173,3932999.150421416,-3303537.136835452,44.273351820122954
1746.47873706,2027.99817532,0.00065,5e-05,204,S,0,0.5,0.5,0.5,0.5,-,M,PW,1005696.53959,43348988.7756,0.0232,2014-11-25T15:21:21.426,23.8853122984,249.043314672,0.0273165058553,0.0273165058553,0.0225925582897,0.0225925582897,2456987.13983,-6.60630131689,134.34848440515688,-31.159345133819322,42961.63867331263,-3844358.3025919143,3932796.8632746493,-3303253.3947613793,45.02414744451593
1744.35480263,2032.69657574,0.00065,5e-05,204,E,0,0.5,0.5,0.5,0.5,-,M,PW,nan,nan,nan,2014-11-25T15:21:21.446,23.8580079458,249.18215094,0.0273165058553,0.0273165058553,0.0225925582897,0.0225925582897,2456987.13983,nan,134.35356036598657,-31.155510483523738,42637.06519602619,-3844667.3447771613,3932416.011315319,-3302719.1852152846,36.943812706182065
1743.38937788,2035.52848832,0.00065,5e-05,205,S,0,0.5,0.5,0.5,0.5,-,M,PW,927603.112739,39982892.7905,0.0232,2014-11-25T15:21:21.526,23.8499937948,249.26379329,0.0273165058553,0.0273165058553,0.0225925582897,0.0225925582897,2456987.13983,-6.51853942068,134.35646004686598,-31.1533196803741,42451.68256725426,-3844843.884615741,3932198.4502617395,-3302414.018893217,46.5762120728444
1741.39416675,2039.84071884,0.00065,5e-05,205,E,0,0.5,0.5,0.5,0.5,-,M,PW,nan,nan,nan,2014-11-25T15:21:21.546,23.8231981389,249.391337444,0.0273165058553,0.0273165058553,0.0225925582897,0.0225925582897,2456987.13983,nan,134.3610429261534,-31.14985682467376,42158.73763007729,-3845122.897584912,3931854.6051782533,-3301931.7177746957,36.53954323576912
1739.65640221,2043.95986441,0.00065,5e-05,206,S,1,0.5,0.5,0.5,0.5,-,M,PW,1386918.41313,22514909.3041,0.0616,2014-11-25T15:21:21.626,23.8019362265,249.512026051,0.0275344170951,0.0275344170951,0.0227109269192,0.0227109269192,2456987.13983,-5.89502939423,134.3653026911665,-31.14663774130972,41886.499470058174,-3845382.234226025,3931535.0084610125,-3301483.4291074895,34.48925197748646
1736.95321293,2051.03964586,0.00065,5e-05,206,E,1,0.5,0.5,0.5,0.5,-,M,PW,nan,nan,nan,2014-11-25T15:21:21.686,23.7725583449,249.71753507,0.0274607294295,0.0274607294295,0.0226650438735,0.0226650438735,2456987.13983,nan,134.37240366264982,-31.141270768933012,41432.79516611858,-3845814.5350673166,3931002.2571724006,-3300736.154957787,43.26611808815896
1736.11651149,2052.77741039,0.00065,5e-05,207,S,0,0.5,0.5,0.5,0.5,-,M,PW,1032591.39311,44508249.7032,0.0232,2014-11-25T15:21:21.726,23.7604904279,249.768993085,0.0274607294295,0.0274607294295,0.0226650438735,0.0226650438735,2456987.13983,-6.63495517933,134.37419228648224,-31.139918754060275,41318.53642429674,-3845923.422952385,3930868.0678404733,-3300547.931632835,37.38027656567966
1734.185662,2056.83219432,0.00065,5e-05,207,E,0,0.5,0.5,0.5,0.5,-,M,PW,nan,nan,nan,2014-11-25T15:21:21.746,23.7327398336,249.888851519,0.0274607294295,0.0274607294295,0.0226650438735,0.0226650438735,2456987.13984,nan,134.37832409914935,-31.136795286843206,41054.62716768855,-3846174.9565518494,3930558.087298119,-3300113.1312838476,24.518783608341323
1732.89842901,2060.95133989,0.00065,5e-05,208,S,1,0.5,0.5,0.5,0.5,-,M,PW,1431514.55142,23238872.588,0.0616,2014-11-25T15:21:21.826,23.7227680022,250.0065017,0.0274607294295,0.0274607294295,0.0226650438735,0.0226650438735,2456987.13984,-5.9293915267,134.38222350390342,-31.133847197822014,40805.60628675032,-3846412.337956178,3930265.547388479,-3299702.7943838662,41.678764347873845
1730.06651643,2068.03112134,0.00065,5e-05,208,E,1,0.5,0.5,0.5,0.5,-,M,PW,nan,nan,nan,2014-11-25T15:21:21.886,23.6880675173,250.212230032,0.0275421784758,0.0275421784758,0.0226724768845,0.0226724768845,2456987.13984,nan,134.38905694758938,-31.12868014031643,40369.31680568362,-3846828.3238879507,3929752.901980401,-3298983.7221458266,42.43013365087235
1729.22981498,2069.89760917,0.00065,5e-05,209,S,1,0.5,0.5,0.5,0.5,-,M,PW,1450848.33564,23552732.7214,0.0616,2014-11-25T15:21:21.926,23.6763238852,250.266949948,0.0275421784758,0.0275421784758,0.0226724768845,0.0226724768845,2456987.13984,-5.94395714883,134.3908698785012,-31.12730914999976,40253.5900109285,-3846938.684156049,3929616.8981390363,-3298792.9536632635,38.469249468982724
1726.655349,2076.01196588,0.00065,5e-05,209,E,1,0.5,0.5,0.5,0.5,-,M,PW,nan,nan,nan,2014-11-25T15:21:21.986,23.6420523782,250.445100598,0.0275421784758,0.0275421784758,0.0226724768845,0.0226724768845,2456987.13984,nan,134.39668677541664,-31.12290980378156,39882.33590410967,-3847292.7762415092,3929180.528377986,-3298180.870972681,32.57926176470785
1725.62556261,2078.77951681,0.00065,5e-05,210,S,1,0.5,0.5,0.5,0.5,-,M,PW,1194893.14246,19397615.949,0.0616,2014-11-25T15:21:22.026,23.630074625,250.524899757,0.0274831163409,0.0274831163409,0.022858471274,0.022858471274,2456987.13984,-5.73322478094,134.3992415646135,-31.120977391785225,39719.310566539054,-3847448.29136901,3928988.8773871455,-3297912.0479134386,35.7136571851083
1723.56598982,2084.37898032,0.00065,5e-05,210,E,1,0.5,0.5,0.5,0.5,-,M,PW,nan,nan,nan,2014-11-25T15:21:22.086,23.6061533092,250.686120136,0.0274831163409,0.0274831163409,0.022858471274,0.022858471274,2456987.13984,nan,134.40434768264623,-31.117114795525882,39393.535537691474,-3847759.106218806,3928605.840862734,-3297374.774143852,42.65796264287328
1722.60056508,2086.6959997,0.00065,5e-05,211,S,0,0.5,0.5,0.5,0.5,-,M,PW,842344.454983,36307950.6458,0.0232,2014-11-25T15:21:22.126,23.5930123556,250.753424065,0.0274831163409,0.0274831163409,0.022858471274,0.022858471274,2456987.13984,-6.41385823067,134.406478220912,-31.11550296570129,39257.626848991735,-3847888.7924774676,3928446.020397868,-3297150.5988024855,40.40919756723613
1721.18460879,2089.65663558,0.00065,5e-05,211,E,0,0.5,0.5,0.5,0.5,-,M,PW,nan,nan,nan,2014-11-25T15:21:22.146,23.5710971349,250.840387846,0.0274831163409,0.0274831163409,0.022858471274,0.022858471274,2456987.13984,nan,134.40924388440698,-31.11341050561034,39081.22201160315,-3848057.1372782537,3928238.5586004728,-3296859.5984021896,29.487982128587404
1719.17899237,2095.327824,0.00065,5e-05,212,S,1,0.5,0.5,0.5,0.5,-,M,PW,1091316.93677,17716184.0385,0.0616,2014-11-25T15:21:22.226,23.5481645565,251.002939699,0.0274831163409,0.0274831163409,0.022858471274,0.022858471274,2456987.13984,-5.63477934749,134.41424619663118,-31.10962544308622,38762.20944013399,-3848361.6212412952,3927863.3240226554,-3296333.2681875634,38.947039843267554
1716.51003422,2101.86677148,0.00065,5e-05,212,E,1,0.5,0.5,0.5,0.5,-,M,PW,nan,nan,nan,2014-11-25T15:21:22.286,23.5113438713,251.192116246,0.0275373970312,0.0275373970312,0.0228370553993,0.0228370553993,2456987.13984,nan,134.42004410608345,-31.105237758091953,38392.54700989245,-3848714.524516825,3927428.4193062265,-3295723.240470845,33.76150433877209
1715.71386858,2103.81619848,0.00065,5e-05,213,S,0,0.5,0.5,0.5,0.5,-,M,PW,828931.118978,35729789.6111,0.0232,2014-11-25T15:21:22.326,23.5002314775,251.248471497,0.0275373970312,0.0275373970312,0.0228370553993,0.0228370553993,2456987.13984,-6.39643003695,134.42175434469982,-31.103943372577593,38283.52381773553,-3848818.620617378,3927300.135189214,-3295543.300212585,32.078465747158305
1713.97452397,2108.13882314,0.00065,5e-05,213,E,0,0.5,0.5,0.5,0.5,-,M,PW,nan,nan,nan,2014-11-25T15:21:22.346,23.4761081249,251.373219603,0.0275373970312,0.0275373970312,0.0228370553993,0.0228370553993,2456987.13984,nan,134.42550856897063,-31.10110180239434,38044.230700664986,-3849047.1243148968,3927018.5358313634,-3295148.3092943225,29.269555262256148
1712.37314908,2112.14226037,0.00065,5e-05,214,S,0,0.5,0.5,0.5,0.5,-,M,PW,594783.942879,25637238.9172,0.0232,2014-11-25T15:21:22.426,23.4537838609,251.488615527,0.0275373970312,0.0275373970312,0.0228370553993,0.0228370553993,2456987.13984,-6.03603201625,134.42894673116743,-31.098499213041915,37825.11795064493,-3849256.3876545196,3926760.647566538,-3294786.5772104496,26.835454599425212
1711.17211791,2116.1456976,0.00065,5e-05,214,E,0,0.5,0.5,0.5,0.5,-,M,PW,nan,nan,nan,2014-11-25T15:21:22.446,23.442238738,251.6018577,0.0275373970312,0.0275373970312,0.0228370553993,0.0228370553993,2456987.13984,nan,134.43222616566666,-31.096016556475963,37616.15173881942,-3849455.9873794904,3926514.668376752,-3294441.54962662,41.07882104813229
1709.03695139,2121.21671809,0.00065,5e-05,215,S,0,0.5,0.5,0.5,0.5,-,M,PW,596485.308817,25710573.6559,0.0232,2014-11-25T15:21:22.526,23.4103929491,251.748360388,0.0275373970312,0.0275373970312,0.0228370553993,0.0228370553993,2456987.13984,-6.03913330649,134.43652515414894,-31.09276173418257,37342.2650194275,-3849717.6373584648,3926192.220788985,-3293989.26212939,32.80345369850466
1707.83592022,2125.08670742,0.00065,5e-05,215,E,0,0.5,0.5,0.5,0.5,-,M,PW,nan,nan,nan,2014-11-25T15:21:22.546,23.3976294842,251.857899882,0.0275373970312,0.0275373970312,0.0228370553993,0.0228370553993,2456987.13984,nan,134.43963994070302,-31.090403257087438,37143.85567202516,-3849907.210280812,3925958.5982534275,-3293661.566851421,44.198926488855946
1705.96764951,2129.62393628,0.00065,5e-05,216,S,0,0.5,0.5,0.5,0.5,-,M,PW,581041.221547,25044880.2391,0.0232,2014-11-25T15:21:22.626,23.3697225314,251.988555679,0.0275373970312,0.0275373970312,0.0228370553993,0.0228370553993,2456987.13985,-6.01065128785,134.4433941703882,-31.087560344762288,36904.750474171255,-3850135.698029504,3925677.0185503107,-3293266.60350226,37.99686689968899
1704.36627462,2133.62737351,0.00065,5e-05,216,E,0,0.5,0.5,0.5,0.5,-,M,PW,nan,nan,nan,2014-11-25T15:21:22.646,23.3461467464,252.103506002,0.0276412400821,0.0276412400821,0.0230477760295,0.0230477760295,2456987.13985,nan,134.44665858882877,-31.085088116554186,36696.87325438532,-3850334.372397889,3925432.1797351586,-3292923.1754875034,34.267190843086716
1702.64845372,2138.50712758,0.00065,5e-05,217,S,1,0.5,0.5,0.5,0.5,-,M,PW,855848.175056,13893639.2055,0.0616,2014-11-25T15:21:22.726,23.3235441446,252.242357255,0.0276412400821,0.0276412400821,0.0230477760295,0.0230477760295,2456987.13985,-5.37089393156,134.45052714072855,-31.082158087537508,36450.563676294616,-3850569.8113359623,3925142.033647834,-3292516.1963298176,39.08133352855966
