outputs/MOP_triangulation/40_2014-11-25_152058_DSC_0617-G_DN141125_01_2018-04-26_163631_martin_nocomment.ecsv
# %ECSV 0.9
# ---
# datatype:
# - {name: x_image, unit: pix, datatype: float64}
# - {name: y_image, unit: pix, datatype: float64}
# - {name: time_err_minus, unit: s, datatype: float64}
# - {name: time_err_plus, unit: s, datatype: float64}
# - {name: de_bruijn_sequence_element_index, datatype: object}
# - {name: dash_start_end, datatype: object}
# - {name: zero_or_one, datatype: int64}
# - {name: err_minus_x_image, unit: pix, datatype: float64}
# - {name: err_plus_x_image, unit: pix, datatype: float64}
# - {name: err_minus_y_image, unit: pix, datatype: float64}
# - {name: err_plus_y_image, unit: pix, datatype: float64}
# - {name: periodic_pulse, datatype: object}
# - {name: pick_flag, datatype: object}
# - {name: encoding_type, datatype: object}
# - {name: brightness_dash_V, unit: adu, datatype: float64}
# - {name: flux_dash_V, unit: adu / s, datatype: float64}
# - {name: aperture_exptime, unit: s, datatype: float64}
# - {name: datetime, datatype: string}
# - {name: altitude, datatype: float64}
# - {name: azimuth, datatype: float64}
# - {name: err_minus_altitude, datatype: float64}
# - {name: err_plus_altitude, datatype: float64}
# - {name: err_minus_azimuth, datatype: float64}
# - {name: err_plus_azimuth, datatype: float64}
# - {name: JD, datatype: float64, description: Julian Date}
# - {name: m_V, unit: adu / s, datatype: float64}
# - {name: longitude, unit: deg, datatype: float64}
# - {name: latitude, unit: deg, datatype: float64}
# - {name: height, unit: m, datatype: float64}
# - {name: X_geo, unit: m, datatype: float64}
# - {name: Y_geo, unit: m, datatype: float64}
# - {name: Z_geo, unit: m, datatype: float64}
# - {name: cross_track_error, unit: m, datatype: float64}
# delimiter: ','
# meta: !!omap
# - {origin: Desert Fireball Network}
# - {exposure_time: 25.0}
# - {lens_type: Fisheye}
# - {telescope: DFNSMALL40}
# - {observer: 'DFN automated software http://adsabs.harvard.edu/abs/2012M%26PSA..75.5123T'}
# - {creator: raw_to_fits 6.0}
# - {timing_correction_dictionary_version: DEBUG}
# - {isodate_mid_obs: '2014-11-25T15:21:10.500'}
# - {sidereal_time_hour: 4.725841279690901}
# - {point_picking_user_comment: nocomment}
# - {point_picking_hostname: work-desktop-debian}
# - {obs_latitude: -32.4592366667}
# - {original_raw_filename: 40_2014-11-25_152058_DSC_0617.NEF}
# - {cropped: false}
# - {obs_elevation: 284.0}
# - {instrument: Nikon D800}
# - {gps_lock: Y}
# - {filter_pattern: RG/GB}
# - {location: MountIves}
# - {aperture: 4.0}
# - {isodate_start_obs: '2014-11-25T15:20:58'}
# - {image_file: 40_2014-11-25_152058_DSC_0617-G.tiff}
# - {timing_corrected: true}
# - {NAXIS2: 4924}
# - {NAXIS1: 7378}
# - {event_codename: DN141125_01}
# - {jd_mid_obs: 2456987.139704861}
# - {lens: Samyang_8mm_F3.5}
# - {timing_de_bruijn_encoding_type: pulse_width}
# - {jd_start_obs: 2456987.1395601854}
# - {focal: 8.0}
# - {dfn_camera_codename: DFNSMALL40}
# - {point_picking_write_time: '2018-04-26T16:36:31'}
# - {tracking: 'NO'}
# - {point_picking_software: point_picker.py 1.5}
# - {obs_longitude: 136.1033}
# - {sidereal_time_hms: 4h43m33.0286s}
# - {location_info: 'YES'}
# - {processing_filter: GREEN_INTERPOL}
# - {iso: '6400'}
# - {point_picking_user: martin}
# - {shutter_inversion: 'False'}
# - {camera_filter: RG/GB}
[...]
# - {triangulation_ra_eci_end: -14.741866861547232}
# - {triangulation_ra_eci_end_err: 0.3964575417149794}
# - {triangulation_dec_eci_end: -46.37028756591358}
# - {triangulation_dec_eci_end_err: 0.3520494428861188}
# - {triangulation_ra_ecef_end: 50.942410077118545}
# - {triangulation_ra_ecef_end_err: 0.3964575417149794}
# - {triangulation_dec_ecef_end: -47.444576306833106}
# - {triangulation_dec_ecef_end_err: 0.3520494428861188}
# - {triangulation_slope_end: 27.12770903929033}
# - {triangulation_slope_end_err: 0.26519581051766156}
# - {triangulation_azimuth_end: -131.05104826646937}
# - {triangulation_azimuth_end_err: 0.398050098448289}
# - {triangulation_file_1: 36_2014-11-25_152058_DSC_0594-G_DN141125_01_2018-04-26_163106_martin_nocomment.ecsv}
# - {triangulation_file_2: 38_2014-11-25_152058_DSC_0559-G_DN141125_01_2018-04-26_163331_martin_nocomment.ecsv}
# - {triangulation_file_3: 40_2014-11-25_152058_DSC_0617-G_DN141125_01_2018-04-26_163631_martin_nocomment.ecsv}
# - {triangulation_file_4: 40_2014-11-25_152058_DSC_0617-G_DN141125_01_2018-04-26_163631_martin_nocomment.ecsv}
# - {triangulation_file_5: 41_2014-11-25_152059_DSC_0674-G_DN141125_01_2018-01-01_212656_ellie_nocomment.ecsv}
# schema: astropy-2.0
x_image,y_image,time_err_minus,time_err_plus,de_bruijn_sequence_element_index,dash_start_end,zero_or_one,err_minus_x_image,err_plus_x_image,err_minus_y_image,err_plus_y_image,periodic_pulse,pick_flag,encoding_type,brightness_dash_V,flux_dash_V,aperture_exptime,datetime,altitude,azimuth,err_minus_altitude,err_plus_altitude,err_minus_azimuth,err_plus_azimuth,JD,m_V,longitude,latitude,height,X_geo,Y_geo,Z_geo,cross_track_error
[from data line 88]
1573.58891019,3761.2029399,0.00065,5e-05,198,S,0,0.5,0.5,0.5,0.5,-,M,PW,499885.352551,21546782.4375,0.0232,2014-11-25T15:21:20.826,10.8303094971,308.589744773,0.0385698642786,0.0385698642786,0.0492662157392,0.0492662157392,2456987.13982,-5.83701940185,134.29049598610413,-31.2031162592583,46674.7328955185,-3840827.3150913212,3937148.319393479,-3309357.0508963815,57.09922286472727
1574.14071977,3766.32688605,0.00065,5e-05,198,E,0,0.5,0.5,0.5,0.5,-,M,PW,nan,nan,nan,2014-11-25T15:21:20.846,10.7756332352,308.696519438,0.0385698642786,0.0385698642786,0.0492662157392,0.0492662157392,2456987.13982,nan,134.29386116967476,-31.200577963138016,46458.997001982316,-3841032.2480483362,3936895.7677292204,-3309002.8043010207,34.10722652941363
1575.79614853,3775.07700947,0.00065,5e-05,199,S,1,0.5,0.5,0.5,0.5,-,M,PW,945408.129102,15347534.5633,0.0616,2014-11-25T15:21:20.926,10.6976016539,308.886705568,0.0385698642786,0.0385698642786,0.0492662157392,0.0492662157392,2456987.13983,-5.46865988581,134.29961791819815,-31.196235230936153,46090.01575944175,-3841382.8160284837,3936463.740942939,-3308396.81337004,63.1175638939541
1576.66327788,3784.53660236,0.00065,5e-05,199,E,1,0.5,0.5,0.5,0.5,-,M,PW,nan,nan,nan,2014-11-25T15:21:20.986,10.5921780694,309.081096047,0.0385698642786,0.0385698642786,0.0492662157392,0.0492662157392,2456987.13983,nan,134.30579857084723,-31.191571982882028,45693.96760906781,-3841759.189311737,3935999.912672207,-3307746.2154568518,1.3578968886901617
1577.92455693,3789.34522875,0.00065,5e-05,200,S,1,0.5,0.5,0.5,0.5,-,M,PW,896350.638592,14551146.7304,0.0616,2014-11-25T15:21:21.026,10.5564242143,309.189229379,0.0385698642786,0.0385698642786,0.0492662157392,0.0492662157392,2456987.13983,-5.41080638571,134.3089604628481,-31.1891860691809,45491.39910092994,-3841951.730319978,3935762.6323792874,-3307413.389553052,49.27726285516758
1579.04090616,3797.40974741,0.00065,5e-05,200,E,1,0.5,0.5,0.5,0.5,-,M,PW,nan,nan,nan,2014-11-25T15:21:21.086,10.4740353924,309.358644172,0.0385698642786,0.0385698642786,0.0492662157392,0.0492662157392,2456987.13983,nan,134.31422266425844,-31.18521485400388,45154.33514080016,-3842272.1625936287,3935367.7437036373,-3306859.491128719,30.28538316289404
1580.04658047,3803.15645773,0.00065,5e-05,201,S,1,0.5,0.5,0.5,0.5,-,M,PW,913276.478259,14825916.8548,0.0616,2014-11-25T15:21:21.126,10.4196396713,309.481576874,0.0385698642786,0.0385698642786,0.0492662157392,0.0492662157392,2456987.13983,-5.43111723612,134.31797291478773,-31.18238432340768,44914.164741372086,-3842500.523168149,3935086.320725185,-3306464.747612513,36.07189515522955
1581.33959029,3812.20752648,0.00065,5e-05,201,E,1,0.5,0.5,0.5,0.5,-,M,PW,nan,nan,nan,2014-11-25T15:21:21.186,10.3270737607,309.671371463,0.0385698642786,0.0385698642786,0.0492662157392,0.0492662157392,2456987.13983,nan,134.32385833851797,-31.177941689841543,44537.334854581924,-3842858.891892359,3934644.680595476,-3305845.272334917,14.81037343477645
1582.20159683,3817.16406412,0.00065,5e-05,202,S,0,0.5,0.5,0.5,0.5,-,M,PW,332661.989816,14338878.8714,0.0232,2014-11-25T15:21:21.226,10.2794865174,309.776899745,0.0385698642786,0.0385698642786,0.0492662157392,0.0492662157392,2456987.13983,-5.39485132563,134.32708113893926,-31.17550865499567,44331.02763999769,-3843055.1274774275,3934402.8472451074,-3305506.059994882,17.09972083140917
1582.8908432,3820.56188529,0.00065,5e-05,202,E,0,0.5,0.5,0.5,0.5,-,M,PW,nan,nan,nan,2014-11-25T15:21:21.246,10.2488982609,309.850316241,0.0385698642786,0.0385698642786,0.0492662157392,0.0492662157392,2456987.13983,nan,134.3292918993096,-31.173839534453077,44189.5228945539,-3843189.738693258,3934236.9574483605,-3305273.37138491,27.775515652762774
1584.86159172,3829.78498836,0.00065,5e-05,203,S,1,0.5,0.5,0.5,0.5,-,M,PW,902167.1404,14645570.461,0.0616,2014-11-25T15:21:21.326,10.1675651273,310.050446369,0.0385698642786,0.0385698642786,0.0492662157392,0.0492662157392,2456987.13983,-5.41782906704,134.3352881658201,-31.169311872938618,43805.78719504891,-3843554.8399202796,3933787.0204355423,-3304642.258319844,64.55963741024907
1585.88638095,3839.40224113,0.00065,5e-05,203,E,1,0.5,0.5,0.5,0.5,-,M,PW,nan,nan,nan,2014-11-25T15:21:21.386,10.0596667713,310.246354246,0.0382377904732,0.0382377904732,0.0488155538325,0.0488155538325,2456987.13983,nan,134.34148570208217,-31.16463148430683,43409.277006038436,-3843932.1867763977,3933321.9923702483,-3303989.9774910435,0.44439036873999277
1586.65529733,3843.81443321,0.00065,5e-05,204,S,0,0.5,0.5,0.5,0.5,-,M,PW,442348.765066,19066757.1149,0.0232,2014-11-25T15:21:21.426,10.0164259875,310.339583923,0.0382377904732,0.0382377904732,0.0488155538325,0.0488155538325,2456987.13983,-5.70425542123,134.34433590965497,-31.162478746558772,43226.960633470095,-3844105.723027661,3933108.132824648,-3303690.0031624776,-0.9781105556533795
1587.38414982,3847.91587473,0.00065,5e-05,204,E,0,0.5,0.5,0.5,0.5,-,M,PW,nan,nan,nan,2014-11-25T15:21:21.446,9.9764017499,310.42630847,0.0382377904732,0.0382377904732,0.0488155538325,0.0488155538325,2456987.13983,nan,134.3469832758037,-31.16047906832729,43057.63961487926,-3844266.9073928525,3932909.4952786206,-3303411.380273186,-1.4720606996816001
1589.59138816,3856.42950833,0.00065,5e-05,205,S,0,0.5,0.5,0.5,0.5,-,M,PW,351702.616314,15159595.5308,0.0232,2014-11-25T15:21:21.526,9.90788382292,310.614320276,0.0382377904732,0.0382377904732,0.0488155538325,0.0488155538325,2456987.13983,-5.45528237094,134.35250065699253,-31.156311086334256,42704.820476946494,-3844602.8265230237,3932495.52118379,-3302830.711307524,62.673207375490485
1590.06436781,3861.31696466,0.00065,5e-05,205,E,0,0.5,0.5,0.5,0.5,-,M,PW,nan,nan,nan,2014-11-25T15:21:21.546,9.85116260345,310.712542657,0.0382377904732,0.0382377904732,0.0488155538325,0.0488155538325,2456987.13983,nan,134.3556287055691,-31.15394780286507,42504.82953502909,-3844793.2706852253,3932260.8249650216,-3302501.5100065274,22.06331851816125
1591.7986265,3869.67293838,0.00065,5e-05,206,S,1,0.5,0.5,0.5,0.5,-,M,PW,838899.498454,13618498.3515,0.0616,2014-11-25T15:21:21.626,9.77370833674,310.891239789,0.0382377904732,0.0382377904732,0.0488155538325,0.0488155538325,2456987.13983,-5.33888639201,134.3610092116531,-31.149882301113575,42160.89249960655,-3845120.8450113996,3931857.134692608,-3301935.265848119,39.944782204521964
1593.37522532,3879.44785103,0.00065,5e-05,206,E,1,0.5,0.5,0.5,0.5,-,M,PW,nan,nan,nan,2014-11-25T15:21:21.686,9.67271862692,311.094291571,0.0382377904732,0.0382377904732,0.0488155538325,0.0488155538325,2456987.13983,nan,134.36726958877898,-31.145151244551695,41760.81379068991,-3845501.97844347,3931387.4401936065,-3301276.439553628,14.817466614509037
1594.2696885,3883.82590379,0.00065,5e-05,207,S,0,0.5,0.5,0.5,0.5,-,M,PW,438849.24854,18915915.8854,0.0232,2014-11-25T15:21:21.726,9.63128780667,311.187320943,0.0382377904732,0.0382377904732,0.0488155538325,0.0488155538325,2456987.13983,-5.69563177091,134.37007779874764,-31.1430287865081,41581.38665370616,-3845672.939897118,3931176.7537316927,-3300980.916013759,20.65878155775347
1595.18831396,3888.11914452,0.00065,5e-05,207,E,0,0.5,0.5,0.5,0.5,-,M,PW,nan,nan,nan,2014-11-25T15:21:21.746,9.59139985995,311.278941047,0.0382377904732,0.0382377904732,0.0488155538325,0.0488155538325,2456987.13984,nan,134.3728310378183,-31.14094772324217,41405.49327808239,-3845840.552894377,3930970.193781425,-3300691.180607204,29.770042675656143
1596.92257265,3896.08096853,0.00065,5e-05,208,S,1,0.5,0.5,0.5,0.5,-,M,PW,817470.241782,13270620.8082,0.0616,2014-11-25T15:21:21.826,9.51769472122,311.44893797,0.0382377904732,0.0382377904732,0.0488155538325,0.0488155538325,2456987.13984,-5.31079143534,134.3779318559642,-31.137091819911248,41079.67866937359,-3846151.078025152,3930587.5142958323,-3300154.40764519,48.05756293024209
1598.1838517,3904.75226201,0.00065,5e-05,208,E,1,0.5,0.5,0.5,0.5,-,M,PW,nan,nan,nan,2014-11-25T15:21:21.886,9.42352881111,311.625994319,0.0379331143733,0.0379331143733,0.0483295116907,0.0483295116907,2456987.13984,nan,134.3834453050392,-31.13292341028624,40727.589303870496,-3846486.7159461784,3930173.886752569,-3299574.2247769497,6.0361900267966515
1599.60279064,3909.79737822,0.00065,5e-05,209,S,1,0.5,0.5,0.5,0.5,-,M,PW,635744.587685,10320529.0209,0.0616,2014-11-25T15:21:21.926,9.38302406824,311.737168174,0.0379331143733,0.0379331143733,0.0483295116907,0.0483295116907,2456987.13984,-5.03781823406,134.38668352121744,-31.13047489440335,40520.83624601802,-3846683.8428337285,3929930.954994564,-3299233.4717336823,45.682676720633
1600.78523975,3917.20739265,0.00065,5e-05,209,E,1,0.5,0.5,0.5,0.5,-,M,PW,nan,nan,nan,2014-11-25T15:21:21.986,9.30406875325,311.889142448,0.0379331143733,0.0379331143733,0.0483295116907,0.0483295116907,2456987.13984,nan,134.39138634209743,-31.12691857344339,40220.62371371247,-3846970.1231890665,3929578.153857848,-3298738.608229663,16.86533998799389
1601.96768886,3922.64665857,0.00065,5e-05,210,S,1,0.5,0.5,0.5,0.5,-,M,PW,577652.832732,9377481.05084,0.0616,2014-11-25T15:21:22.026,9.2525050851,312.004340879,0.0379331143733,0.0379331143733,0.0483295116907,0.0483295116907,2456987.13984,-4.93377882366,134.39485025675424,-31.124298844206248,39999.53851217759,-3847180.982694737,3929318.2985380515,-3298374.117017164,24.490804278075114
1603.30779785,3929.97784306,0.00065,5e-05,210,E,1,0.5,0.5,0.5,0.5,-,M,PW,nan,nan,nan,2014-11-25T15:21:22.086,9.17730478547,312.156202408,0.0379331143733,0.0379331143733,0.0483295116907,0.0483295116907,2456987.13984,nan,134.39949884375045,-31.120782781716354,39702.89417211187,-3847463.952376412,3928969.5773509727,-3297884.976335333,9.349171700773574
1604.49024697,3933.91934009,0.00065,5e-05,211,S,0,0.5,0.5,0.5,0.5,-,M,PW,190771.732989,8222919.5254,0.0232,2014-11-25T15:21:22.126,9.14642613377,312.243415999,0.0379331143733,0.0379331143733,0.0483295116907,0.0483295116907,2456987.13984,-4.79112843557,134.40202087476644,-31.118875007153388,39541.97895605699,-3847617.4717295775,3928780.3858773187,-3297619.6031666,44.17337308467159
1605.35737631,3938.1761569,0.00065,5e-05,211,E,0,0.5,0.5,0.5,0.5,-,M,PW,nan,nan,nan,2014-11-25T15:21:22.146,9.10431740295,312.332443948,0.0379331143733,0.0379331143733,0.0483295116907,0.0483295116907,2456987.13984,nan,134.40471959470474,-31.116833437018144,39369.81006211311,-3847781.7446542843,3928577.942106772,-3297335.641401079,42.51692125697752
1606.77631525,3945.3496815,0.00065,5e-05,212,S,1,0.5,0.5,0.5,0.5,-,M,PW,458304.189446,7440003.07543,0.0616,2014-11-25T15:21:22.226,9.03216443967,312.481697135,0.0379331143733,0.0379331143733,0.0483295116907,0.0483295116907,2456987.13984,-4.68249612322,134.40925953191686,-31.11339866650228,39080.22401321304,-3848058.089730458,3928237.3848342183,-3296857.951995699,34.50453258978148
1608.19525418,3953.94214505,0.00065,5e-05,212,E,1,0.5,0.5,0.5,0.5,-,M,PW,nan,nan,nan,2014-11-25T15:21:22.286,8.93938315784,312.656562513,0.0379331143733,0.0379331143733,0.0483295116907,0.0483295116907,2456987.13984,nan,134.41467176660896,-31.109303407193124,38735.07279440328,-3848387.5248279786,3927831.401417222,-3296288.49131261,-3.477143269933743
1609.45653323,3958.43545167,0.00065,5e-05,213,S,0,0.5,0.5,0.5,0.5,-,M,PW,141165.081988,6084701.80982,0.0232,2014-11-25T15:21:22.326,8.9014903347,312.754287756,0.0378596625602,0.0378596625602,0.0488133856035,0.0488133856035,2456987.13984,-4.4641615851,134.41752894281785,-31.107141240910522,38552.89691957469,-3848561.4342443063,3927617.0819970383,-3295987.8719318486,24.56886910534686
1610.00834282,3962.53460859,0.00065,5e-05,213,E,0,0.5,0.5,0.5,0.5,-,M,PW,nan,nan,nan,2014-11-25T15:21:22.346,8.85430579513,312.835869503,0.0382086798507,0.0382086798507,0.0493040921211,0.0493040921211,2456987.13984,nan,134.42009730937366,-31.10519749232705,38389.1553171527,-3848717.7628212958,3927424.4285416594,-3295717.642745861,-6.579025938948395
1611.74260151,3968.44685415,0.00065,5e-05,214,S,0,0.5,0.5,0.5,0.5,-,M,PW,121177.443962,5223165.68802,0.0232,2014-11-25T15:21:22.426,8.80556150354,312.965073659,0.0385026703203,0.0385026703203,0.0497990072854,0.0497990072854,2456987.13984,-4.29839784216,134.42385496161504,-31.10235345145402,38149.62626276915,-3848946.476675122,3927142.570195085,-3295322.288551933,35.56695188035031
1612.84622069,3974.98973923,0.00065,5e-05,214,E,0,0.5,0.5,0.5,0.5,-,M,PW,nan,nan,nan,2014-11-25T15:21:22.446,8.73436163747,313.097613481,0.0385026703203,0.0385026703203,0.0497990072854,0.0497990072854,2456987.13984,nan,134.42795822807744,-31.09924750541959,37888.111476472484,-3849196.2228234257,3926834.792440276,-3294890.577986537,4.5900099920142585
1614.0286698,3980.11368538,0.00065,5e-05,215,S,0,0.5,0.5,0.5,0.5,-,M,PW,85792.1912735,3697939.27903,0.0232,2014-11-25T15:21:22.526,8.68498598072,313.205212353,0.0385509954983,0.0385509954983,0.0492459328739,0.0492459328739,2456987.13984,-3.92346277473,134.43118762489726,-31.096802794500434,37682.324498525304,-3849392.7778454684,3926592.5654278016,-3294550.8134685503,9.20010010435099
1614.97462909,3985.86827105,0.00065,5e-05,215,E,0,0.5,0.5,0.5,0.5,-,M,PW,nan,nan,nan,2014-11-25T15:21:22.546,8.62140692544,313.321059695,0.0385509954983,0.0385509954983,0.0492459328739,0.0492459328739,2456987.13984,nan,134.4347861759185,-31.094078382464936,37453.048338523695,-3849611.7982057943,3926322.652977834,-3294172.2154231677,-22.199398980617445
1616.70888778,3991.93817649,0.00065,5e-05,216,S,0,0.5,0.5,0.5,0.5,-,M,PW,55503.207031,2392379.61341,0.0232,2014-11-25T15:21:22.626,8.56928552628,313.452308293,0.0385509954983,0.0385509954983,0.0492459328739,0.0492459328739,2456987.13985,-3.45063856788,134.43862493278982,-31.091171829514415,37208.5078552788,-3849845.4348721253,3926034.727942382,-3293768.351667895,12.251365658277917
1617.81250695,3997.92925199,0.00065,5e-05,216,E,0,0.5,0.5,0.5,0.5,-,M,PW,nan,nan,nan,2014-11-25T15:21:22.646,8.50503547465,313.573967427,0.0385509954983,0.0385509954983,0.0492459328739,0.0492459328739,2456987.13985,nan,134.44236991913957,-31.08833599285634,36969.98065488969,-3850073.36098278,3925753.8403808475,-3293374.359164837,-11.468627237958236
1619.15261595,4002.34372867,0.00065,5e-05,217,S,1,0.5,0.5,0.5,0.5,-,M,PW,117903.991906,1914025.84263,0.0616,2014-11-25T15:21:22.726,8.46835706534,313.67013409,0.0385509954983,0.0385509954983,0.0492459328739,0.0492459328739,2456987.13985,-3.20843282856,134.44516159254403,-31.086221856782462,36792.197834502156,-3850243.26467016,3925544.4574702773,-3293080.664077085,19.33457770310283
1620.8080447,4009.51725328,0.00065,5e-05,217,E,1,0.5,0.5,0.5,0.5,-,M,PW,nan,nan,nan,2014-11-25T15:21:22.786,8.39770577948,313.819553736,0.0385509954983,0.0385509954983,0.0492459328739,0.0492459328739,2456987.13985,nan,134.44965859821443,-31.0828159448655,36505.85987347348,-3850516.9524073973,3925207.1750022285,-3292607.568141123,19.578658614535005
1622.14815369,4014.72002937,0.00065,5e-05,218,S,1,0.5,0.5,0.5,0.5,-,M,PW,100573.183973,1632681.558,0.0616,2014-11-25T15:21:22.826,8.34907779951,313.92950317,0.0385509954983,0.0385509954983,0.0492459328739,0.0492459328739,2456987.13985,-3.03581705354,134.4529260111407,-31.08034104082537,36297.84937027656,-3850715.8040708187,3924962.117695345,-3292263.833654611,31.695377296662215
1623.56709263,4021.57823421,0.00065,5e-05,218,E,1,0.5,0.5,0.5,0.5,-,M,PW,nan,nan,nan,2014-11-25T15:21:22.886,8.27756878011,314.069766608,0.0385509954983,0.0385509954983,0.0492459328739,0.0492459328739,2456987.13985,nan,134.457204272644,-31.077100147169784,36025.53134037956,-3850976.171123275,3924641.2511379407,-3291813.7638209425,14.241869412579964
