outputs/MOP_triangulation/40_2014-11-25_152058_DSC_0617-G_DN141125_01_2018-04-26_163631_martin_nocomment.ecsv
# %ECSV 0.9
# ---
# datatype:
# - {name: x_image, unit: pix, datatype: float64}
# - {name: y_image, unit: pix, datatype: float64}
# - {name: time_err_minus, unit: s, datatype: float64}
# - {name: time_err_plus, unit: s, datatype: float64}
# - {name: de_bruijn_sequence_element_index, datatype: object}
# - {name: dash_start_end, datatype: object}
# - {name: zero_or_one, datatype: int64}
# - {name: err_minus_x_image, unit: pix, datatype: float64}
# - {name: err_plus_x_image, unit: pix, datatype: float64}
# - {name: err_minus_y_image, unit: pix, datatype: float64}
# - {name: err_plus_y_image, unit: pix, datatype: float64}
# - {name: periodic_pulse, datatype: object}
# - {name: pick_flag, datatype: object}
# - {name: encoding_type, datatype: object}
# - {name: brightness_dash_V, unit: adu, datatype: float64}
# - {name: flux_dash_V, unit: adu / s, datatype: float64}
# - {name: aperture_exptime, unit: s, datatype: float64}
# - {name: datetime, datatype: string}
# - {name: altitude, datatype: float64}
# - {name: azimuth, datatype: float64}
# - {name: err_minus_altitude, datatype: float64}
# - {name: err_plus_altitude, datatype: float64}
# - {name: err_minus_azimuth, datatype: float64}
# - {name: err_plus_azimuth, datatype: float64}
# - {name: JD, datatype: float64, description: Julian Date}
# - {name: m_V, unit: adu / s, datatype: float64}
# - {name: longitude, unit: deg, datatype: float64}
# - {name: latitude, unit: deg, datatype: float64}
# - {name: height, unit: m, datatype: float64}
# - {name: X_geo, unit: m, datatype: float64}
# - {name: Y_geo, unit: m, datatype: float64}
# - {name: Z_geo, unit: m, datatype: float64}
# - {name: cross_track_error, unit: m, datatype: float64}
# delimiter: ','
# meta: !!omap
# - {origin: Desert Fireball Network}
# - {exposure_time: 25.0}
# - {lens_type: Fisheye}
# - {telescope: DFNSMALL40}
# - {observer: 'DFN automated software http://adsabs.harvard.edu/abs/2012M%26PSA..75.5123T'}
# - {creator: raw_to_fits 6.0}
# - {timing_correction_dictionary_version: DEBUG}
# - {isodate_mid_obs: '2014-11-25T15:21:10.500'}
# - {sidereal_time_hour: 4.725841279690901}
# - {point_picking_user_comment: nocomment}
# - {point_picking_hostname: work-desktop-debian}
# - {obs_latitude: -32.4592366667}
# - {original_raw_filename: 40_2014-11-25_152058_DSC_0617.NEF}
# - {cropped: false}
# - {obs_elevation: 284.0}
# - {instrument: Nikon D800}
# - {gps_lock: Y}
# - {filter_pattern: RG/GB}
# - {location: MountIves}
# - {aperture: 4.0}
# - {isodate_start_obs: '2014-11-25T15:20:58'}
# - {image_file: 40_2014-11-25_152058_DSC_0617-G.tiff}
# - {timing_corrected: true}
# - {NAXIS2: 4924}
# - {NAXIS1: 7378}
# - {event_codename: DN141125_01}
# - {jd_mid_obs: 2456987.139704861}
# - {lens: Samyang_8mm_F3.5}
# - {timing_de_bruijn_encoding_type: pulse_width}
# - {jd_start_obs: 2456987.1395601854}
# - {focal: 8.0}
# - {dfn_camera_codename: DFNSMALL40}
# - {point_picking_write_time: '2018-04-26T16:36:31'}
# - {tracking: 'NO'}
# - {point_picking_software: point_picker.py 1.5}
# - {obs_longitude: 136.1033}
# - {sidereal_time_hms: 4h43m33.0286s}
# - {location_info: 'YES'}
# - {processing_filter: GREEN_INTERPOL}
# - {iso: '6400'}
# - {point_picking_user: martin}
# - {shutter_inversion: 'False'}
# - {camera_filter: RG/GB}
[...]
# - {triangulation_ra_eci_end: -14.741866861547232}
# - {triangulation_ra_eci_end_err: 0.3964575417149794}
# - {triangulation_dec_eci_end: -46.37028756591358}
# - {triangulation_dec_eci_end_err: 0.3520494428861188}
# - {triangulation_ra_ecef_end: 50.942410077118545}
# - {triangulation_ra_ecef_end_err: 0.3964575417149794}
# - {triangulation_dec_ecef_end: -47.444576306833106}
# - {triangulation_dec_ecef_end_err: 0.3520494428861188}
# - {triangulation_slope_end: 27.12770903929033}
# - {triangulation_slope_end_err: 0.26519581051766156}
# - {triangulation_azimuth_end: -131.05104826646937}
# - {triangulation_azimuth_end_err: 0.398050098448289}
# - {triangulation_file_1: 36_2014-11-25_152058_DSC_0594-G_DN141125_01_2018-04-26_163106_martin_nocomment.ecsv}
# - {triangulation_file_2: 38_2014-11-25_152058_DSC_0559-G_DN141125_01_2018-04-26_163331_martin_nocomment.ecsv}
# - {triangulation_file_3: 40_2014-11-25_152058_DSC_0617-G_DN141125_01_2018-04-26_163631_martin_nocomment.ecsv}
# - {triangulation_file_4: 40_2014-11-25_152058_DSC_0617-G_DN141125_01_2018-04-26_163631_martin_nocomment.ecsv}
# - {triangulation_file_5: 41_2014-11-25_152059_DSC_0674-G_DN141125_01_2018-01-01_212656_ellie_nocomment.ecsv}
# schema: astropy-2.0
x_image,y_image,time_err_minus,time_err_plus,de_bruijn_sequence_element_index,dash_start_end,zero_or_one,err_minus_x_image,err_plus_x_image,err_minus_y_image,err_plus_y_image,periodic_pulse,pick_flag,encoding_type,brightness_dash_V,flux_dash_V,aperture_exptime,datetime,altitude,azimuth,err_minus_altitude,err_plus_altitude,err_minus_azimuth,err_plus_azimuth,JD,m_V,longitude,latitude,height,X_geo,Y_geo,Z_geo,cross_track_error
[from data line 131]
1626.32614055,4033.00857562,0.00065,5e-05,219,E,1,0.5,0.5,0.5,0.5,-,M,PW,nan,nan,nan,2014-11-25T15:21:22.986,8.16566704219,314.307926108,0.0383870780032,0.0383870780032,0.0487192645213,0.0487192645213,2456987.13985,nan,134.46435015097535,-31.071686146095974,35570.79946826513,-3851411.0461569005,3924105.327511568,-3291062.0399288298,18.45935266615285
1626.95678008,4036.16177325,0.00065,5e-05,220,S,0,0.5,0.5,0.5,0.5,-,M,PW,20105.6235111,866621.703065,0.0232,2014-11-25T15:21:23.026,8.1319801332,314.37181676,0.0383870780032,0.0383870780032,0.0487192645213,0.0487192645213,2456987.13985,-2.34813723806,134.4663094408995,-31.07020153248428,35446.143994133054,-3851530.2800499788,3923958.3881487064,-3290855.9325203877,6.904982159955123
1627.74507949,4039.31497088,0.00065,5e-05,220,E,0,0.5,0.5,0.5,0.5,-,M,PW,nan,nan,nan,2014-11-25T15:21:23.046,8.10142123633,314.437665221,0.0383870780032,0.0383870780032,0.0487192645213,0.0487192645213,2456987.13985,nan,134.46827896769642,-31.06870908496292,35320.848070117856,-3851650.1359818433,3923810.682208654,-3290648.749857261,9.579446229755172
1629.16401842,4045.85785597,0.00065,5e-05,221,S,0,0.5,0.5,0.5,0.5,-,M,PW,10504.6699336,452787.497139,0.0232,2014-11-25T15:21:23.126,8.03339170712,314.571327565,0.0386255015403,0.0386255015403,0.0492410598283,0.0492410598283,2456987.13985,-1.64329940089,134.47234633416798,-31.065626713598398,35062.12773158712,-3851897.653391281,3923505.651067752,-3290220.8918842766,-5.765201384561819
1629.71582801,4049.24754342,0.00065,5e-05,221,E,0,0.5,0.5,0.5,0.5,-,M,PW,nan,nan,nan,2014-11-25T15:21:23.146,7.99432882834,314.638112658,0.0386255015403,0.0386255015403,0.0492410598283,0.0492410598283,2456987.13985,nan,134.47443794367248,-31.064041501270204,34929.101002144285,-3852024.935616265,3923348.7932435228,-3290000.8721494945,-31.036029991840802
1631.29242682,4054.76563927,0.00065,5e-05,222,S,1,0.5,0.5,0.5,0.5,-,M,PW,30051.2097642,487844.314354,0.0616,2014-11-25T15:21:23.226,7.94425800281,314.755405337,0.0386397239548,0.0386397239548,0.0497725213529,0.0497725213529,2456987.13985,-1.72426645509,134.47789052212133,-31.061424631837266,34709.54324727175,-3852235.035563456,3923089.873975013,-3289637.693907878,-10.627962664747704
1632.71136576,4061.46618424,0.00065,5e-05,222,E,1,0.5,0.5,0.5,0.5,-,M,PW,nan,nan,nan,2014-11-25T15:21:23.286,7.87317280647,314.891203435,0.0386397239548,0.0386397239548,0.0497725213529,0.0497725213529,2456987.13985,nan,134.48204132836682,-31.058278228579326,34445.62775799337,-3852487.6210074597,3922778.5971790305,-3289201.0753430575,-32.52095252077562
1633.5784951,4065.88066092,0.00065,5e-05,223,S,1,0.5,0.5,0.5,0.5,-,M,PW,19605.5999804,318272.726954,0.0616,2014-11-25T15:21:23.326,7.82481517774,314.979640981,0.0386397239548,0.0386397239548,0.0497725213529,0.0497725213529,2456987.13985,-1.26056189848,134.48476790247446,-31.05621123797942,34272.29371859109,-3852653.536622299,3922574.129018982,-3288914.274027495,-53.83847332759746
1634.60328433,4069.97981784,0.00065,5e-05,223,E,1,0.5,0.5,0.5,0.5,-,M,PW,nan,nan,nan,2014-11-25T15:21:23.386,7.78419926053,315.064491099,0.0386397239548,0.0386397239548,0.0497725213529,0.0497725213529,2456987.13985,nan,134.4873145878651,-31.054280485487475,34110.41441096824,-3852808.5041581304,3922383.1528595085,-3288646.397533839,-54.05726929113767
1635.62807356,4074.23663464,0.00065,5e-05,224,S,0,0.5,0.5,0.5,0.5,-,M,PW,5413.10831663,233323.634337,0.0232,2014-11-25T15:21:23.426,7.74110320104,315.151987102,0.0386397239548,0.0386397239548,0.0497725213529,0.0497725213529,2456987.13985,-0.923460166919,134.48995428326657,-31.05227908160819,33942.64214402749,-3852969.129771247,3922185.203898511,-3288368.740501982,-58.4186512159791
1636.35405621,4076.73918268,0.00065,5e-05,224,E,0,0.5,0.5,0.5,0.5,-,M,PW,nan,nan,nan,2014-11-25T15:21:23.446,7.7181767599,315.204975628,0.0386397239548,0.0386397239548,0.0497725213529,0.0497725213529,2456987.13985,nan,134.49151491662914,-31.051095751836666,33843.461482377075,-3853064.0936114346,3922068.1740355105,-3288204.586246079,-49.967427139665055
1637.59882208,4082.19845866,0.00065,5e-05,225,S,0,0.5,0.5,0.5,0.5,-,M,PW,3219.5494612,138773.683672,0.0232,2014-11-25T15:21:23.526,7.66123015103,315.316042199,0.0386397239548,0.0386397239548,0.0497725213529,0.0497725213529,2456987.13986,-0.359331126939,134.4948905581438,-31.048536049838543,33628.9576108074,-3853269.4978829506,3921815.0415409966,-3287849.5249376534,-63.10044404357722
1638.46595143,4085.98229581,0.00065,5e-05,225,E,0,0.5,0.5,0.5,0.5,-,M,PW,nan,nan,nan,2014-11-25T15:21:23.546,7.621727418,315.392971054,0.0386397239548,0.0386397239548,0.0497725213529,0.0497725213529,2456987.13986,nan,134.49722864074488,-31.046762981154505,33480.40376094191,-3853411.7661714717,3921639.715456014,-3287603.600331038,-72.3126102933532
1639.64840054,4090.47560243,0.00065,5e-05,226,S,1,0.5,0.5,0.5,0.5,-,M,PW,10202.3278518,165622.205386,0.0616,2014-11-25T15:21:23.626,7.57772865103,315.486197643,0.0386397239548,0.0386397239548,0.0497725213529,0.0497725213529,2456987.13986,-0.551359743822,134.50001537030337,-31.044649541796613,33303.364426569104,-3853581.332139249,3921430.748738373,-3287310.489024544,-69.90650598639904
1640.98850954,4096.62433781,0.00065,5e-05,226,E,1,0.5,0.5,0.5,0.5,-,M,PW,nan,nan,nan,2014-11-25T15:21:23.686,7.51176299017,315.609949283,0.0386397239548,0.0386397239548,0.0497725213529,0.0497725213529,2456987.13986,nan,134.50380291355765,-31.041776842959987,33062.77888310461,-3853811.7922909446,3921146.73832002,-3286912.1161845,-92.84564637575492
1642.40744847,4101.19647438,0.00065,5e-05,227,S,1,0.5,0.5,0.5,0.5,-,M,PW,3499.50646992,56810.1699662,0.0616,2014-11-25T15:21:23.726,7.47091925259,315.707334068,0.0386397239548,0.0386397239548,0.0497725213529,0.0497725213529,2456987.13986,0.610371442912,134.50665124204514,-31.039616312216044,32881.87896016781,-3853985.1018986055,3920933.1580814663,-3286612.5336314957,-72.29254832797241
1643.19574788,4104.34967201,0.00065,5e-05,227,E,1,0.5,0.5,0.5,0.5,-,M,PW,nan,nan,nan,2014-11-25T15:21:23.786,7.43888866425,315.771939475,0.0386397239548,0.0386397239548,0.0497725213529,0.0497725213529,2456987.13986,nan,134.5085988669635,-31.03813889527339,32758.196633616357,-3854103.6061107293,3920787.1179499542,-3286407.6875477214,-75.75322954496384
1643.95511582,4107.70935889,0.00065,5e-05,228,S,1,0.5,0.5,0.5,0.5,-,M,PW,nan,nan,nan,2014-11-25T15:21:23.826,7.4030912549,315.839654467,0.0386397239548,0.0386397239548,0.0497725213529,0.0497725213529,2456987.13986,nan,134.5106662213344,-31.03657057196784,32626.922624204126,-3854229.394327291,3920632.1012854823,-3286190.2503521494,-87.05878517371461
1644.85117663,4110.65606727,0.00065,5e-05,228,E,1,0.5,0.5,0.5,0.5,-,M,PW,nan,nan,nan,2014-11-25T15:21:23.886,7.37617379629,315.902001462,0.0386397239548,0.0386397239548,0.0497725213529,0.0497725213529,2456987.13986,nan,134.51249767533912,-31.035181134714918,32510.63795828699,-3854340.828326715,3920494.7742180377,-3285997.62582031,-76.42865646797581
