outputs/MOP_triangulation/40_2014-11-25_152058_DSC_0617-G_DN141125_01_2018-04-26_163631_martin_nocomment.ecsv
# %ECSV 0.9
# ---
# datatype:
# - {name: x_image, unit: pix, datatype: float64}
# - {name: y_image, unit: pix, datatype: float64}
# - {name: time_err_minus, unit: s, datatype: float64}
# - {name: time_err_plus, unit: s, datatype: float64}
# - {name: de_bruijn_sequence_element_index, datatype: object}
# - {name: dash_start_end, datatype: object}
# - {name: zero_or_one, datatype: int64}
# - {name: err_minus_x_image, unit: pix, datatype: float64}
# - {name: err_plus_x_image, unit: pix, datatype: float64}
# - {name: err_minus_y_image, unit: pix, datatype: float64}
# - {name: err_plus_y_image, unit: pix, datatype: float64}
# - {name: periodic_pulse, datatype: object}
# - {name: pick_flag, datatype: object}
# - {name: encoding_type, datatype: object}
# - {name: brightness_dash_V, unit: adu, datatype: float64}
# - {name: flux_dash_V, unit: adu / s, datatype: float64}
# - {name: aperture_exptime, unit: s, datatype: float64}
# - {name: datetime, datatype: string}
# - {name: altitude, datatype: float64}
# - {name: azimuth, datatype: float64}
# - {name: err_minus_altitude, datatype: float64}
# - {name: err_plus_altitude, datatype: float64}
# - {name: err_minus_azimuth, datatype: float64}
# - {name: err_plus_azimuth, datatype: float64}
# - {name: JD, datatype: float64, description: Julian Date}
# - {name: m_V, unit: adu / s, datatype: float64}
# - {name: longitude, unit: deg, datatype: float64}
# - {name: latitude, unit: deg, datatype: float64}
# - {name: height, unit: m, datatype: float64}
# - {name: X_geo, unit: m, datatype: float64}
# - {name: Y_geo, unit: m, datatype: float64}
# - {name: Z_geo, unit: m, datatype: float64}
# - {name: cross_track_error, unit: m, datatype: float64}
# delimiter: ','
# meta: !!omap
# - {origin: Desert Fireball Network}
# - {exposure_time: 25.0}
# - {lens_type: Fisheye}
# - {telescope: DFNSMALL40}
# - {observer: 'DFN automated software http://adsabs.harvard.edu/abs/2012M%26PSA..75.5123T'}
# - {creator: raw_to_fits 6.0}
# - {timing_correction_dictionary_version: DEBUG}
# - {isodate_mid_obs: '2014-11-25T15:21:10.500'}
# - {sidereal_time_hour: 4.725841279690901}
# - {point_picking_user_comment: nocomment}
# - {point_picking_hostname: work-desktop-debian}
# - {obs_latitude: -32.4592366667}
# - {original_raw_filename: 40_2014-11-25_152058_DSC_0617.NEF}
# - {cropped: false}
# - {obs_elevation: 284.0}
# - {instrument: Nikon D800}
# - {gps_lock: Y}
# - {filter_pattern: RG/GB}
# - {location: MountIves}
# - {aperture: 4.0}
# - {isodate_start_obs: '2014-11-25T15:20:58'}
# - {image_file: 40_2014-11-25_152058_DSC_0617-G.tiff}
# - {timing_corrected: true}
# - {NAXIS2: 4924}
# - {NAXIS1: 7378}
# - {event_codename: DN141125_01}
# - {jd_mid_obs: 2456987.139704861}
# - {lens: Samyang_8mm_F3.5}
# - {timing_de_bruijn_encoding_type: pulse_width}
# - {jd_start_obs: 2456987.1395601854}
# - {focal: 8.0}
# - {dfn_camera_codename: DFNSMALL40}
# - {point_picking_write_time: '2018-04-26T16:36:31'}
# - {tracking: 'NO'}
# - {point_picking_software: point_picker.py 1.5}
# - {obs_longitude: 136.1033}
# - {sidereal_time_hms: 4h43m33.0286s}
# - {location_info: 'YES'}
# - {processing_filter: GREEN_INTERPOL}
# - {iso: '6400'}
# - {point_picking_user: martin}
# - {shutter_inversion: 'False'}
# - {camera_filter: RG/GB}
[...]
# - {triangulation_ra_eci_end: -14.741866861547232}
# - {triangulation_ra_eci_end_err: 0.3964575417149794}
# - {triangulation_dec_eci_end: -46.37028756591358}
# - {triangulation_dec_eci_end_err: 0.3520494428861188}
# - {triangulation_ra_ecef_end: 50.942410077118545}
# - {triangulation_ra_ecef_end_err: 0.3964575417149794}
# - {triangulation_dec_ecef_end: -47.444576306833106}
# - {triangulation_dec_ecef_end_err: 0.3520494428861188}
# - {triangulation_slope_end: 27.12770903929033}
# - {triangulation_slope_end_err: 0.26519581051766156}
# - {triangulation_azimuth_end: -131.05104826646937}
# - {triangulation_azimuth_end_err: 0.398050098448289}
# - {triangulation_file_1: 36_2014-11-25_152058_DSC_0594-G_DN141125_01_2018-04-26_163106_martin_nocomment.ecsv}
# - {triangulation_file_2: 38_2014-11-25_152058_DSC_0559-G_DN141125_01_2018-04-26_163331_martin_nocomment.ecsv}
# - {triangulation_file_3: 40_2014-11-25_152058_DSC_0617-G_DN141125_01_2018-04-26_163631_martin_nocomment.ecsv}
# - {triangulation_file_4: 40_2014-11-25_152058_DSC_0617-G_DN141125_01_2018-04-26_163631_martin_nocomment.ecsv}
# - {triangulation_file_5: 41_2014-11-25_152059_DSC_0674-G_DN141125_01_2018-01-01_212656_ellie_nocomment.ecsv}
# schema: astropy-2.0
x_image,y_image,time_err_minus,time_err_plus,de_bruijn_sequence_element_index,dash_start_end,zero_or_one,err_minus_x_image,err_plus_x_image,err_minus_y_image,err_plus_y_image,periodic_pulse,pick_flag,encoding_type,brightness_dash_V,flux_dash_V,aperture_exptime,datetime,altitude,azimuth,err_minus_altitude,err_plus_altitude,err_minus_azimuth,err_plus_azimuth,JD,m_V,longitude,latitude,height,X_geo,Y_geo,Z_geo,cross_track_error
[from data line 44]
1541.1109746,3457.55000811,0.00065,5e-05,176,S,1,0.5,0.5,0.5,0.5,-,M,PW,1054933.44727,17125542.9752,0.0616,2014-11-25T15:21:18.626,13.7044409657,301.967202946,0.0274847052027,0.0274847052027,0.0219751377675,0.0219751377675,2456987.1398,-5.5876742104,134.08138611682546,-31.36040211346384,60142.65582812774,-3828087.3754888135,3952848.5415346073,-3331379.278531384,17.208680697167633
1541.58395424,3468.90151958,0.00065,5e-05,176,E,1,0.5,0.5,0.5,0.5,-,M,PW,nan,nan,nan,2014-11-25T15:21:18.686,13.5933232304,302.217553997,0.0275531483967,0.0275531483967,0.0216810933662,0.0216810933662,2456987.1398,nan,134.0895979071367,-31.35424186074578,59611.45590557859,-3828587.8845556127,3952231.7329956684,-3330514.0998141896,-6.156452425121394
1541.97810395,3473.86780585,0.00065,5e-05,177,S,1,0.5,0.5,0.5,0.5,-,M,PW,805647.176647,13078687.9326,0.0616,2014-11-25T15:21:18.726,13.5488747275,302.328647378,0.0275531483967,0.0275531483967,0.0216810933662,0.0216810933662,2456987.1398,-5.29497377882,134.09317476827263,-31.351558181881398,59380.13689445298,-3828805.8890448664,3951963.072466981,-3330137.2578009935,2.214346801885645
1542.52991353,3481.75079992,0.00065,5e-05,177,E,1,0.5,0.5,0.5,0.5,-,M,PW,nan,nan,nan,2014-11-25T15:21:18.786,13.4761055295,302.503953346,0.0275531483967,0.0275531483967,0.0216810933662,0.0216810933662,2456987.1398,nan,134.0988411332014,-31.347306251419393,59013.76106944632,-3829151.239062994,3951537.4761007335,-3329540.286626071,6.025025183271087
1542.92406324,3486.00761672,0.00065,5e-05,178,S,0,0.5,0.5,0.5,0.5,-,M,PW,459414.456313,19802347.2549,0.0232,2014-11-25T15:21:18.826,13.4388943858,302.599405807,0.0275531483967,0.0275531483967,0.0216810933662,0.0216810933662,2456987.1398,-5.74535501568,134.10189210562956,-31.345016596602356,58816.528557840116,-3829337.1844009524,3951308.324063664,-3329218.861981374,17.412715820847982
1543.239383,3491.28922275,0.00065,5e-05,178,E,0,0.5,0.5,0.5,0.5,-,M,PW,nan,nan,nan,2014-11-25T15:21:18.846,13.3883412719,302.715969968,0.0275531483967,0.0275531483967,0.0216810933662,0.0216810933662,2456987.1398,nan,134.10567512164747,-31.342177310220222,58572.0087359968,-3829567.7417540564,3951024.1938579534,-3328820.3211192205,12.369449218623643
1543.79119258,3498.69923718,0.00065,5e-05,179,S,0,0.5,0.5,0.5,0.5,-,M,PW,404399.36963,17431007.3116,0.0232,2014-11-25T15:21:18.926,13.3196364457,302.880294709,0.0275531483967,0.0275531483967,0.0216810933662,0.0216810933662,2456987.1398,-5.6068695482,134.11096821683256,-31.338204179101393,58229.95042944951,-3829890.3253314565,3950626.6539965193,-3328262.703956622,15.341244816056891
1544.02768241,3504.61148274,0.00065,5e-05,179,E,0,0.5,0.5,0.5,0.5,-,M,PW,nan,nan,nan,2014-11-25T15:21:18.946,13.2596177319,303.009127133,0.027475312161,0.027475312161,0.0218025541655,0.0218025541655,2456987.1398,nan,134.1151854199383,-31.33503824130903,57957.476223663216,-3830147.334390262,3950309.9257041235,-3327818.438742354,-4.979209147043336
1544.73715187,3512.41564687,0.00065,5e-05,180,S,0,0.5,0.5,0.5,0.5,-,M,PW,559080.969983,24098317.6717,0.0232,2014-11-25T15:21:19.026,13.1894251953,303.182811393,0.0273771860848,0.0273771860848,0.0217397931037,0.0217397931037,2456987.1398,-5.95853014828,134.12073098337024,-31.330874539213195,57599.25229055867,-3830485.290834168,3949893.440900514,-3327234.248081282,8.28308144798511
1544.97364169,3518.24906249,0.00065,5e-05,180,E,0,0.5,0.5,0.5,0.5,-,M,PW,nan,nan,nan,2014-11-25T15:21:19.046,13.1296243549,303.309438302,0.0273771860848,0.0273771860848,0.0217397931037,0.0217397931037,2456987.1398,nan,134.124871373968,-31.327765465981866,57331.85378178925,-3830737.6084571993,3949582.4941570195,-3326798.0924711227,-13.889197477064466
1545.60428122,3525.18609728,0.00065,5e-05,181,S,1,0.5,0.5,0.5,0.5,-,M,PW,1205146.31645,19564063.5787,0.0616,2014-11-25T15:21:19.126,13.0664518272,303.46325573,0.0273657108694,0.0273657108694,0.0217829513914,0.0217829513914,2456987.1398,-5.73221099933,134.1297782333687,-31.3240804002146,57015.016683353206,-3831036.6294553024,3949213.9919316117,-3326281.205523984,-5.030998483085563
1546.55024051,3537.48356803,0.00065,5e-05,181,E,1,0.5,0.5,0.5,0.5,-,M,PW,nan,nan,nan,2014-11-25T15:21:19.186,12.9493800551,303.73345795,0.0273908061461,0.0273908061461,0.0218426457228,0.0218426457228,2456987.13981,nan,134.13845071075764,-31.31756617404151,56455.197731866465,-3831565.109939956,3948562.7124699196,-3325367.6754840603,-11.082697386124073
1546.86556027,3540.95208543,0.00065,5e-05,182,S,1,0.5,0.5,0.5,0.5,-,M,PW,1166474.86501,18936280.2762,0.0616,2014-11-25T15:21:19.226,12.9172787379,303.809991561,0.0273908061461,0.0273908061461,0.0218426457228,0.0218426457228,2456987.13981,-5.69680001798,134.1408895704142,-31.315733984896436,56297.804348794256,-3831713.7249024287,3948379.5649827956,-3325110.7800327754,-8.595346927096513
1547.73268962,3550.25401844,0.00065,5e-05,182,E,1,0.5,0.5,0.5,0.5,-,M,PW,nan,nan,nan,2014-11-25T15:21:19.286,12.8311930591,304.015095591,0.0273908061461,0.0273908061461,0.0218426457228,0.0218426457228,2456987.13981,nan,134.14741594525788,-31.3108304754655,55876.70251784872,-3832111.4102930916,3947889.4724729015,-3324423.342064186,-1.5904038925523263
1548.12683933,3554.51083524,0.00065,5e-05,183,S,1,0.5,0.5,0.5,0.5,-,M,PW,1026970.84602,16671604.6432,0.0616,2014-11-25T15:21:19.326,12.7914908754,304.108751792,0.0273908061461,0.0273908061461,0.0218426457228,0.0218426457228,2456987.13981,-5.55850684235,134.1503958861811,-31.30859125289035,55684.46723361395,-3832292.989740499,3947665.7007950516,-3324109.4642869434,0.4153380300604419
1548.83630879,3562.86680896,0.00065,5e-05,183,E,1,0.5,0.5,0.5,0.5,-,M,PW,nan,nan,nan,2014-11-25T15:21:19.386,12.711603791,304.291604867,0.0273908061461,0.0273908061461,0.0218426457228,0.0218426457228,2456987.13981,nan,134.15623368751992,-31.304204031297,55307.9441790419,-3832648.703273643,3947227.3328228937,-3323494.5787659627,-3.9753961607049355
1549.38811838,3566.96596588,0.00065,5e-05,184,S,0,0.5,0.5,0.5,0.5,-,M,PW,742364.164178,31998455.3525,0.0232,2014-11-25T15:21:19.426,12.6769880594,304.383259146,0.0273908061461,0.0273908061461,0.0218426457228,0.0218426457228,2456987.13981,-6.26638587135,134.15909008754608,-31.30205714411584,55123.748579354644,-3832822.7485582954,3947012.8459636997,-3323193.7245235564,14.154375529628654
1549.93992796,3572.95704137,0.00065,5e-05,184,E,0,0.5,0.5,0.5,0.5,-,M,PW,nan,nan,nan,2014-11-25T15:21:19.446,12.6201566353,304.514391933,0.0380287745749,0.0380287745749,0.04734693597,0.04734693597,2456987.13981,nan,134.16325990866227,-31.298922790644973,54854.8977779384,-3833076.81910555,3946699.7389823585,-3322754.538812983,13.322724313438853
1551.04354713,3581.78599474,0.00065,5e-05,185,S,1,0.5,0.5,0.5,0.5,-,M,PW,1023693.53394,16618401.525,0.0616,2014-11-25T15:21:19.526,12.5426565958,304.710270731,0.0383377852767,0.0383377852767,0.0478083060892,0.0478083060892,2456987.13981,-5.55503645544,134.1693887148981,-31.294315288129695,54459.82911018588,-3833450.2442101426,3946239.543936063,-3322109.037114031,39.9784046992664
1551.59535672,3591.32441757,0.00065,5e-05,185,E,1,0.5,0.5,0.5,0.5,-,M,PW,nan,nan,nan,2014-11-25T15:21:19.586,12.4432278145,304.914634953,0.0383377852767,0.0383377852767,0.0478083060892,0.0478083060892,2456987.13981,nan,134.17599286766597,-31.28934959456726,54034.236985562384,-3833852.621321642,3945743.6695259674,-3321413.489048575,0.03908049520113575
1552.1471663,3595.10825473,0.00065,5e-05,186,S,0,0.5,0.5,0.5,0.5,-,M,PW,520870.862941,22451330.2992,0.0232,2014-11-25T15:21:19.626,12.4113486425,304.99904648,0.0383377852767,0.0383377852767,0.0478083060892,0.0478083060892,2456987.13981,-5.88166853348,134.17860607670167,-31.287384470937027,53865.86742765048,-3834011.835601868,3945547.4598385133,-3321138.2716432116,17.652162906872633
1552.54131601,3599.52273141,0.00065,5e-05,186,E,0,0.5,0.5,0.5,0.5,-,M,PW,nan,nan,nan,2014-11-25T15:21:19.646,12.3681855295,305.094784936,0.0383377852767,0.0383377852767,0.0478083060892,0.0478083060892,2456987.13981,nan,134.1816513962562,-31.285094230465507,53669.681053110085,-3834197.37478961,3945318.808325687,-3320817.549068761,11.979733341929032
1553.80259506,3608.90349436,0.00065,5e-05,187,S,1,0.5,0.5,0.5,0.5,-,M,PW,1061653.16044,17234629.2279,0.0616,2014-11-25T15:21:19.726,12.2857796607,305.302320815,0.0383377852767,0.0383377852767,0.0478083060892,0.0478083060892,2456987.13981,-5.5945681975,134.18810851912417,-31.2802375244423,53253.784571551565,-3834590.7738270215,3944833.9981562374,-3320137.5204796484,41.309485127311405
1554.51206453,3618.91489684,0.00065,5e-05,187,E,1,0.5,0.5,0.5,0.5,-,M,PW,nan,nan,nan,2014-11-25T15:21:19.786,12.182258615,305.51643522,0.0384452825395,0.0384452825395,0.0482809718982,0.0482809718982,2456987.13981,nan,134.1949781547358,-31.27506963794555,52811.446866865364,-3835009.293599398,3944318.230138352,-3319414.0682510994,4.43285074140709
1554.82738429,3622.77756393,0.00065,5e-05,188,S,1,0.5,0.5,0.5,0.5,-,M,PW,1089541.38647,17687360.17,0.0616,2014-11-25T15:21:19.826,12.143072058,305.59931402,0.0384452825395,0.0384452825395,0.0482809718982,0.0482809718982,2456987.13981,-5.62272088431,134.19762269292838,-31.27307995573386,52641.19959126333,-3835170.404004132,3944119.683738409,-3319135.5732096685,-6.340422958267347
1556.08866334,3632.86779635,0.00065,5e-05,188,E,1,0.5,0.5,0.5,0.5,-,M,PW,nan,nan,nan,2014-11-25T15:21:19.886,12.0502494064,305.820067026,0.0384452825395,0.0384452825395,0.0482809718982,0.0482809718982,2456987.13981,nan,134.20451745349774,-31.267891862030787,52197.428172305685,-3835590.437944858,3943602.0497164303,-3318409.5035935086,7.9331398479429645
1556.71930287,3636.33631374,0.00065,5e-05,189,S,0,0.5,0.5,0.5,0.5,-,M,PW,583518.203855,25151646.7179,0.0232,2014-11-25T15:21:19.926,12.0226866428,305.897935947,0.0387936881911,0.0387936881911,0.0487703102454,0.0487703102454,2456987.13981,-6.00497939622,134.20688383588,-31.2661110146878,52045.15005979273,-3835734.5969656194,3943424.393564186,-3318160.3106718855,32.11936248620045
1557.27111245,3642.01206948,0.00065,5e-05,189,E,0,0.5,0.5,0.5,0.5,-,M,PW,nan,nan,nan,2014-11-25T15:21:19.946,11.9663031716,306.020019792,0.0387936881911,0.0387936881911,0.0487703102454,0.0487703102454,2456987.13981,nan,134.21074810872756,-31.263202673816867,51796.515545521084,-3835970.00382123,3943134.287014081,-3317753.3869718644,22.067125973701057
1558.1382418,3649.18559409,0.00065,5e-05,190,S,1,0.5,0.5,0.5,0.5,-,M,PW,1220594.17282,19814840.4679,0.0616,2014-11-25T15:21:20.026,11.8985724453,306.175869389,0.0387936881911,0.0387936881911,0.0487703102454,0.0487703102454,2456987.13982,-5.74603978585,134.21562367584085,-31.25953278580995,51482.87218754904,-3836267.0121602523,3942768.265113985,-3317239.9791021636,25.160090002320025
1559.32069091,3660.61593549,0.00065,5e-05,190,E,1,0.5,0.5,0.5,0.5,-,M,PW,nan,nan,nan,2014-11-25T15:21:20.086,11.7852222547,306.421368621,0.0387936881911,0.0387936881911,0.0487703102454,0.0487703102454,2456987.13982,nan,134.22336886875163,-31.253701929723217,50984.763887708286,-3836738.819249005,3942186.8278126875,-3316424.4145522127,6.637219476358728
1559.95133044,3665.03041218,0.00065,5e-05,191,S,1,0.5,0.5,0.5,0.5,-,M,PW,1121944.07702,18213377.8737,0.0616,2014-11-25T15:21:20.126,11.7451460213,306.517865637,0.039115681321,0.039115681321,0.0492846477518,0.0492846477518,2456987.13982,-5.65453958058,134.22635474100596,-31.25145374046254,50792.78158392854,-3836920.7029826636,3941962.6811439125,-3316110.0107865194,15.978472686684883
1560.73962985,3674.09585536,0.00065,5e-05,191,E,1,0.5,0.5,0.5,0.5,-,M,PW,nan,nan,nan,2014-11-25T15:21:20.186,11.6507840441,306.710086133,0.039115681321,0.039115681321,0.0492846477518,0.0492846477518,2456987.13982,nan,134.23246840930472,-31.246849948226792,50399.76967859768,-3837293.108741953,3941503.7423004094,-3315466.2711253017,-17.810790703961516
1561.44909931,3679.29863145,0.00065,5e-05,192,S,1,0.5,0.5,0.5,0.5,-,M,PW,1127288.34535,18300135.4765,0.0616,2014-11-25T15:21:20.226,11.6021984379,306.822996591,0.039115681321,0.039115681321,0.0492846477518,0.0492846477518,2456987.13982,-5.65969909765,134.23597272680382,-31.244210747276057,50174.54487683597,-3837506.5652428404,3941240.6865414367,-3315097.290753386,-12.44228634654862
1562.71037836,3688.83705429,0.00065,5e-05,192,E,1,0.5,0.5,0.5,0.5,-,M,PW,nan,nan,nan,2014-11-25T15:21:20.286,11.5116555105,307.029135458,0.0387978608485,0.0387978608485,0.0488179910244,0.0488179910244,2456987.13982,nan,134.24238322975182,-31.239382183394888,49762.62668687394,-3837897.0366226495,3940759.484307044,-3314422.322905861,-8.765669484253234
1563.10452807,3693.09387109,0.00065,5e-05,193,S,0,0.5,0.5,0.5,0.5,-,M,PW,513335.525097,22126531.2542,0.0232,2014-11-25T15:21:20.326,11.4671851906,307.11907545,0.0387978608485,0.0387978608485,0.0488179910244,0.0488179910244,2456987.13982,-5.86584667435,134.24523581570134,-31.23723327580994,49579.365768519056,-3838070.7877343395,3940545.3599755387,-3314121.977170099,-24.943034280526184
1563.81399754,3697.42951783,0.00065,5e-05,193,E,0,0.5,0.5,0.5,0.5,-,M,PW,nan,nan,nan,2014-11-25T15:21:20.346,11.4287258783,307.21398991,0.0387978608485,0.0387978608485,0.0488179910244,0.0488179910244,2456987.13982,nan,134.24814248773234,-31.23504345762265,49392.65361566083,-3838247.831141507,3940327.1783429827,-3313815.9403806357,-11.136991643112562
1565.39059635,3705.94315143,0.00065,5e-05,194,S,1,0.5,0.5,0.5,0.5,-,M,PW,1062586.65673,17249783.3884,0.0616,2014-11-25T15:21:20.426,11.3568893344,307.402103003,0.0387978608485,0.0387978608485,0.0488179910244,0.0488179910244,2456987.13982,-5.59552245019,134.25384366856585,-31.230747834196293,49026.502969802634,-3838595.0800478826,3939899.2418583157,-3313215.6867922507,32.51771876551488
1566.41538558,3716.26987367,0.00065,5e-05,194,E,1,0.5,0.5,0.5,0.5,-,M,PW,nan,nan,nan,2014-11-25T15:21:20.486,11.2489249957,307.619748418,0.0387978608485,0.0387978608485,0.0488179910244,0.0488179910244,2456987.13982,nan,134.26072476495645,-31.225562327857357,48584.69517563421,-3839014.1847448237,3939382.753001408,-3312491.2234645654,-6.186114009441914
1567.04602511,3719.65956112,0.00065,5e-05,195,S,0,0.5,0.5,0.5,0.5,-,M,PW,544471.876716,23468615.3757,0.0232,2014-11-25T15:21:20.526,11.219932388,307.694351703,0.0385698642786,0.0385698642786,0.0492662157392,0.0492662157392,2456987.13982,-5.92978200412,134.26298483104867,-31.22385896538625,48439.614286327254,-3839151.8352809185,3939213.1176607423,-3312253.281093209,9.719882362502611
1567.59783469,3724.23169768,0.00065,5e-05,195,E,0,0.5,0.5,0.5,0.5,-,M,PW,nan,nan,nan,2014-11-25T15:21:20.546,11.1739565723,307.791502566,0.0385698642786,0.0385698642786,0.0492662157392,0.0492662157392,2456987.13982,nan,134.26602388913668,-31.221568333433463,48244.549972537396,-3839336.928737142,3938985.0154506653,-3311933.329009142,0.8665087740077425
1569.41092333,3734.08544028,0.00065,5e-05,196,S,1,0.5,0.5,0.5,0.5,-,M,PW,1016017.64372,16493792.9176,0.0616,2014-11-25T15:21:20.626,11.0882995758,308.007505062,0.0385698642786,0.0385698642786,0.0492662157392,0.0492662157392,2456987.13982,-5.5468646796,134.27257442817634,-31.216630364836643,47824.18655093496,-3839735.8806907875,3938493.362076215,-3311243.7016629595,41.528085502850416
1570.43571256,3743.07205353,0.00065,5e-05,196,E,1,0.5,0.5,0.5,0.5,-,M,PW,nan,nan,nan,2014-11-25T15:21:20.686,10.9954166212,308.196850893,0.0385698642786,0.0385698642786,0.0492662157392,0.0492662157392,2456987.13982,nan,134.27851897831877,-31.21214846756124,47442.814953752226,-3840097.9164555874,3938047.2028236804,-3310617.8875482,13.624514535155111
1571.38167185,3747.64419009,0.00065,5e-05,197,S,0,0.5,0.5,0.5,0.5,-,M,PW,532343.606546,22945845.1098,0.0232,2014-11-25T15:21:20.726,10.9574005322,308.297832732,0.0385698642786,0.0385698642786,0.0492662157392,0.0492662157392,2456987.13982,-5.90532347971,134.28154828036762,-31.20986425290643,47248.508698006706,-3840282.404025925,3937819.847284569,-3310298.9827969563,40.48321445169674
