outputs/MOP_triangulation/40_2014-11-25_152058_DSC_0617-G_DN141125_01_2018-04-26_163631_martin_nocomment.ecsv
# %ECSV 0.9
# ---
# datatype:
# - {name: x_image, unit: pix, datatype: float64}
# - {name: y_image, unit: pix, datatype: float64}
# - {name: time_err_minus, unit: s, datatype: float64}
# - {name: time_err_plus, unit: s, datatype: float64}
# - {name: de_bruijn_sequence_element_index, datatype: object}
# - {name: dash_start_end, datatype: object}
# - {name: zero_or_one, datatype: int64}
# - {name: err_minus_x_image, unit: pix, datatype: float64}
# - {name: err_plus_x_image, unit: pix, datatype: float64}
# - {name: err_minus_y_image, unit: pix, datatype: float64}
# - {name: err_plus_y_image, unit: pix, datatype: float64}
# - {name: periodic_pulse, datatype: object}
# - {name: pick_flag, datatype: object}
# - {name: encoding_type, datatype: object}
# - {name: brightness_dash_V, unit: adu, datatype: float64}
# - {name: flux_dash_V, unit: adu / s, datatype: float64}
# - {name: aperture_exptime, unit: s, datatype: float64}
# - {name: datetime, datatype: string}
# - {name: altitude, datatype: float64}
# - {name: azimuth, datatype: float64}
# - {name: err_minus_altitude, datatype: float64}
# - {name: err_plus_altitude, datatype: float64}
# - {name: err_minus_azimuth, datatype: float64}
# - {name: err_plus_azimuth, datatype: float64}
# - {name: JD, datatype: float64, description: Julian Date}
# - {name: m_V, unit: adu / s, datatype: float64}
# - {name: longitude, unit: deg, datatype: float64}
# - {name: latitude, unit: deg, datatype: float64}
# - {name: height, unit: m, datatype: float64}
# - {name: X_geo, unit: m, datatype: float64}
# - {name: Y_geo, unit: m, datatype: float64}
# - {name: Z_geo, unit: m, datatype: float64}
# - {name: cross_track_error, unit: m, datatype: float64}
# delimiter: ','
# meta: !!omap
# - {origin: Desert Fireball Network}
# - {exposure_time: 25.0}
# - {lens_type: Fisheye}
# - {telescope: DFNSMALL40}
# - {observer: 'DFN automated software http://adsabs.harvard.edu/abs/2012M%26PSA..75.5123T'}
# - {creator: raw_to_fits 6.0}
# - {timing_correction_dictionary_version: DEBUG}
# - {isodate_mid_obs: '2014-11-25T15:21:10.500'}
# - {sidereal_time_hour: 4.725841279690901}
# - {point_picking_user_comment: nocomment}
# - {point_picking_hostname: work-desktop-debian}
# - {obs_latitude: -32.4592366667}
# - {original_raw_filename: 40_2014-11-25_152058_DSC_0617.NEF}
# - {cropped: false}
# - {obs_elevation: 284.0}
# - {instrument: Nikon D800}
# - {gps_lock: Y}
# - {filter_pattern: RG/GB}
# - {location: MountIves}
# - {aperture: 4.0}
# - {isodate_start_obs: '2014-11-25T15:20:58'}
# - {image_file: 40_2014-11-25_152058_DSC_0617-G.tiff}
# - {timing_corrected: true}
# - {NAXIS2: 4924}
# - {NAXIS1: 7378}
# - {event_codename: DN141125_01}
# - {jd_mid_obs: 2456987.139704861}
# - {lens: Samyang_8mm_F3.5}
# - {timing_de_bruijn_encoding_type: pulse_width}
# - {jd_start_obs: 2456987.1395601854}
# - {focal: 8.0}
# - {dfn_camera_codename: DFNSMALL40}
# - {point_picking_write_time: '2018-04-26T16:36:31'}
# - {tracking: 'NO'}
# - {point_picking_software: point_picker.py 1.5}
# - {obs_longitude: 136.1033}
# - {sidereal_time_hms: 4h43m33.0286s}
# - {location_info: 'YES'}
# - {processing_filter: GREEN_INTERPOL}
# - {iso: '6400'}
# - {point_picking_user: martin}
# - {shutter_inversion: 'False'}
# - {camera_filter: RG/GB}
[...]
# - {triangulation_ra_eci_end: -14.741866861547232}
# - {triangulation_ra_eci_end_err: 0.3964575417149794}
# - {triangulation_dec_eci_end: -46.37028756591358}
# - {triangulation_dec_eci_end_err: 0.3520494428861188}
# - {triangulation_ra_ecef_end: 50.942410077118545}
# - {triangulation_ra_ecef_end_err: 0.3964575417149794}
# - {triangulation_dec_ecef_end: -47.444576306833106}
# - {triangulation_dec_ecef_end_err: 0.3520494428861188}
# - {triangulation_slope_end: 27.12770903929033}
# - {triangulation_slope_end_err: 0.26519581051766156}
# - {triangulation_azimuth_end: -131.05104826646937}
# - {triangulation_azimuth_end_err: 0.398050098448289}
# - {triangulation_file_1: 36_2014-11-25_152058_DSC_0594-G_DN141125_01_2018-04-26_163106_martin_nocomment.ecsv}
# - {triangulation_file_2: 38_2014-11-25_152058_DSC_0559-G_DN141125_01_2018-04-26_163331_martin_nocomment.ecsv}
# - {triangulation_file_3: 40_2014-11-25_152058_DSC_0617-G_DN141125_01_2018-04-26_163631_martin_nocomment.ecsv}
# - {triangulation_file_4: 40_2014-11-25_152058_DSC_0617-G_DN141125_01_2018-04-26_163631_martin_nocomment.ecsv}
# - {triangulation_file_5: 41_2014-11-25_152059_DSC_0674-G_DN141125_01_2018-01-01_212656_ellie_nocomment.ecsv}
# schema: astropy-2.0
x_image,y_image,time_err_minus,time_err_plus,de_bruijn_sequence_element_index,dash_start_end,zero_or_one,err_minus_x_image,err_plus_x_image,err_minus_y_image,err_plus_y_image,periodic_pulse,pick_flag,encoding_type,brightness_dash_V,flux_dash_V,aperture_exptime,datetime,altitude,azimuth,err_minus_altitude,err_plus_altitude,err_minus_azimuth,err_plus_azimuth,JD,m_V,longitude,latitude,height,X_geo,Y_geo,Z_geo,cross_track_error
1535.67170869,3180.22627653,0.00065,5e-05,154,S,1,0.5,0.5,0.5,0.5,-,M,PW,8165.33740828,132554.178706,0.0616,2014-11-25T15:21:16.426,16.2167841815,295.650660191,0.0284359621504,0.0284359621504,0.0219034642487,0.0219034642487,2456987.13977,-0.309546893573,133.8681624143862,-31.51988781259765,74001.70419961667,-3815085.2731144093,3968871.8432102017,-3353854.6800761735,-46.48545628454739
1535.04106916,3189.13405984,0.00065,5e-05,154,E,1,0.5,0.5,0.5,0.5,-,M,PW,nan,nan,nan,2014-11-25T15:21:16.486,16.1265906681,295.854679768,0.0285876637207,0.0285876637207,0.0219456179026,0.0219456179026,2456987.13977,nan,133.8754918425539,-31.51442056417528,73523.19427993047,-3815532.4093056982,3968320.809394532,-3353081.761577685,-95.50821777296493
1535.19872904,3194.17917604,0.00065,5e-05,155,S,1,0.5,0.5,0.5,0.5,-,M,PW,6770.51465249,109910.952151,0.0616,2014-11-25T15:21:16.526,16.0883809629,295.97394874,0.0285876637207,0.0285876637207,0.0219456179026,0.0219456179026,2456987.13977,-0.106165760921,133.87958253367418,-31.51136872730412,73256.19437071418,-3815781.9582203873,3968013.274703007,-3352650.3919498203,-65.39357029024843
1534.88340928,3201.98334018,0.00065,5e-05,155,E,1,0.5,0.5,0.5,0.5,-,M,PW,nan,nan,nan,2014-11-25T15:21:16.586,16.0144738894,296.153816991,0.0284273785821,0.0284273785821,0.0219530801989,0.0219530801989,2456987.13978,nan,133.88594066517354,-31.50662462075199,72841.29141084338,-3816169.821523297,3967535.286564439,-3351979.93241748,-84.61447599096127
1534.41042963,3207.8167558,0.00065,5e-05,156,S,1,0.5,0.5,0.5,0.5,-,M,PW,10159.3031294,164923.752101,0.0616,2014-11-25T15:21:16.626,15.9528037548,296.286140746,0.0284273785821,0.0284273785821,0.0219530801989,0.0219530801989,2456987.13978,-0.546771352222,133.8906976985357,-31.50307464598008,72530.94295394378,-3816460.0065189605,3967177.673495925,-3351478.319361991,-127.35673903151164
1534.41042963,3213.88666123,0.00065,5e-05,156,E,1,0.5,0.5,0.5,0.5,-,M,PW,nan,nan,nan,2014-11-25T15:21:16.686,15.9008759484,296.427433833,0.0284273785821,0.0284273785821,0.0219530801989,0.0219530801989,2456987.13978,nan,133.8955912473095,-31.499422327211718,72211.75439573536,-3816758.5129062445,3966809.8054575254,-3350962.321969823,-116.86020016059409
1534.80457934,3217.98581815,0.00065,5e-05,157,S,0,0.5,0.5,0.5,0.5,-,M,PW,4058.54482825,174937.27708,0.0232,2014-11-25T15:21:16.726,15.8756580854,296.525839394,0.0284273785821,0.0284273785821,0.0219530801989,0.0219530801989,2456987.13978,-0.610769241544,133.89885556238576,-31.496985729162954,71998.87218524267,-3816957.6325623607,3966564.41788653,-3350618.1242318107,-65.66412375715373
1534.80457934,3223.18859424,0.00065,5e-05,157,E,0,0.5,0.5,0.5,0.5,-,M,PW,nan,nan,nan,2014-11-25T15:21:16.746,15.8306569383,296.646652817,0.0285666302022,0.0285666302022,0.021977375565,0.021977375565,2456987.13978,nan,133.90303175473747,-31.493868166146274,71726.56545216157,-3817212.3716496294,3966250.487021633,-3350177.7828846453,-58.50800346931102
1534.56808952,3230.04679909,0.00065,5e-05,158,S,1,0.5,0.5,0.5,0.5,-,M,PW,16176.8605829,262611.373099,0.0616,2014-11-25T15:21:16.826,15.7649320147,296.803759147,0.0285666302022,0.0285666302022,0.021977375565,0.021977375565,2456987.13978,-1.05184716171,133.9085403677932,-31.489755410721965,71367.4535621509,-3817548.3786283596,3965836.4046655446,-3349596.9620641856,-77.32517162356133
1534.36023346,3238.82950473,0.00065,5e-05,158,E,1,0.5,0.5,0.5,0.5,-,M,PW,nan,nan,nan,2014-11-25T15:21:16.886,15.6825545213,297.005253708,0.0281706813669,0.0281706813669,0.0219621992598,0.0219621992598,2456987.13978,nan,133.91556112409197,-31.48451280994667,70909.88679314242,-3817976.609735497,3965308.6687641535,-3348856.7228467315,-92.89955522247266
1534.71940285,3242.85220195,0.00065,5e-05,159,S,1,0.5,0.5,0.5,0.5,-,M,PW,16723.5384403,271486.013641,0.0616,2014-11-25T15:21:16.926,15.6561137441,297.101052875,0.0281706813669,0.0281706813669,0.0219621992598,0.0219621992598,2456987.13978,-1.08793198708,133.91873232085024,-31.48214446552119,70703.2542984846,-3818170.0326745985,3965070.30161283,-3348522.3724394594,-49.5559161749047
1534.64756897,3250.25109148,0.00065,5e-05,159,E,1,0.5,0.5,0.5,0.5,-,M,PW,nan,nan,nan,2014-11-25T15:21:16.986,15.5884983469,297.271073639,0.0281706813669,0.0281706813669,0.0219621992598,0.0219621992598,2456987.13978,nan,133.92460648038374,-31.477756940802614,70320.57346984356,-3818528.3122743703,3964628.7713167253,-3347903.0512221437,-54.082278236015235
1534.50390121,3254.13012095,0.00065,5e-05,160,S,1,0.5,0.5,0.5,0.5,-,M,PW,39529.1685936,641707.282363,0.0616,2014-11-25T15:21:17.026,15.5501662379,297.359201739,0.0281706813669,0.0281706813669,0.0219621992598,0.0219621992598,2456987.13978,-2.02190575524,133.9276860210881,-31.475456498096158,70119.9908519511,-3818716.13750744,3964397.302567664,-3347578.376995474,-69.12124733484328
1534.48925957,3262.52473468,0.00065,5e-05,160,E,1,0.5,0.5,0.5,0.5,-,M,PW,nan,nan,nan,2014-11-25T15:21:17.086,15.4742393324,297.552009118,0.0275631551507,0.0275631551507,0.0220059736019,0.0220059736019,2456987.13978,nan,133.93430989421128,-31.470507771846428,69688.64193810849,-3819120.1278136102,3963899.4401171636,-3346880.0403657574,-70.01170377205979
1534.50390121,3267.99405958,0.00065,5e-05,161,S,0,0.5,0.5,0.5,0.5,-,M,PW,10796.6429247,465372.539856,0.0232,2014-11-25T15:21:17.126,15.4250326888,297.677587214,0.0276290684294,0.0276290684294,0.0217331606036,0.0217331606036,2456987.13978,-1.673065219,133.93861037042862,-31.467294400160828,69408.6592474219,-3819382.4078946076,3963576.216015375,-3346426.6636757515,-69.1524659657787
1534.57573509,3271.72942129,0.00065,5e-05,161,E,0,0.5,0.5,0.5,0.5,-,M,PW,nan,nan,nan,2014-11-25T15:21:17.146,15.3928269872,297.763758467,0.0276290684294,0.0276290684294,0.0217331606036,0.0217331606036,2456987.13978,nan,133.94153711147956,-31.46510729140852,69218.14327528936,-3819560.9030065425,3963356.245356493,-3346118.1174730686,-62.217525817183635
1534.71940285,3278.40997203,0.00065,5e-05,162,S,0,0.5,0.5,0.5,0.5,-,M,PW,9412.48915291,405710.73935,0.0232,2014-11-25T15:21:17.226,15.335285812,297.917787209,0.0276290684294,0.0276290684294,0.0217331606036,0.0217331606036,2456987.13978,-1.52410459513,133.9467585821743,-31.46120494428608,68878.31166262056,-3819879.342767863,3962963.812178057,-3345567.66330055,-49.31908861707414
1535.03390372,3285.60908727,0.00065,5e-05,162,E,0,0.5,0.5,0.5,0.5,-,M,PW,nan,nan,nan,2014-11-25T15:21:17.246,15.2768258419,298.084813837,0.0276073107345,0.0276073107345,0.0215792117827,0.0215792117827,2456987.13978,nan,133.95235790640132,-31.457019601384072,68513.97289459126,-3820220.8186191865,3962542.990189187,-3344977.3890006454,-19.325690432428363
1534.80457934,3292.00713252,0.00065,5e-05,163,S,1,0.5,0.5,0.5,0.5,-,M,PW,55724.1243852,904612.40885,0.0616,2014-11-25T15:21:17.326,15.2116840145,298.228688116,0.0275369659471,0.0275369659471,0.021636005642,0.021636005642,2456987.13978,-2.39471968756,133.95735299046285,-31.453285386584046,68189.02516868268,-3820525.437862914,3962167.5888965433,-3344450.8249401646,-50.908218618887894
1535.04106916,3299.73246672,0.00065,5e-05,163,E,1,0.5,0.5,0.5,0.5,-,M,PW,nan,nan,nan,2014-11-25T15:21:17.386,15.1454233453,298.406409317,0.0275369659471,0.0275369659471,0.021636005642,0.021636005642,2456987.13978,nan,133.9633323448635,-31.448814701907015,67800.1391328022,-3820890.0731025534,3961718.226149039,-3343820.517379719,-33.645107584390516
1535.27755898,3304.61992304,0.00065,5e-05,164,S,1,0.5,0.5,0.5,0.5,-,M,PW,54298.7308925,881472.904098,0.0616,2014-11-25T15:21:17.426,15.105391497,298.519403902,0.0275369659471,0.0275369659471,0.021636005642,0.021636005642,2456987.13979,-2.36658575283,133.96709976833037,-31.445997484569936,67555.16439185354,-3821119.8147530505,3961435.101184525,-3343423.386539045,-14.144193858297713
1535.1198991,3312.89706682,0.00065,5e-05,164,E,1,0.5,0.5,0.5,0.5,-,M,PW,nan,nan,nan,2014-11-25T15:21:17.486,15.0231332666,298.705627688,0.0275369659471,0.0275369659471,0.021636005642,0.021636005642,2456987.13979,nan,133.9734962887642,-31.441213626637403,67139.32507265353,-3821509.873180151,3960954.40785751,-3342749.132520535,-44.869319548143785
1535.35638892,3316.60207404,0.00065,5e-05,165,S,1,0.5,0.5,0.5,0.5,-,M,PW,95661.7188943,1552949.98205,0.0616,2014-11-25T15:21:17.526,14.9937866537,298.791493619,0.0275369659471,0.0275369659471,0.021636005642,0.021636005642,2456987.13979,-2.98145700567,133.97633368092426,-31.439091325283034,66954.90223531448,-3821682.8933289256,3960741.184337195,-3342450.0503254356,-25.341868272132977
1535.43521886,3324.56389805,0.00065,5e-05,165,E,1,0.5,0.5,0.5,0.5,-,M,PW,nan,nan,nan,2014-11-25T15:21:17.586,14.9195781801,298.97200648,0.0275369659471,0.0275369659471,0.021636005642,0.021636005642,2456987.13979,nan,133.9824414718804,-31.434522301817022,66557.98883603785,-3822055.330653447,3960282.206593887,-3341806.256100636,-32.452392677850966
1535.59287874,3329.37252444,0.00065,5e-05,166,S,0,0.5,0.5,0.5,0.5,-,M,PW,34384.1499899,1482075.4306,0.0232,2014-11-25T15:21:17.626,14.8772251372,299.081794582,0.0275369659471,0.0275369659471,0.021636005642,0.021636005642,2456987.13979,-2.93073910489,133.98611407728558,-31.431774598503793,66319.37573326264,-3822279.2719826335,3960006.22972708,-3341419.1516808276,-25.616220723464625
1535.50957552,3334.22489597,0.00065,5e-05,166,E,0,0.5,0.5,0.5,0.5,-,M,PW,nan,nan,nan,2014-11-25T15:21:17.646,14.8282447057,299.190305556,0.0275369659471,0.0275369659471,0.021636005642,0.021636005642,2456987.13979,nan,133.98982604876065,-31.428997170962784,66078.24337583416,-3822505.6101438454,3959727.299094682,-3341027.9041031925,-46.197743633369626
1536.22351827,3341.35467544,0.00065,5e-05,167,S,1,0.5,0.5,0.5,0.5,-,M,PW,135297.229651,2196383.59823,0.0616,2014-11-25T15:21:17.726,14.7766764898,299.356849767,0.0275369659471,0.0275369659471,0.021636005642,0.021636005642,2456987.13979,-3.35783381531,133.99522110089862,-31.424959915682876,65727.84571009658,-3822834.5680904426,3959321.9037005277,-3340459.268221993,14.148149798226918
1536.46000809,3350.97192821,0.00065,5e-05,167,E,1,0.5,0.5,0.5,0.5,-,M,PW,nan,nan,nan,2014-11-25T15:21:17.786,14.6883270073,299.574599113,0.0275369659471,0.0275369659471,0.021636005642,0.021636005642,2456987.13979,nan,134.0025129795114,-31.41950229853077,65254.38262444296,-3823279.1711528827,3958773.991617525,-3339690.728483676,12.89930141175297
1536.46000809,3355.85938453,0.00065,5e-05,168,S,1,0.5,0.5,0.5,0.5,-,M,PW,127588.301743,2071238.66465,0.0616,2014-11-25T15:21:17.826,14.6401378027,299.683957236,0.0275369659471,0.0275369659471,0.021636005642,0.021636005642,2456987.13979,-3.29413869719,134.00621360733396,-31.416732154490905,65014.157134865745,-3823504.801902051,3958495.9327731086,-3339300.7037367253,-2.0525158993870045
1536.46000809,3363.97886843,0.00065,5e-05,168,E,1,0.5,0.5,0.5,0.5,-,M,PW,nan,nan,nan,2014-11-25T15:21:17.886,14.5596282067,299.865277444,0.0275369659471,0.0275369659471,0.021636005642,0.021636005642,2456987.13979,nan,134.01234444955034,-31.41214224950292,64616.25922323313,-3823878.5973000363,3958035.281391171,-3338654.561949544,-28.535733902411394
1536.69649792,3367.36855588,0.00065,5e-05,169,S,0,0.5,0.5,0.5,0.5,-,M,PW,74576.6170943,3214509.35751,0.0232,2014-11-25T15:21:17.926,14.5316875753,299.942979512,0.0275369659471,0.0275369659471,0.021636005642,0.021636005642,2456987.13979,-3.77135007141,134.01488640188225,-31.41023897733687,64451.31481007076,-3824033.576431072,3957844.2909422037,-3338386.665412447,-14.396617638527033
1536.93298774,3372.09835233,0.00065,5e-05,169,E,0,0.5,0.5,0.5,0.5,-,M,PW,nan,nan,nan,2014-11-25T15:21:17.946,14.490216807,300.050442202,0.0275369659471,0.0275369659471,0.021636005642,0.021636005642,2456987.13979,nan,134.01843215270964,-31.407583902553906,64221.265287813854,-3824249.752903614,3957577.8831925206,-3338012.9833043525,-5.52720415535239
1537.48479732,3379.98134641,0.00065,5e-05,170,S,1,0.5,0.5,0.5,0.5,-,M,PW,316583.178154,5139337.3077,0.0616,2014-11-25T15:21:18.026,14.4245288381,300.230683708,0.0275369659471,0.0275369659471,0.021636005642,0.021636005642,2456987.13979,-4.28083114172,134.02432000635451,-31.403174498846784,63839.3371515448,-3824608.7149535976,3957135.511870457,-3337392.482405313,24.719998261112192
1537.72128715,3389.59859918,0.00065,5e-05,170,E,1,0.5,0.5,0.5,0.5,-,M,PW,nan,nan,nan,2014-11-25T15:21:18.086,14.3328887058,300.446071796,0.0275369659471,0.0275369659471,0.021636005642,0.021636005642,2456987.13979,nan,134.03149795006814,-31.397798017777845,63373.855973708065,-3825046.317220676,3956596.227304206,-3336636.0442242953,11.341137304947468
1537.87894703,3393.30360639,0.00065,5e-05,171,S,0,0.5,0.5,0.5,0.5,-,M,PW,92904.5798461,4004507.75199,0.0232,2014-11-25T15:21:18.126,14.2990035577,300.529502609,0.0275369659471,0.0275369659471,0.021636005642,0.021636005642,2456987.13979,-4.00993618234,134.0342529811037,-31.395734150605964,63195.2338017517,-3825214.273746495,3956389.244002269,-3336345.714995133,12.61069424811132
1537.87894703,3398.42755254,0.00065,5e-05,171,E,0,0.5,0.5,0.5,0.5,-,M,PW,nan,nan,nan,2014-11-25T15:21:18.146,14.246598433,300.642725209,0.0275369659471,0.0275369659471,0.021636005642,0.021636005642,2456987.13979,nan,134.03806544399512,-31.39287788445407,62948.08821584101,-3825446.691865085,3956102.820659197,-3335943.9576184275,-9.962450486650344
1538.43075661,3407.02001608,0.00065,5e-05,172,S,1,0.5,0.5,0.5,0.5,-,M,PW,320874.971845,5209009.2832,0.0616,2014-11-25T15:21:18.226,14.1717235471,300.837327136,0.0275369659471,0.0275369659471,0.021636005642,0.021636005642,2456987.13979,-4.29545116408,134.04441887678368,-31.38811730305018,62536.312959380215,-3825834.0061068255,3955625.5091629513,-3335274.447191847,9.965723936746246
1538.66724643,3415.29715986,0.00065,5e-05,172,E,1,0.5,0.5,0.5,0.5,-,M,PW,nan,nan,nan,2014-11-25T15:21:18.286,14.0917663434,301.021601182,0.0275369659471,0.0275369659471,0.021636005642,0.021636005642,2456987.13979,nan,134.05053067353535,-31.383537021310172,62140.30522347256,-3826206.580067937,3955166.363033853,-3334630.416777382,-4.965990672727729
1539.06139614,3421.05174554,0.00065,5e-05,173,S,1,0.5,0.5,0.5,0.5,-,M,PW,536136.035524,8703507.0702,0.0616,2014-11-25T15:21:18.326,14.0414311373,301.151614627,0.0275369659471,0.0275369659471,0.021636005642,0.021636005642,2456987.1398,-4.85279905168,134.05475971754268,-31.380367271411416,61866.34983122622,-3826464.376157491,3954848.664834379,-3334184.7911037356,8.084318826778134
1539.29788596,3428.30410009,0.00065,5e-05,173,E,1,0.5,0.5,0.5,0.5,-,M,PW,nan,nan,nan,2014-11-25T15:21:18.386,13.9712408749,301.312720266,0.0275369659471,0.0275369659471,0.021636005642,0.021636005642,2456987.1398,nan,134.06008558183993,-31.376374928247298,61521.414255622134,-3826789.0262039104,3954448.5783342905,-3333623.601847976,-4.979060032542835
1539.69203566,3433.3492163,0.00065,5e-05,174,S,1,0.5,0.5,0.5,0.5,-,M,PW,617743.356904,10028301.2484,0.0616,2014-11-25T15:21:18.426,13.927728981,301.426772794,0.0275369659471,0.0275369659471,0.021636005642,0.021636005642,2456987.1398,-5.00663176458,134.06377391216515,-31.37360977352243,61282.58198550075,-3827013.8524113656,3954171.510976805,-3333234.9678298114,9.56912630804422
1539.61320572,3442.2569996,0.00065,5e-05,174,E,1,0.5,0.5,0.5,0.5,-,M,PW,nan,nan,nan,2014-11-25T15:21:18.486,13.8315599458,301.620371487,0.0275369659471,0.0275369659471,0.021636005642,0.021636005642,2456987.1398,nan,134.07029422302944,-31.368720811573155,60860.46234350317,-3827411.2965472206,3953681.7157802572,-3332547.946893678,-49.67010955225644
1540.55916501,3446.90796611,0.00065,5e-05,175,S,0,0.5,0.5,0.5,0.5,-,M,PW,226994.994286,9784266.9951,0.0232,2014-11-25T15:21:18.526,13.8050041881,301.730697052,0.0275369659471,0.0275369659471,0.021636005642,0.021636005642,2456987.1398,-4.97988407382,134.07365869741545,-31.366197781420386,60642.695593084856,-3827616.3730896595,3953428.987166725,-3332193.4520969135,23.892720854832444
