outputs/MOP_triangulation/DN141125_01_triangulation_all_timesteps.ecsv
# %ECSV 0.9
# ---
# datatype:
# - {name: datetime, datatype: string}
# - {name: t_rel, datatype: float64}
# - {name: no_cams, datatype: int64}
# - {name: latitude, datatype: float64}
# - {name: longitude, datatype: float64}
# - {name: height, datatype: float64}
# - {name: X_geo, datatype: float64}
# - {name: Y_geo, datatype: float64}
# - {name: Z_geo, datatype: float64}
# - {name: D_DT_geo, datatype: float64}
# - {name: D_DT_eci, datatype: float64}
# delimiter: ','
# meta: !!omap
# - {vel_inf_ecef: 13988.682177144945}
# - {vel_inf_eci: 14260.950329127096}
# - {triangulation_frame: ECEF}
# - {triangulation_t0: '2014-11-25T15:21:15.386'}
# - {event_codename: DN141125_01}
# - {triangulation_radiant_inf_time: '2014-11-25T15:21:15.386'}
# - {triangulation_ra_eci_inf: -14.74313959028808}
# - {triangulation_ra_eci_inf_err: .nan}
# - {triangulation_dec_eci_inf: -46.39766149072908}
# - {triangulation_dec_eci_inf_err: .nan}
# - {triangulation_ra_ecef_inf: 50.95576330142892}
# - {triangulation_ra_ecef_inf_err: .nan}
# - {triangulation_dec_ecef_inf: -47.49673653581373}
# - {triangulation_dec_ecef_inf_err: .nan}
# - {triangulation_slope_inf: 26.709894518239807}
# - {triangulation_slope_inf_err: .nan}
# - {triangulation_azimuth_inf: -129.9543246178578}
# - {triangulation_azimuth_inf_err: .nan}
# - {triangulation_radiant_end_time: '2014-11-25T15:21:24.626'}
# - {triangulation_ra_eci_end: -14.74313959028808}
# - {triangulation_ra_eci_end_err: .nan}
# - {triangulation_dec_eci_end: -46.39766149072908}
# - {triangulation_dec_eci_end_err: .nan}
# - {triangulation_ra_ecef_end: 50.88248549267082}
# - {triangulation_ra_ecef_end_err: .nan}
# - {triangulation_dec_ecef_end: -47.496825892581604}
# - {triangulation_dec_ecef_end_err: .nan}
# - {triangulation_slope_end: 26.705164616748345}
# - {triangulation_slope_end_err: .nan}
# - {triangulation_azimuth_end: -129.95655809979291}
# - {triangulation_azimuth_end_err: .nan}
# - {triangulation_file_0: 36_2014-11-25_152058_DSC_0594-G_DN141125_01_2018-04-26_163106_martin_nocomment.ecsv}
# - {triangulation_file_1: 38_2014-11-25_152058_DSC_0559-G_DN141125_01_2018-04-26_163331_martin_nocomment.ecsv}
# - {triangulation_file_2: 40_2014-11-25_152058_DSC_0617-G_DN141125_01_2018-04-26_163631_martin_nocomment.ecsv}
# - {telescope: multiple_telescopes_0}
# - {astropy_version: 3.0.1}
# - {numpy_version: 1.14.2}
# - {scipy_version: 1.0.1}
# schema: astropy-2.0
datetime,t_rel,no_cams,latitude,longitude,height,X_geo,Y_geo,Z_geo,D_DT_geo,D_DT_eci
[from data line 82]
2014-11-25T15:21:19.446,4.060006141662598,3,-31.29845469417277,134.16388260641438,54814.75328537734,-3833114.7602020307,3946652.981802841,-3322688.953928792,13656.944975298044,13929.148781308302
2014-11-25T15:21:19.526,4.139989614486694,3,-31.292716264914407,134.17151547093258,54322.760999886625,-3833579.8241757946,3946079.8544627014,-3321885.0455104937,13634.56439112841,13906.76326089779
2014-11-25T15:21:19.586,4.20001745223999,3,-31.288415030169997,134.17723566803522,53954.16073354103,-3833928.341298488,3945650.35507597,-3321282.599686564,13616.793986362669,13888.988932686014
2014-11-25T15:21:19.626,4.240009188652039,3,-31.285552218114375,134.18104243233225,53708.909807629774,-3834160.2732309285,3945364.5308904126,-3320881.682730017,13604.46937500578,13876.661557137539
2014-11-25T15:21:19.646,4.260005056858063,3,-31.284121669998637,134.18294453013954,53586.382304577244,-3834276.1595779276,3945221.716917366,-3320681.3618813297,13598.156823321211,13870.347585178695
2014-11-25T15:21:19.726,4.339988529682159,3,-31.27840545018352,134.19054402543787,53096.946524776584,-3834739.153878587,3944651.140164475,-3319881.0310947676,13571.8677291205,13844.05260992179
2014-11-25T15:21:19.786,4.400016367435455,3,-31.274122004535876,134.19623770191376,52730.35862968557,-3835086.0278800507,3944223.665698513,-3319281.4255660726,13550.999558631867,13823.179739179719
2014-11-25T15:21:19.826,4.440008103847504,3,-31.271271602979464,134.2000260611067,52486.49510377865,-3835316.82033742,3943939.2457591537,-3318882.4783032755,13536.529414975388,13808.706314344781
2014-11-25T15:21:19.886,4.499995708465576,3,-31.26700121774655,134.20570095633616,52121.267099584074,-3835662.5366164846,3943513.1980267097,-3318284.874010615,13513.93773902546,13786.10952083373
2014-11-25T15:21:19.926,4.5399874448776245,3,-31.264157921413453,134.20947892779284,51878.17239588771,-3835892.6872581523,3943229.5690368675,-3317887.0361888288,13498.264075347557,13770.432301268811
2014-11-25T15:21:19.946,4.559983313083649,3,-31.26273740111602,134.211366273608,51756.74554839357,-3836007.6613346958,3943087.8793116002,-3317688.2922885623,13490.237796615722,13762.4041775528
2014-11-25T15:21:20.026,4.640007019042969,3,-31.257060307670688,134.2189080904096,51271.624618253714,-3836467.0877833776,3942521.6994452216,-3316894.1288819774,13456.806257651171,13728.96496638293
2014-11-25T15:21:20.086,4.699994623661041,3,-31.252813261063178,134.22454915834192,50908.871949742075,-3836810.7165895565,3942098.2242358075,-3316300.1329897107,13430.313259673132,13702.465862769584
2014-11-25T15:21:20.126,4.73998636007309,3,-31.249986228376578,134.22830365077596,50667.48622191142,-3837039.4191767974,3941816.3797737486,-3315904.7982711736,13411.93797976937,13684.086336782813
2014-11-25T15:21:20.186,4.8000141978263855,3,-31.245749650448285,134.23392941848329,50305.86546951269,-3837382.102737284,3941394.069449554,-3315312.4363282397,13383.24167012888,13655.383336020062
2014-11-25T15:21:20.226,4.840005934238434,3,-31.242931886409924,134.23767067504966,50065.42899961726,-3837609.990295347,3941113.2293987838,-3314918.5104670958,13363.35438461956,13635.49141332696
2014-11-25T15:21:20.286,4.899993538856506,3,-31.238712664269638,134.24327201174933,49705.525521321906,-3837951.1725836745,3940692.7691859026,-3314328.7436194485,13332.323354014954,13604.453107837084
2014-11-25T15:21:20.326,4.939985275268555,3,-31.235905001079036,134.2469989380142,49466.107522568855,-3838178.17856123,3940413.0155617734,-3313936.3416561573,13310.807805292656,13582.932479263487
2014-11-25T15:21:20.346,4.959981143474579,3,-31.234502768448614,134.2488601413267,49346.558269836634,-3838291.5426069642,3940273.3099778867,-3313740.380851108,13299.794153862214,13571.916219236127
2014-11-25T15:21:20.426,5.040004849433899,3,-31.22890211991175,134.25629304962118,48869.2227546904,-3838744.2650547065,3939715.391869984,-3312957.8059637286,13253.950437227253,13526.061614709297
2014-11-25T15:21:20.486,5.099992454051971,3,-31.224715935112016,134.26184779795068,48512.60229720408,-3839082.583829949,3939298.46054287,-3312372.9889776167,13217.657278056333,13489.759763026746
2014-11-25T15:21:20.526,5.13998419046402,3,-31.221931247433172,134.26554241523957,48275.45202439313,-3839307.604782355,3939021.1531890356,-3311984.0183238187,13192.503603251107,13464.600049996357
2014-11-25T15:21:20.546,5.159980058670044,3,-31.220540796288553,134.26738707784867,48157.06105210257,-3839419.9528299407,3938882.699683034,-3311789.8137706206,13179.630982924185,13451.724308059887
2014-11-25T15:21:20.626,5.240003764629364,3,-31.214989323943445,134.27475112576224,47684.5293955294,-3839868.447228879,3938329.9920633687,-3311014.547477796,13126.073971588223,13398.154313893978
2014-11-25T15:21:20.686,5.2999913692474365,3,-31.210842212980857,134.28025134939531,47331.693622569415,-3840203.419891926,3937917.184359005,-3310435.514572831,13083.703002796821,13355.772951606172
2014-11-25T15:21:20.726,5.339983105659485,3,-31.208084672652358,134.28390817361975,47097.15765422977,-3840426.1223422093,3937642.7342399373,-3310050.5516759856,13054.352032504894,13326.414765630007
2014-11-25T15:21:20.746,5.359978973865509,3,-31.20670813404015,134.28573349438395,46980.10196275166,-3840537.2840609183,3937505.7427209998,-3309858.3978079073,13039.336193340045,13311.395232654044
2014-11-25T15:21:20.826,5.440002679824829,3,-31.201214676042373,134.29301706621413,46513.10798099882,-3840980.8440975044,3936959.116023809,-3309091.661041466,12976.897937834561,13248.941435267821
2014-11-25T15:21:20.846,5.459998548030853,3,-31.19984599353235,134.2948315336846,46396.79459900052,-3841091.3407568163,3936822.9440990454,-3308900.6567933923,12960.694237075093,13232.733679311428
2014-11-25T15:21:20.926,5.53998202085495,3,-31.194388008722115,134.30206634059434,45933.11124223787,-3841531.914807559,3936279.9972184403,-3308139.0815945887,12893.373952474058,13165.39644737777
2014-11-25T15:21:20.986,5.600009858608246,3,-31.19031013893915,134.3074708411645,45586.829116483226,-3841861.0212486307,3935874.4188252836,-3307570.189026213,12840.122409352649,13112.131343088646
2014-11-25T15:21:21.026,5.640001595020294,3,-31.18760254441463,134.31105885681671,45356.979703009885,-3842079.509060137,3935605.162668441,-3307192.511543384,12803.29572260959,13075.295218472897
2014-11-25T15:21:21.086,5.699989199638367,3,-31.183555478034805,134.3164212636868,45013.52949851114,-3842406.0403183815,3935202.757833692,-3306628.0704295826,12745.962568980267,13017.947236369542
2014-11-25T15:21:21.126,5.739980936050415,3,-31.18086733663482,134.3199826610636,44785.47448070688,-3842622.899380572,3934935.5088862134,-3306253.208398734,12706.303749875415,12978.278085427417
2014-11-25T15:21:21.186,5.800008773803711,3,-31.176847915754212,134.32530718667138,44444.583396965434,-3842947.1122439345,3934535.9611540716,-3305692.774856509,12644.546533797002,12916.504645283343
2014-11-25T15:21:21.226,5.840000510215759,3,-31.17418079644865,134.32883990619,44218.452627927836,-3843162.217335616,3934270.8737338446,-3305320.944734684,12601.875338077894,12873.822175051488
2014-11-25T15:21:21.246,5.8599963784217834,3,-31.172850544045733,134.33060176235136,44105.68859513707,-3843269.494510689,3934138.6693803016,-3305135.505678989,12580.07084305281,12852.011866301356
2014-11-25T15:21:21.326,5.93997985124588,3,-31.167552373669906,134.3376181254391,43656.70682369639,-3843696.7043275577,3933612.192078605,-3304397.0318613313,12489.641396958841,12761.558101464592
2014-11-25T15:21:21.386,6.000007688999176,3,-31.163601063942465,134.3428499971309,43322.0056699014,-3844015.252782189,3933219.6249506227,-3303846.3898018287,12418.295848170723,12690.193114247704
2014-11-25T15:21:21.426,6.039999425411224,3,-31.16098105167399,134.34631871939294,43100.14166125579,-3844226.4461689387,3932959.3581683487,-3303481.3214433333,12369.053819194774,12640.937559718164
2014-11-25T15:21:21.446,6.0599952936172485,3,-31.15967488340387,134.34804788097367,42989.55482503927,-3844331.7251828224,3932829.616273462,-3303299.3364040577,12343.909046504872,12615.78581340044
2014-11-25T15:21:21.526,6.139978766441345,3,-31.15447667886066,134.35492870622892,42549.58142166799,-3844750.653017323,3932313.345375171,-3302575.178800344,12239.753765828842,12511.601403508515
2014-11-25T15:21:21.546,6.160014867782593,3,-31.153181339728466,134.35664314292748,42439.97764644829,-3844855.031893551,3932184.7127760574,-3302394.7497367617,12212.748470412456,12484.58845380121
2014-11-25T15:21:21.626,6.2399983406066895,3,-31.148038827856627,134.36344871300403,42004.97947309446,-3845269.3636476165,3931674.105914336,-3301678.536906157,12101.189765764724,12372.997824444838
2014-11-25T15:21:21.686,6.299985945224762,3,-31.144212934495364,134.36851108613374,41681.48711111927,-3845577.5599931655,3931294.29633602,-3301145.789476442,12013.484826184498,12285.26737502456
2014-11-25T15:21:21.726,6.340017914772034,3,-31.14167517596045,134.3718686432461,41466.97438240002,-3845781.96399095,3931042.396541211,-3300792.4572386798,11952.981938159628,12224.746669611952
2014-11-25T15:21:21.746,6.360013782978058,3,-31.140412317166792,134.37353934579005,41360.24576612327,-3845883.673303813,3930917.053811528,-3300616.642775632,11922.159595984374,12193.915173666599
2014-11-25T15:21:21.826,6.4399972558021545,3,-31.135393505737284,134.3801782694741,40936.21220823523,-3846287.8320779046,3930418.983747501,-3299918.0149326893,11794.793920378868,12066.511157645402
2014-11-25T15:21:21.886,6.499984860420227,3,-31.131664887396035,134.38510976378035,40621.31356263099,-3846588.0404374995,3930049.0182624734,-3299399.075515454,11694.91040145351,11966.596991122558
2014-11-25T15:21:21.926,6.540016829967499,3,-31.129194238905797,134.38837710629988,40412.716231222286,-3846786.9390555485,3929803.9030904737,-3299055.2598632905,11626.136363314083,11897.801554002197
2014-11-25T15:21:21.986,6.600004434585571,3,-31.12551927441908,134.39323659262752,40102.5268350937,-3847082.7541896184,3929439.3516512588,-3298543.914564677,11519.858749344323,11791.490314472589
2014-11-25T15:21:22.026,6.63999617099762,3,-31.1230880197238,134.3964511523218,39897.37232639972,-3847278.4333123807,3929198.2040640954,-3298205.6641239887,11446.837163811657,11718.445291572838
2014-11-25T15:21:22.086,6.699983775615692,3,-31.11947015558264,134.4012341211689,39592.174928146596,-3847569.581167105,3928839.404404309,-3297702.3866727427,11334.01556365151,11605.586849187723
2014-11-25T15:21:22.126,6.740015745162964,3,-31.117075743932812,134.4043993029784,39390.24248622337,-3847762.2483710446,3928601.968592559,-3297369.3426273745,11256.5134442791,11528.058999499652
2014-11-25T15:21:22.146,6.760011613368988,3,-31.115885856715753,134.40597212126207,39289.910185787194,-3847857.9861981636,3928483.9848971907,-3297203.8504596036,11217.13497752047,11488.667319916229
2014-11-25T15:21:22.226,6.839995086193085,3,-31.11116816431415,134.4122074265652,38892.219500165826,-3848237.524806295,3928016.2557991953,-3296547.780973772,11055.166244899181,11326.643252940252
2014-11-25T15:21:22.286,6.899982690811157,3,-31.107675184155106,134.4168233880522,38597.88153615291,-3848518.489013984,3927670.006082787,-3296062.1069492423,10929.006185061233,11200.438936050872
2014-11-25T15:21:22.326,6.940014660358429,3,-31.10536650362842,134.41987399367434,38403.39167483245,-3848704.170344772,3927441.17939822,-3295741.138666679,10842.585593306163,11113.987434510324
2014-11-25T15:21:22.346,6.960010528564453,3,-31.104220156715446,134.42138864333967,38306.83562371564,-3848796.3617448,3927327.56618614,-3295581.776843879,10798.752783233445,11070.138789886903
2014-11-25T15:21:22.426,7.03999400138855,3,-31.099681401580845,134.42738503432992,37924.64017929073,-3849161.3355148383,3926877.7862465116,-3294950.8841006355,10619.016775404145,10890.33629657246
2014-11-25T15:21:22.446,7.059989869594574,3,-31.098558606702305,134.42886827237865,37830.11772944449,-3849251.612301501,3926766.5325318933,-3294794.8318736968,10572.990605255527,10844.292752432315
2014-11-25T15:21:22.526,7.140013575553894,3,-31.094114186695997,134.43473888596046,37456.061110250026,-3849608.9199944404,3926326.1999771944,-3294177.190692093,10384.493782051524,10655.723163849565
2014-11-25T15:21:22.546,7.160009443759918,3,-31.09301611844528,134.43618917943687,37363.667958194,-3849697.189040648,3926217.4205263588,-3294024.609040268,10336.334308944297,10607.544657853312
2014-11-25T15:21:22.626,7.239992916584015,3,-31.08867508847587,134.44192213122932,36998.499275543676,-3850046.108043003,3925787.4258782556,-3293421.468528163,10139.574371026976,10410.705111428515
2014-11-25T15:21:22.646,7.259988784790039,3,-31.087602861495114,134.44333802732245,36908.325909676525,-3850132.2811079416,3925681.2294358597,-3293272.5099843,10089.376014691326,10360.48593285509
2014-11-25T15:21:22.726,7.340012490749359,3,-31.083365246770985,134.44893336184205,36552.03403331852,-3850472.814857034,3925261.568458327,-3292683.8641999485,9884.598236143835,10155.62110302608
2014-11-25T15:21:22.786,7.400000095367432,3,-31.0802458690858,134.4530516529782,36289.851339534616,-3850723.450462817,3924952.694569592,-3292250.616120585,9727.18471825946,9998.138122317494
2014-11-25T15:21:22.826,7.43999183177948,3,-31.078194119953025,134.4557601872636,36117.44389346533,-3850888.2872622986,3924749.5559009924,-3291965.6796425427,9620.482573779824,9891.387614220723
2014-11-25T15:21:22.886,7.4999794363975525,3,-31.075158990385297,134.4597665378525,35862.463728500676,-3851132.1037105485,3924449.0856853854,-3291544.219141783,9457.940441169552,9728.769676940647
2014-11-25T15:21:22.926,7.540011405944824,3,-31.073162312569423,134.4624019088675,35694.76272260875,-3851292.4836679106,3924251.439461296,-3291266.986749848,9347.90448228036,9618.680929446822
2014-11-25T15:21:22.986,7.599999010562897,3,-31.070214082522998,134.46629287865332,35447.19768518769,-3851529.2721473384,3923959.6302499915,-3290857.6747783627,9180.848498581008,9451.542369749215
2014-11-25T15:21:23.026,7.639990746974945,3,-31.068278120975805,134.46884767565672,35284.67044431428,-3851684.744640103,3923768.031800595,-3290588.925417418,9068.144342834243,9338.780742264562
2014-11-25T15:21:23.046,7.659986615180969,3,-31.067319082326627,134.47011321007002,35204.16835393086,-3851761.758313188,3923673.1230480373,-3290455.7997753355,9011.422171450378,9282.029152410689
2014-11-25T15:21:23.126,7.740010321140289,3,-31.063541259445234,134.4750979642108,34887.12612697066,-3852065.100104448,3923299.296039742,-3289931.4439159855,8782.197030146166,9052.681094579297
2014-11-25T15:21:23.146,7.7600061893463135,3,-31.062612452175603,134.47632340487482,34809.1958537993,-3852139.6720467065,3923207.396384368,-3289802.539043683,8724.4190419695,8994.871150364404
2014-11-25T15:21:23.226,7.83998966217041,3,-31.058958497958336,134.48114394002798,34502.6811779586,-3852433.0133575723,3922845.8935917756,-3289295.469989653,8491.648694046116,8761.967451464145
2014-11-25T15:21:23.286,7.900017499923706,3,-31.05628105538999,134.48467580928838,34278.147935583744,-3852647.9326601634,3922581.0351310316,-3288923.9610223835,8315.543254033959,8585.756171452487
2014-11-25T15:21:23.326,7.940009236335754,3,-31.054528358151288,134.48698765042934,34131.19507539641,-3852788.6098803133,3922407.669818835,-3288680.786732562,8197.72952035398,8467.869022287812
2014-11-25T15:21:23.386,7.999996840953827,3,-31.051946082204985,134.49039346569324,33914.73073165344,-3852995.8538840925,3922152.2701075124,-3288322.545267562,8020.524052907582,8290.549156539806
2014-11-25T15:21:23.426,8.039988577365875,3,-31.050255814969574,134.4926226277214,33773.068874989876,-3853131.496979667,3921985.1086610006,-3288088.072952853,7902.210001277132,8172.155866879269
2014-11-25T15:21:23.446,8.0599844455719,3,-31.04942006646851,134.49372478316445,33703.03273179678,-3853198.561998497,3921902.4602555614,-3287972.144529555,7843.037518918854,8112.942861881194
