outputs/MOP_triangulation/DN141125_01_triangulation_all_timesteps.ecsv
# %ECSV 0.9
# ---
# datatype:
# - {name: datetime, datatype: string}
# - {name: t_rel, datatype: float64}
# - {name: no_cams, datatype: int64}
# - {name: latitude, datatype: float64}
# - {name: longitude, datatype: float64}
# - {name: height, datatype: float64}
# - {name: X_geo, datatype: float64}
# - {name: Y_geo, datatype: float64}
# - {name: Z_geo, datatype: float64}
# - {name: D_DT_geo, datatype: float64}
# - {name: D_DT_eci, datatype: float64}
# delimiter: ','
# meta: !!omap
# - {vel_inf_ecef: 13988.682177144945}
# - {vel_inf_eci: 14260.950329127096}
# - {triangulation_frame: ECEF}
# - {triangulation_t0: '2014-11-25T15:21:15.386'}
# - {event_codename: DN141125_01}
# - {triangulation_radiant_inf_time: '2014-11-25T15:21:15.386'}
# - {triangulation_ra_eci_inf: -14.74313959028808}
# - {triangulation_ra_eci_inf_err: .nan}
# - {triangulation_dec_eci_inf: -46.39766149072908}
# - {triangulation_dec_eci_inf_err: .nan}
# - {triangulation_ra_ecef_inf: 50.95576330142892}
# - {triangulation_ra_ecef_inf_err: .nan}
# - {triangulation_dec_ecef_inf: -47.49673653581373}
# - {triangulation_dec_ecef_inf_err: .nan}
# - {triangulation_slope_inf: 26.709894518239807}
# - {triangulation_slope_inf_err: .nan}
# - {triangulation_azimuth_inf: -129.9543246178578}
# - {triangulation_azimuth_inf_err: .nan}
# - {triangulation_radiant_end_time: '2014-11-25T15:21:24.626'}
# - {triangulation_ra_eci_end: -14.74313959028808}
# - {triangulation_ra_eci_end_err: .nan}
# - {triangulation_dec_eci_end: -46.39766149072908}
# - {triangulation_dec_eci_end_err: .nan}
# - {triangulation_ra_ecef_end: 50.88248549267082}
# - {triangulation_ra_ecef_end_err: .nan}
# - {triangulation_dec_ecef_end: -47.496825892581604}
# - {triangulation_dec_ecef_end_err: .nan}
# - {triangulation_slope_end: 26.705164616748345}
# - {triangulation_slope_end_err: .nan}
# - {triangulation_azimuth_end: -129.95655809979291}
# - {triangulation_azimuth_end_err: .nan}
# - {triangulation_file_0: 36_2014-11-25_152058_DSC_0594-G_DN141125_01_2018-04-26_163106_martin_nocomment.ecsv}
# - {triangulation_file_1: 38_2014-11-25_152058_DSC_0559-G_DN141125_01_2018-04-26_163331_martin_nocomment.ecsv}
# - {triangulation_file_2: 40_2014-11-25_152058_DSC_0617-G_DN141125_01_2018-04-26_163631_martin_nocomment.ecsv}
# - {telescope: multiple_telescopes_0}
# - {astropy_version: 3.0.1}
# - {numpy_version: 1.14.2}
# - {scipy_version: 1.0.1}
# schema: astropy-2.0
datetime,t_rel,no_cams,latitude,longitude,height,X_geo,Y_geo,Z_geo,D_DT_geo,D_DT_eci
[from data line 164]
2014-11-25T15:21:23.546,8.160004019737244,3,-31.045333548840183,134.49911347765473,33360.65876708037,-3853526.454287485,3921498.378137742,-3287405.350741425,7547.40205974268,7817.095376265929
2014-11-25T15:21:23.626,8.23998749256134,3,-31.042178021949596,134.50327399709914,33096.37335114103,-3853779.6095865997,3921186.399073766,-3286967.7471264903,7312.143355749308,7581.655740521611
2014-11-25T15:21:23.686,8.300015330314636,3,-31.039875030239617,134.50631017324292,32903.53934981369,-3853964.3493032744,3920958.7327989973,-3286648.4065157203,7136.759632404565,7406.129306587625
2014-11-25T15:21:23.726,8.340007066726685,3,-31.038371587243862,134.50829212423338,32777.67537393852,-3854084.942256202,3920810.118581922,-3286439.9498398327,7020.649423847307,7289.920623701765
2014-11-25T15:21:23.786,8.399994671344757,3,-31.036162357002027,134.51120430942748,32592.75677504486,-3854262.1341398484,3920591.753972539,-3286133.656394299,6847.804330078531,7116.9228279052795
2014-11-25T15:21:23.826,8.439986407756805,3,-31.034719933495207,134.51310557738088,32472.042461090943,-3854377.815676959,3920449.1923994916,-3285933.6895794705,6733.57684872137,7002.590123164952
2014-11-25T15:21:23.886,8.500014245510101,3,-31.032600047359416,134.51589964088922,32294.66163161657,-3854547.817267854,3920239.6888363142,-3285639.8252559495,6563.825014565886,6832.675145384255
2014-11-25T15:21:23.926,8.54000598192215,2,-31.031217562205775,134.51772168073515,32179.001415568266,-3854658.676187323,3920103.070475765,-3285448.1948058777,6451.977146094818,6720.715194304242
2014-11-25T15:21:23.946,8.560001850128174,2,-31.030535183370194,134.51862098657165,32121.9183307517,-3854713.392630712,3920035.6399900024,-3285353.6120991074,6396.452828260144,6665.133737639973
2014-11-25T15:21:24.026,8.63998532295227,2,-31.027864086233684,134.5221410162506,31898.507641174834,-3854927.559852218,3919771.708365686,-3284983.4031773144,6177.209517560293,6445.6546918464155
2014-11-25T15:21:24.046,8.659981191158295,2,-31.027210763361126,134.52300192972763,31843.872119333057,-3854979.9394846456,3919707.157677814,-3284892.859876109,6123.150107669902,6391.534595613601
2014-11-25T15:21:24.126,8.740004897117615,2,-31.024653037853657,134.5263721744229,31630.00874188227,-3855184.9899531268,3919454.4611968463,-3284538.410150722,5910.019680945867,6178.153792628319
2014-11-25T15:21:24.186,8.799992501735687,2,-31.022794425525312,134.52882102963684,31474.63334529068,-3855333.9800767424,3919270.851375247,-3284280.8661968256,5753.795947688631,6021.734974144564
2014-11-25T15:21:24.226,8.839984238147736,2,-31.021582760910036,134.5304173999362,31373.35561634058,-3855431.103630316,3919151.159962743,-3284112.9786657817,5651.414409364623,5919.219485934587
2014-11-25T15:21:24.246,8.85998010635376,2,-31.020985039120028,134.53120487480166,31323.398871299996,-3855479.013566809,3919092.117559939,-3284030.1616697563,5600.767752387497,5868.504821447447
2014-11-25T15:21:24.326,8.94000381231308,2,-31.018646164616968,134.5342860930357,31127.945685004866,-3855666.4733277652,3918861.099204958,-3283706.1191972657,5401.803292124604,5669.260827666848
2014-11-25T15:21:24.386,8.999991416931152,1,-31.016947621139373,134.53652358695228,30986.02977176627,-3855802.59990814,3918693.341929972,-3283470.811131943,5256.655887055552,5523.896122020379
2014-11-25T15:21:24.426,9.0399831533432,2,-31.015840706211016,134.5379816568925,30893.55737661173,-3855891.306579506,3918584.0231663594,-3283317.4730023667,5161.835963829718,5428.927622046314
2014-11-25T15:21:24.446,9.059979021549225,2,-31.015294759645858,134.53870077765743,30847.95214416753,-3855935.0565639995,3918530.1073318543,-3283241.846888931,5115.015756324874,5382.032014357715
2014-11-25T15:21:24.526,9.140002727508545,2,-31.01315901961035,134.54151384371175,30669.566929512537,-3856106.1971440213,3918319.2001213385,-3282946.013711662,4931.6113049072455,5198.318386591894
2014-11-25T15:21:24.586,9.199990332126617,2,-31.01160841473896,134.54355607529467,30540.076615387617,-3856230.4407160333,3918166.0870186817,-3282731.2465847833,4798.32103703947,5064.7885697979555
2014-11-25T15:21:24.626,9.239982068538666,1,-31.01059803606737,134.54488674041806,30455.71037913084,-3856311.394070173,3918066.3231514487,-3282591.3108199127,4711.464561900276,4977.7686675461
