outputs/MOP_triangulation/DN141125_01_triangulation_all_timesteps.ecsv
# %ECSV 0.9
# ---
# datatype:
# - {name: datetime, datatype: string}
# - {name: t_rel, datatype: float64}
# - {name: no_cams, datatype: int64}
# - {name: latitude, datatype: float64}
# - {name: longitude, datatype: float64}
# - {name: height, datatype: float64}
# - {name: X_geo, datatype: float64}
# - {name: Y_geo, datatype: float64}
# - {name: Z_geo, datatype: float64}
# - {name: D_DT_geo, datatype: float64}
# - {name: D_DT_eci, datatype: float64}
# delimiter: ','
# meta: !!omap
# - {vel_inf_ecef: 13988.682177144945}
# - {vel_inf_eci: 14260.950329127096}
# - {triangulation_frame: ECEF}
# - {triangulation_t0: '2014-11-25T15:21:15.386'}
# - {event_codename: DN141125_01}
# - {triangulation_radiant_inf_time: '2014-11-25T15:21:15.386'}
# - {triangulation_ra_eci_inf: -14.74313959028808}
# - {triangulation_ra_eci_inf_err: .nan}
# - {triangulation_dec_eci_inf: -46.39766149072908}
# - {triangulation_dec_eci_inf_err: .nan}
# - {triangulation_ra_ecef_inf: 50.95576330142892}
# - {triangulation_ra_ecef_inf_err: .nan}
# - {triangulation_dec_ecef_inf: -47.49673653581373}
# - {triangulation_dec_ecef_inf_err: .nan}
# - {triangulation_slope_inf: 26.709894518239807}
# - {triangulation_slope_inf_err: .nan}
# - {triangulation_azimuth_inf: -129.9543246178578}
# - {triangulation_azimuth_inf_err: .nan}
# - {triangulation_radiant_end_time: '2014-11-25T15:21:24.626'}
# - {triangulation_ra_eci_end: -14.74313959028808}
# - {triangulation_ra_eci_end_err: .nan}
# - {triangulation_dec_eci_end: -46.39766149072908}
# - {triangulation_dec_eci_end_err: .nan}
# - {triangulation_ra_ecef_end: 50.88248549267082}
# - {triangulation_ra_ecef_end_err: .nan}
# - {triangulation_dec_ecef_end: -47.496825892581604}
# - {triangulation_dec_ecef_end_err: .nan}
# - {triangulation_slope_end: 26.705164616748345}
# - {triangulation_slope_end_err: .nan}
# - {triangulation_azimuth_end: -129.95655809979291}
# - {triangulation_azimuth_end_err: .nan}
# - {triangulation_file_0: 36_2014-11-25_152058_DSC_0594-G_DN141125_01_2018-04-26_163106_martin_nocomment.ecsv}
# - {triangulation_file_1: 38_2014-11-25_152058_DSC_0559-G_DN141125_01_2018-04-26_163331_martin_nocomment.ecsv}
# - {triangulation_file_2: 40_2014-11-25_152058_DSC_0617-G_DN141125_01_2018-04-26_163631_martin_nocomment.ecsv}
# - {telescope: multiple_telescopes_0}
# - {astropy_version: 3.0.1}
# - {numpy_version: 1.14.2}
# - {scipy_version: 1.0.1}
# schema: astropy-2.0
datetime,t_rel,no_cams,latitude,longitude,height,X_geo,Y_geo,Z_geo,D_DT_geo,D_DT_eci
2014-11-25T15:21:15.386,0.0,1,-31.593185168344252,133.76976128237015,80440.50526983611,-3809080.871732147,3976271.4415181447,-3364233.873241742,13976.933469901891,14249.199052690992
2014-11-25T15:21:15.426,0.03999173641204834,1,-31.590282009347927,133.77366365564862,80184.64000111874,-3809319.0423236773,3975977.929043896,-3363822.1721547437,13976.539361338013,14248.80493690971
2014-11-25T15:21:15.446,0.05998760461807251,1,-31.58883032907888,133.77561482568672,80056.72445236325,-3809438.1250759177,3975831.175941316,-3363616.3260079753,13976.33735844746,14248.602950964336
2014-11-25T15:21:15.526,0.14001131057739258,1,-31.583020023391352,133.78342330928126,79544.91965067068,-3809914.6780102015,3975243.89003858,-3362792.5578013463,13975.494811924811,14247.760424417138
2014-11-25T15:21:15.586,0.1999989151954651,1,-31.578663798640832,133.78927658556046,79161.38035252434,-3810271.8936470593,3974803.6709303316,-3362175.0757476543,13974.825743157684,14247.09136844418
2014-11-25T15:21:15.626,0.23999065160751343,1,-31.575759327697345,133.79317869453627,78905.74573364931,-3810510.027726074,3974510.203452733,-3361763.437776098,13974.36094220216,14246.626587559109
2014-11-25T15:21:15.686,0.3000184893608093,1,-31.57139922534691,133.799035659655,78522.12481170561,-3810867.453212819,3974069.725733381,-3361145.5929764183,13973.63390727588,14245.899538764646
2014-11-25T15:21:15.726,0.34001022577285767,1,-31.568494127896454,133.80293759671864,78266.60812712074,-3811105.566630466,3973776.283718075,-3360733.990720052,13973.129177825853,14245.394803004898
2014-11-25T15:21:15.786,0.3999978303909302,1,-31.564136024191207,133.808790357124,77883.42257524317,-3811462.7202810934,3973336.140999324,-3360116.6158156027,13972.340207943525,14244.60579826259
2014-11-25T15:21:15.826,0.4399895668029785,1,-31.561230322146006,133.81269209330364,77628.02566475947,-3811700.8112893878,3973042.7266004607,-3359705.052295986,13971.79210275013,14244.05769447628
2014-11-25T15:21:15.886,0.5000174045562744,1,-31.556868405442433,133.8185484538975,77244.76446534478,-3812058.169407355,3972602.331903855,-3359087.3239498055,13970.934767386461,14243.200310526494
2014-11-25T15:21:15.926,0.5400091409683228,1,-31.55396212241376,133.82244995715632,76989.48945193781,-3812296.2360634175,3972308.9475157657,-3358675.8025253965,13970.33958409708,14242.605096689103
2014-11-25T15:21:15.946,0.5600050091743469,1,-31.55250889606783,133.8244006708085,76861.87042043071,-3812415.265555332,3972162.260049207,-3358470.0484442944,13970.034556596362,14242.300049921369
2014-11-25T15:21:16.026,0.6399884819984436,1,-31.546695438860027,133.83220325387197,76351.5186540197,-3812891.356836045,3971575.5430709585,-3357647.0782508682,13968.762895990074,14241.028315812877
2014-11-25T15:21:16.046,0.6599843502044678,1,-31.54524193911017,133.83415382839758,76223.96201949823,-3813010.372781502,3971428.8722985447,-3357441.3475861386,13968.431663862602,14240.69706414644
2014-11-25T15:21:16.126,0.7400080561637878,1,-31.539424491454607,133.84195974167346,75713.6057452492,-3813486.6470353208,3970841.9298311262,-3356618.0611058613,13967.050063411452,14239.315370069498
2014-11-25T15:21:16.146,0.760003924369812,1,-31.537970732654205,133.84391015767625,75586.11278580381,-3813605.648257182,3970695.277203517,-3356412.3558923015,13966.690369258497,14238.95565338192
2014-11-25T15:21:16.226,0.8399873971939087,1,-31.532155204087488,133.85171147199338,75076.27036841535,-3814081.6217231336,3970108.705415747,-3355589.589353177,13965.19086721212,14237.456014049112
2014-11-25T15:21:16.246,0.8599832653999329,1,-31.530701201872557,133.8536617087839,74948.8424016059,-3814200.606969633,3969962.072475573,-3355383.911754588,13964.800298704542,14237.065402699789
2014-11-25T15:21:16.326,0.9400069713592529,1,-31.52488180694487,133.86146618548054,74439.00655413268,-3814676.753216616,3969375.2877589627,-3354560.8465466066,13963.171176852957,14235.436126526187
2014-11-25T15:21:16.346,0.9600028395652771,1,-31.5234275780869,133.86341622046183,74311.64506271205,-3814795.721115763,3969228.6761970124,-3354355.198934607,13962.74704524628,14235.011957108747
2014-11-25T15:21:16.426,1.0399863123893738,2,-31.517610239061675,133.87121591754658,73802.33453982943,-3815271.555642966,3968642.2756321277,-3353532.6725646546,13960.978907365288,14233.243635439216
2014-11-25T15:21:16.486,1.1000141501426697,2,-31.513243884717472,133.87706911984313,73420.23964543914,-3815628.6302043367,3968202.2303800015,-3352915.434373697,13959.573272013407,14231.837819862927
2014-11-25T15:21:16.526,1.140005886554718,2,-31.510334743271454,133.88096838805265,73165.7501174837,-3815866.5000129025,3967909.088579359,-3352504.2532193763,13958.597460073699,14230.861900399674
2014-11-25T15:21:16.586,1.1999934911727905,2,-31.505970763712583,133.88681689115802,72784.12173793974,-3816223.2728542914,3967469.415155583,-3351887.5365808206,13957.072120487834,14229.336394572128
2014-11-25T15:21:16.626,1.2399852275848389,2,-31.50306127614921,133.89071561322544,72529.77432091389,-3816461.0993262143,3967176.326761389,-3351476.430338113,13956.012574806093,14228.276699589263
2014-11-25T15:21:16.686,1.3000130653381348,2,-31.498693883904558,133.8965671738726,72148.10624560382,-3816818.0436550593,3966736.442002926,-3350859.417266771,13954.355188366448,14226.619112315093
2014-11-25T15:21:16.726,1.340004801750183,2,-31.49578409597995,133.90046528843456,71893.90493932525,-3817055.82306192,3966443.411609944,-3350448.392380612,13953.204663324483,14225.468427266891
2014-11-25T15:21:16.746,1.3600006699562073,2,-31.4943291617964,133.9024142482131,71766.82660747765,-3817174.7053190507,3966296.9055899917,-3350242.8928091866,13952.61505406273,14224.878716628995
2014-11-25T15:21:16.826,1.439984142780304,2,-31.48850917939823,133.91020940740106,71258.664013806,-3817650.1828902434,3965710.9449242614,-3349420.983472499,13950.15700016495,14222.420332629568
2014-11-25T15:21:16.886,1.5000119805335999,2,-31.48414103776649,133.9160589421362,70877.44752676533,-3818006.9736612565,3965271.249404692,-3348804.2358408407,13948.202947549195,14220.46599032386
2014-11-25T15:21:16.926,1.5400037169456482,2,-31.481230803738953,133.91995563624727,70623.55163402339,-3818244.6464691493,3964978.3503802656,-3348393.395221389,13946.846483102168,14219.109320655778
2014-11-25T15:21:16.986,1.5999913215637207,2,-31.476865339182307,133.92580007335286,70242.82690428043,-3818601.1113724643,3964539.0564477844,-3347777.2108838162,13944.726193842102,14216.988708549254
2014-11-25T15:21:17.026,1.639983057975769,2,-31.4739549681296,133.92969594299421,69989.09104982253,-3818838.723944944,3964246.2316552144,-3347366.474387149,13943.253358909411,14215.515666878777
2014-11-25T15:21:17.086,1.700010895729065,2,-31.469586417106235,133.935542999463,69608.35526866924,-3819195.333687756,3963806.7592279874,-3346750.039680384,13940.94965723038,14213.211591641426
2014-11-25T15:21:17.126,1.7400026321411133,2,-31.466675972999514,133.93943795917815,69354.78499106436,-3819432.8808297515,3963514.0150694842,-3346339.416286688,13939.350480592942,14211.612172312856
2014-11-25T15:21:17.146,1.7599985003471375,2,-31.465220746390575,133.9413852940988,69228.02522526494,-3819551.6440735823,3963367.6557170446,-3346134.122441355,13938.530963615205,14210.792508219442
2014-11-25T15:21:17.226,1.8399819731712341,2,-31.459399843813554,133.94917362204885,68721.15823878655,-3820026.6254372583,3962782.3065587846,-3345313.0708477353,13935.114612799258,14207.375617995775
2014-11-25T15:21:17.246,1.8600180745124817,2,-31.457941698468126,133.9511243583975,68594.23027912203,-3820145.591162958,3962635.6976753087,-3345107.4269927507,13934.223027684293,14206.48387941564
2014-11-25T15:21:17.326,1.9400015473365784,2,-31.452120908869034,133.958910522259,68087.71656338476,-3820620.4207506664,3962050.5355600403,-3344286.6377586885,13930.513751302538,14202.77398056225
2014-11-25T15:21:17.386,1.9999891519546509,2,-31.447755445609005,133.964748916978,67708.02260662038,-3820976.4576708646,3961611.769057846,-3343671.193231657,13927.567226252895,14199.82694823635
2014-11-25T15:21:17.426,2.039980888366699,2,-31.444845223671855,133.96864056142056,67454.98658451154,-3821213.7729549645,3961319.3106322885,-3343260.9706269377,13925.5205784585,14197.779937372617
2014-11-25T15:21:17.486,2.100008726119995,2,-31.44047712890087,133.97448096714874,67075.32107785132,-3821569.9177084514,3960880.4112404073,-3342645.339699554,13922.319420504575,14194.578225509273
2014-11-25T15:21:17.526,2.1400004625320435,2,-31.437567149845524,133.97837128210853,66822.47756976193,-3821807.142066842,3960588.064868272,-3342235.2742687874,13920.097389448127,14192.355797406237
2014-11-25T15:21:17.586,2.199988067150116,2,-31.433202417970776,133.98420568537276,66443.36128115859,-3822162.9060330084,3960149.634744355,-3341620.301569411,13916.624364204887,14188.88215281751
2014-11-25T15:21:17.626,2.2399798035621643,2,-31.43029277809018,133.98809454350945,66190.7184079147,-3822400.0317295277,3959857.409959397,-3341210.406685307,13914.212070925092,14186.469423028837
2014-11-25T15:21:17.646,2.260015904903412,2,-31.428835091849702,133.9900426526819,66064.17382022606,-3822518.8174983696,3959711.0228479807,-3341005.073903296,13912.97336874934,14185.230495217535
2014-11-25T15:21:17.726,2.3399993777275085,2,-31.423016509678682,133.9978178317928,65559.22239169198,-3822992.8984866994,3959126.783278415,-3340185.578696241,13907.820281293307,14180.076469981823
2014-11-25T15:21:17.786,2.399986982345581,2,-31.418653113782863,134.0036474416887,65180.7351684218,-3823348.3407528424,3958688.749605501,-3339571.1620867183,13903.72718149892,14175.98259459604
2014-11-25T15:21:17.826,2.4399787187576294,2,-31.41574447612063,134.0075329563363,64928.52114592719,-3823585.242990637,3958396.800202666,-3339161.653472805,13900.884284861591,14173.139156777446
2014-11-25T15:21:17.886,2.5000065565109253,2,-31.411379082097024,134.0133637332683,64550.11688072838,-3823940.7417443194,3957958.696916634,-3338547.1392190633,13896.437993707592,14168.692042298086
2014-11-25T15:21:17.926,2.5399982929229736,2,-31.408471125836726,134.01724733703168,64298.132613957416,-3824177.517711583,3957666.90312485,-3338137.848876074,13893.351877072328,14165.605336168026
2014-11-25T15:21:17.946,2.559994161128998,2,-31.407017262360682,134.01918883585626,64172.175988306735,-3824295.8857565923,3957521.030800566,-3337933.2381704324,13891.770411167745,14164.023583326256
2014-11-25T15:21:18.026,2.640017867088318,2,-31.40119971310578,134.0269566294527,63668.33848053509,-3824769.4578323397,3956937.4183957153,-3337114.62266839,13885.175305083458,14157.427193050855
2014-11-25T15:21:18.086,2.7000054717063904,2,-31.396839696315777,134.03277722668344,63290.911552580495,-3825124.3067328585,3956500.1159642665,-3336501.231749196,13879.939757081873,14152.190611194043
2014-11-25T15:21:18.126,2.7399972081184387,2,-31.39393351650636,134.03665646120973,63039.4217705473,-3825360.796874475,3956208.674413254,-3336092.4354837034,13876.303558754083,14148.553718221268
2014-11-25T15:21:18.146,2.759993076324463,2,-31.392480585392118,134.03859571697393,62913.71612364654,-3825479.0184529796,3956062.9825887782,-3335888.0779596935,13874.44029521418,14146.690076532353
2014-11-25T15:21:18.226,2.840016782283783,2,-31.386667073456287,134.0463541287069,62410.90892952659,-3825951.979733898,3955480.12290449,-3335070.518276061,13866.670228767432,14138.918483735548
2014-11-25T15:21:18.286,2.9000043869018555,3,-31.382310418549515,134.05216724910017,62034.282718509035,-3826306.3437702926,3955043.418001342,-3334457.965491776,13860.50236296383,14132.749375125168
2014-11-25T15:21:18.326,2.939996123313904,3,-31.379406647748908,134.0560412770636,61783.340929646256,-3826542.4971686727,3954752.391440022,-3334049.7513197963,13856.218895285803,14128.465043477549
2014-11-25T15:21:18.386,2.9999837279319763,3,-31.375052064453943,134.06185014240597,61407.1480402109,-3826896.5873582116,3954316.0240154336,-3333437.671906499,13849.524952256974,14121.769771959647
2014-11-25T15:21:18.426,3.040015697479248,3,-31.37214684988664,134.06572510227323,61156.251028237144,-3827132.7879253007,3954024.9393251706,-3333029.3761988073,13844.871547231784,14117.115409333295
2014-11-25T15:21:18.486,3.1000033020973206,3,-31.36779462919242,134.0715293270875,60780.51612794059,-3827486.580818985,3953588.938276806,-3332417.8106903783,13837.606913282461,14109.849289808537
2014-11-25T15:21:18.526,3.139995038509369,3,-31.364894011866042,134.07539716368825,60530.18520078886,-3827722.337584034,3953298.4005114767,-3332010.28213778,13832.56206325276,14104.803409136215
2014-11-25T15:21:18.546,3.159990906715393,3,-31.363443975282067,134.07733057063504,60405.06854721816,-3827840.183360853,3953153.1718108566,-3331806.5742236213,13829.977118371293,14102.21794258483
2014-11-25T15:21:18.626,3.240014612674713,2,-31.35764283090818,134.0850645389638,59904.68464993345,-3828311.5776517154,3952572.243226145,-3330991.723235069,13819.198973047418,14091.437566618808
2014-11-25T15:21:18.686,3.3000022172927856,2,-31.353296306565753,134.09085819940918,59529.94751524465,-3828664.6979116313,3952137.071106324,-3330381.320439684,13810.644769219878,14082.881585393265
2014-11-25T15:21:18.726,3.339993953704834,2,-31.350399718969655,134.09471868625172,59280.30132772275,-3828899.9875921947,3951847.108958338,-3329974.5992881563,13804.704826282461,14076.940402954835
2014-11-25T15:21:18.786,3.3999815583229065,3,-31.346056583268254,134.1005063505905,58906.10854877434,-3829252.7281180574,3951412.4048084742,-3329364.852900103,13795.423565507283,14067.657212907607
2014-11-25T15:21:18.826,3.4400135278701782,3,-31.34315947459564,134.10436654569966,58656.585590346556,-3829487.9905072,3951122.4762934074,-3328958.1789244562,13788.972456109808,14061.20473967894
2014-11-25T15:21:18.846,3.4600093960762024,3,-31.341712760752657,134.1062940432512,58532.007805870235,-3829605.461819596,3950977.709068651,-3328755.11830856,13785.670461950205,14057.902049333978
2014-11-25T15:21:18.926,3.539992868900299,3,-31.3359286028722,134.11399945699,58034.09645328741,-3830075.0586941834,3950398.995552116,-3327943.37432927,13771.911289684651,14044.139995133097
2014-11-25T15:21:18.946,3.5599887371063232,3,-31.33448326756112,134.1159246269755,57909.721065507794,-3830192.383426833,3950254.408966723,-3327740.5670907563,13768.32921181507,14040.557163106478
2014-11-25T15:21:19.026,3.6400124430656433,3,-31.328702022493548,134.12362419803011,57412.39498794453,-3830661.6053457847,3949676.1575314035,-3326929.4712588373,13753.396022930525,14025.620764206133
2014-11-25T15:21:19.046,3.6600083112716675,3,-31.327258220852897,134.1255468354243,57288.23506743021,-3830778.7710268116,3949531.7669552444,-3326726.9389565587,13749.510366056507,14021.734290635162
2014-11-25T15:21:19.126,3.739991784095764,3,-31.321486346444114,134.13323197068888,56792.04848838003,-3831247.0944170854,3948954.6228328547,-3325917.3963190587,13733.32089200359,14005.541341398197
2014-11-25T15:21:19.186,3.7999793887138367,3,-31.317161135889243,134.13898987781738,56420.400802275566,-3831597.9648888106,3948522.223267337,-3325310.882501896,13720.469945773533,13992.687616829084
2014-11-25T15:21:19.226,3.8400113582611084,3,-31.314276633764187,134.14282936414327,56172.63040896207,-3831831.927581203,3948233.8964496357,-3324906.455178791,13711.539489529223,13983.755240291488
2014-11-25T15:21:19.286,3.899998962879181,3,-31.3099571881382,134.1485781375481,55801.72680789526,-3832182.2274793573,3947802.200037515,-3324300.927653672,13697.603044872896,13969.81575522166
2014-11-25T15:21:19.326,3.9399906992912292,3,-31.3070796231509,134.1524074191103,55554.71778893978,-3832415.559032028,3947514.6510126563,-3323897.591317107,13687.928774783564,13960.139387079294
2014-11-25T15:21:19.386,4.000018537044525,3,-31.302763648619024,134.15815011810813,55184.36019633278,-3832765.474858572,3947083.4279159354,-3323292.7276972104,13672.807294971863,13945.01457998417
